category,post_index,filename,window_title,scraped_at,raw,cleaned,label_disruption,label_type,source
lrtkelanajaya故障 - 小红书搜索 - Google Chrome,1,mock_post_1.png,lrtkelanajaya故障 - 小红书搜索 - Google Chrome,2026-02-22T08:01:00,"Xiaoxuan Talk Malaysia Official
focus on
General city transport post not related to outage or malfunction at KLCC.
People shared regular commute and station photos
No emergency notice was posted
There are 8 comments in total
author
reply
Show 1 replies
Say something",General city transport post not related to outage or malfunction at KLCC People shared regular commute and station photos No emergency notice was posted There are 8 comments in total author reply Show 1 replies Say something,0,normal_general,synthetic_mock
🇲🇾LRT KelanajayaLine通告，列车降速 - 小红书 - Google Chrome,2,mock_post_2.png,🇲🇾LRT KelanajayaLine通告，列车降速 - 小红书 - Google Chrome,2026-02-22T08:02:00,"City transit watcher
focus on
Kelana Jaya line maintenance phase affected frequency and caused crowding at stations at KLCC.
Passengers shared delay slip and crowding evidence during rush hour
Rapid KL staff guided queue and temporary shuttle arrangement
There are 18 comments in total
author
reply
Show 1 replies
Say something",Kelana Jaya line maintenance phase affected frequency and caused crowding at stations at KLCC Passengers shared delay slip and crowding evidence during rush hour Rapid KL staff guided queue and temporary shuttle arrangement There are 18 comments in total author reply Show 1 replies Say something,1,incident_maintenance_impact,synthetic_mock
lrtkelanajaya线 - 小红书搜索 - Google Chrome,3,mock_post_3.png,lrtkelanajaya线 - 小红书搜索 - Google Chrome,2026-02-22T08:03:00,"Xiaoxuan Talk Malaysia Official
focus on
No disruption observed and transfer between lines completed without waiting at Kelana Jaya.
People shared regular commute and station photos
No emergency notice was posted
Malaysia transport update 2024-09-20
There are 1 comments in total
author
reply
Show 3 replies
Say something",No disruption observed and transfer between lines completed without waiting at Kelana Jaya People shared regular commute and station photos No emergency notice was posted Malaysia transport update 2024 09 20 There are 1 comments in total author reply Show 3 replies Say something,0,normal_no_incident,synthetic_mock
mrt kajang - 小红书搜索 - Google Chrome,4,mock_post_4.png,mrt kajang - 小红书搜索 - Google Chrome,2026-02-22T08:04:00,"Rapid commuter diary
focus on
Kelana Jaya line maintenance phase affected frequency and caused crowding at stations at Masjid Jamek.
Passengers shared delay slip and crowding evidence during rush hour
Rapid KL staff guided queue and temporary shuttle arrangement
Malaysia transport update 2026-05-26
There are 1 comments in total
author
reply
Show 1 replies
Say something",Kelana Jaya line maintenance phase affected frequency and caused crowding at stations at Masjid Jamek Passengers shared delay slip and crowding evidence during rush hour Rapid KL staff guided queue and temporary shuttle arrangement Malaysia transport update 2026 05 26 There are 1 comments in total author reply Show 1 replies Say something,1,incident_maintenance_impact,synthetic_mock
mrt fault - 小红书搜索 - Google Chrome,5,mock_post_5.png,mrt fault - 小红书搜索 - Google Chrome,2026-02-22T08:05:00,"Ootashi store
focus on
Commuting to work was smooth and station crowd level was manageable today at Gombak.
People shared regular commute and station photos
No emergency notice was posted
Malaysia transport update 2025-02-03
There are 13 comments in total
author
reply
Show 1 replies
Say something",Commuting to work was smooth and station crowd level was manageable today at Gombak People shared regular commute and station photos No emergency notice was posted Malaysia transport update 2025 02 03 There are 13 comments in total author reply Show 1 replies Say something,0,normal_commute,synthetic_mock
lrt klcc - 小红书搜索 - Google Chrome,6,mock_post_6.png,lrt klcc - 小红书搜索 - Google Chrome,2026-02-22T08:06:00,"Leisurely kitten
focus on
Commuters reported long queue and train delay after track maintenance at Universiti station at KL Sentral.
Passengers shared delay slip and crowding evidence during rush hour
Rapid KL staff guided queue and temporary shuttle arrangement
There are 15 comments in total
author
reply
Show 3 replies
Say something",Commuters reported long queue and train delay after track maintenance at Universiti station at KL Sentral Passengers shared delay slip and crowding evidence during rush hour Rapid KL staff guided queue and temporary shuttle arrangement There are 15 comments in total author reply Show 3 replies Say something,1,incident_delay,synthetic_mock
lrtkelanajaya线 - 小红书搜索 - Google Chrome,7,mock_post_7.png,lrtkelanajaya线 - 小红书搜索 - Google Chrome,2026-02-22T08:07:00,"Little Red Potato 66A1
focus on
No disruption observed and transfer between lines completed without waiting at KLCC.
People shared regular commute and station photos
No emergency notice was posted
Malaysia transport update 2026-10-28
There are 12 comments in total
author
reply
Show 3 replies
Say something",No disruption observed and transfer between lines completed without waiting at KLCC People shared regular commute and station photos No emergency notice was posted Malaysia transport update 2026 10 28 There are 12 comments in total author reply Show 3 replies Say something,0,normal_no_incident,synthetic_mock
lrtkelanajaya线 - 小红书搜索 - Google Chrome,8,mock_post_8.png,lrtkelanajaya线 - 小红书搜索 - Google Chrome,2026-02-22T08:08:00,"Xiaoxuan Talk Malaysia Official
focus on
Kelana Jaya line maintenance phase affected frequency and caused crowding at stations at KLCC.
Passengers shared delay slip and crowding evidence during rush hour
Rapid KL staff guided queue and temporary shuttle arrangement
There are 10 comments in total
author
reply
Show 1 replies
Say something",Kelana Jaya line maintenance phase affected frequency and caused crowding at stations at KLCC Passengers shared delay slip and crowding evidence during rush hour Rapid KL staff guided queue and temporary shuttle arrangement There are 10 comments in total author reply Show 1 replies Say something,1,incident_maintenance_impact,synthetic_mock
🇲🇾LRT停运 注意了‼️ - 小红书 - Google Chrome,9,mock_post_9.png,🇲🇾LRT停运 注意了‼️ - 小红书 - Google Chrome,2026-02-22T08:09:00,"Leisurely kitten
focus on
Normal operation resumed and train intervals are back to schedule at Wangsa Maju.
People shared regular commute and station photos
No emergency notice was posted
Malaysia transport update 2025-03-12
There are 12 comments in total
author
reply
Show 1 replies
Say something",Normal operation resumed and train intervals are back to schedule at Wangsa Maju People shared regular commute and station photos No emergency notice was posted Malaysia transport update 2025 03 12 There are 12 comments in total author reply Show 1 replies Say something,0,normal_operation,synthetic_mock
lrtkelanajaya线 - 小红书搜索 - Google Chrome,10,mock_post_10.png,lrtkelanajaya线 - 小红书搜索 - Google Chrome,2026-02-22T08:10:00,"Little Red Potato 66A1
focus on
Commuters reported long queue and train delay after track maintenance at Universiti station at KLCC.
Passengers shared delay slip and crowding evidence during rush hour
Rapid KL staff guided queue and temporary shuttle arrangement
There are 18 comments in total
author
reply
Show 3 replies
Say something",Commuters reported long queue and train delay after track maintenance at Universiti station at KLCC Passengers shared delay slip and crowding evidence during rush hour Rapid KL staff guided queue and temporary shuttle arrangement There are 18 comments in total author reply Show 3 replies Say something,1,incident_delay,synthetic_mock
mrt fault - 小红书搜索 - Google Chrome,11,mock_post_11.png,mrt fault - 小红书搜索 - Google Chrome,2026-02-22T08:11:00,"Rapid commuter diary
focus on
Service update says all lines are stable with no major delay this morning at Ampang Park.
People shared regular commute and station photos
No emergency notice was posted
Malaysia transport update 2026-12-18
There are 8 comments in total
author
reply
Show 3 replies
Say something",Service update says all lines are stable with no major delay this morning at Ampang Park People shared regular commute and station photos No emergency notice was posted Malaysia transport update 2026 12 18 There are 8 comments in total author reply Show 3 replies Say something,0,normal_update,synthetic_mock
🇲🇾LRT KelanajayaLine通告，列车降速 - 小红书 - Google Chrome,12,mock_post_12.png,🇲🇾LRT KelanajayaLine通告，列车降速 - 小红书 - Google Chrome,2026-02-22T08:12:00,"KL daily commuter
focus on
LRT Kelana Jaya line had a signaling issue during peak hour and trains moved slowly at Universiti.
Passengers shared delay slip and crowding evidence during rush hour
Rapid KL staff guided queue and temporary shuttle arrangement
Malaysia transport update 2025-07-09
There are 3 comments in total
author
reply
Show 1 replies
Say something",LRT Kelana Jaya line had a signaling issue during peak hour and trains moved slowly at Universiti Passengers shared delay slip and crowding evidence during rush hour Rapid KL staff guided queue and temporary shuttle arrangement Malaysia transport update 2025 07 09 There are 3 comments in total author reply Show 1 replies Say something,1,incident_breakdown,synthetic_mock
mrtkajang问题 - 小红书搜索 - Google Chrome,13,mock_post_13.png,mrtkajang问题 - 小红书搜索 - Google Chrome,2026-02-22T08:13:00,"Ootashi store
focus on
General city transport post not related to outage or malfunction at Putra Heights.
People shared regular commute and station photos
No emergency notice was posted
There are 13 comments in total
author
reply
Show 3 replies
Say something",General city transport post not related to outage or malfunction at Putra Heights People shared regular commute and station photos No emergency notice was posted There are 13 comments in total author reply Show 3 replies Say something,0,normal_general,synthetic_mock
mrt kajang - 小红书搜索 - Google Chrome,14,mock_post_14.png,mrt kajang - 小红书搜索 - Google Chrome,2026-02-22T08:14:00,"Ootashi store
focus on
Rapid KL announced temporary service disruption between KLCC and Gombak with shuttle support at Gombak.
Passengers shared delay slip and crowding evidence during rush hour
Rapid KL staff guided queue and temporary shuttle arrangement
Malaysia transport update 2026-09-09
There are 14 comments in total
author
reply
Show 3 replies
Say something",Rapid KL announced temporary service disruption between KLCC and Gombak with shuttle support at Gombak Passengers shared delay slip and crowding evidence during rush hour Rapid KL staff guided queue and temporary shuttle arrangement Malaysia transport update 2026 09 09 There are 14 comments in total author reply Show 3 replies Say something,1,incident_service_disruption,synthetic_mock
🇲🇾LRT停运 注意了‼️ - 小红书 - Google Chrome,15,mock_post_15.png,🇲🇾LRT停运 注意了‼️ - 小红书 - Google Chrome,2026-02-22T08:15:00,"Ootashi store
focus on
Commuting to work was smooth and station crowd level was manageable today at Universiti.
People shared regular commute and station photos
No emergency notice was posted
Malaysia transport update 2024-01-28
There are 4 comments in total
author
reply
Show 1 replies
Say something",Commuting to work was smooth and station crowd level was manageable today at Universiti People shared regular commute and station photos No emergency notice was posted Malaysia transport update 2024 01 28 There are 4 comments in total author reply Show 1 replies Say something,0,normal_commute,synthetic_mock
地铁 马来西亚 - 小红书搜索 - Google Chrome,16,mock_post_16.png,地铁 马来西亚 - 小红书搜索 - Google Chrome,2026-02-22T08:16:00,"Little Red Potato 66A1
focus on
Rapid KL announced temporary service disruption between KLCC and Gombak with shuttle support at Wangsa Maju.
Passengers shared delay slip and crowding evidence during rush hour
Rapid KL staff guided queue and temporary shuttle arrangement
Malaysia transport update 2025-10-15
There are 17 comments in total
author
reply
Show 2 replies
Say something",Rapid KL announced temporary service disruption between KLCC and Gombak with shuttle support at Wangsa Maju Passengers shared delay slip and crowding evidence during rush hour Rapid KL staff guided queue and temporary shuttle arrangement Malaysia transport update 2025 10 15 There are 17 comments in total author reply Show 2 replies Say something,1,incident_service_disruption,synthetic_mock
mrt fault - 小红书搜索 - Google Chrome,17,mock_post_17.png,mrt fault - 小红书搜索 - Google Chrome,2026-02-22T08:17:00,"City transit watcher
focus on
Normal operation resumed and train intervals are back to schedule at KLCC.
People shared regular commute and station photos
No emergency notice was posted
There are 9 comments in total
author
reply
Show 3 replies
Say something",Normal operation resumed and train intervals are back to schedule at KLCC People shared regular commute and station photos No emergency notice was posted There are 9 comments in total author reply Show 3 replies Say something,0,normal_operation,synthetic_mock
lrtkelanajaya故障 - 小红书搜索 - Google Chrome,18,mock_post_18.png,lrtkelanajaya故障 - 小红书搜索 - Google Chrome,2026-02-22T08:18:00,"Rapid commuter diary
focus on
LRT Kelana Jaya line had a signaling issue during peak hour and trains moved slowly at Gombak.
Passengers shared delay slip and crowding evidence during rush hour
Rapid KL staff guided queue and temporary shuttle arrangement
Malaysia transport update 2024-12-24
There are 9 comments in total
author
reply
Show 3 replies
Say something",LRT Kelana Jaya line had a signaling issue during peak hour and trains moved slowly at Gombak Passengers shared delay slip and crowding evidence during rush hour Rapid KL staff guided queue and temporary shuttle arrangement Malaysia transport update 2024 12 24 There are 9 comments in total author reply Show 3 replies Say something,1,incident_breakdown,synthetic_mock
lrtkelanajaya线 - 小红书搜索 - Google Chrome,19,mock_post_19.png,lrtkelanajaya线 - 小红书搜索 - Google Chrome,2026-02-22T08:19:00,"KL daily commuter
focus on
Routine travel post about route tips and fare sharing at KLCC.
People shared regular commute and station photos
No emergency notice was posted
There are 17 comments in total
author
reply
Show 3 replies
Say something",Routine travel post about route tips and fare sharing at KLCC People shared regular commute and station photos No emergency notice was posted There are 17 comments in total author reply Show 3 replies Say something,0,normal_travel_tip,synthetic_mock
lrt is bad again - Xiaohongshu search - Google Chrome,20,mock_post_20.png,lrt is bad again - Xiaohongshu search - Google Chrome,2026-02-22T08:20:00,"KL daily commuter
focus on
Rapid KL announced temporary service disruption between KLCC and Gombak with shuttle support at Putra Heights.
Passengers shared delay slip and crowding evidence during rush hour
Rapid KL staff guided queue and temporary shuttle arrangement
Malaysia transport update 2026-01-20
There are 11 comments in total
author
reply
Show 2 replies
Say something",Rapid KL announced temporary service disruption between KLCC and Gombak with shuttle support at Putra Heights Passengers shared delay slip and crowding evidence during rush hour Rapid KL staff guided queue and temporary shuttle arrangement Malaysia transport update 2026 01 20 There are 11 comments in total author reply Show 2 replies Say something,1,incident_service_disruption,synthetic_mock
lrtkelanajaya线 - 小红书搜索 - Google Chrome,21,mock_post_21.png,lrtkelanajaya线 - 小红书搜索 - Google Chrome,2026-02-22T08:21:00,"KL daily commuter
focus on
Normal operation resumed and train intervals are back to schedule at Putra Heights.
People shared regular commute and station photos
No emergency notice was posted
There are 8 comments in total
author
reply
Show 1 replies
Say something",Normal operation resumed and train intervals are back to schedule at Putra Heights People shared regular commute and station photos No emergency notice was posted There are 8 comments in total author reply Show 1 replies Say something,0,normal_operation,synthetic_mock
lrtkelanajaya故障 - 小红书搜索 - Google Chrome,22,mock_post_22.png,lrtkelanajaya故障 - 小红书搜索 - Google Chrome,2026-02-22T08:22:00,"Xiaoxuan Talk Malaysia Official
focus on
Passengers were asked to get off at Pasar Seni due to train fault and wait for replacement at KLCC.
Passengers shared delay slip and crowding evidence during rush hour
Rapid KL staff guided queue and temporary shuttle arrangement
There are 3 comments in total
author
reply
Show 3 replies
Say something",Passengers were asked to get off at Pasar Seni due to train fault and wait for replacement at KLCC Passengers shared delay slip and crowding evidence during rush hour Rapid KL staff guided queue and temporary shuttle arrangement There are 3 comments in total author reply Show 3 replies Say something,1,incident_train_fault,synthetic_mock
lrtkelanajaya线 - 小红书搜索 - Google Chrome,23,mock_post_23.png,lrtkelanajaya线 - 小红书搜索 - Google Chrome,2026-02-22T08:23:00,"Little Red Potato 66A1
focus on
Service update says all lines are stable with no major delay this morning at Ampang Park.
People shared regular commute and station photos
No emergency notice was posted
Malaysia transport update 2026-10-14
There are 7 comments in total
author
reply
Show 3 replies
Say something",Service update says all lines are stable with no major delay this morning at Ampang Park People shared regular commute and station photos No emergency notice was posted Malaysia transport update 2026 10 14 There are 7 comments in total author reply Show 3 replies Say something,0,normal_update,synthetic_mock
地铁 马来西亚 - 小红书搜索 - Google Chrome,24,mock_post_24.png,地铁 马来西亚 - 小红书搜索 - Google Chrome,2026-02-22T08:24:00,"Rapid commuter diary
focus on
Kelana Jaya line maintenance phase affected frequency and caused crowding at stations at Gombak.
Passengers shared delay slip and crowding evidence during rush hour
Rapid KL staff guided queue and temporary shuttle arrangement
There are 12 comments in total
author
reply
Show 2 replies
Say something",Kelana Jaya line maintenance phase affected frequency and caused crowding at stations at Gombak Passengers shared delay slip and crowding evidence during rush hour Rapid KL staff guided queue and temporary shuttle arrangement There are 12 comments in total author reply Show 2 replies Say something,1,incident_maintenance_impact,synthetic_mock
🇲🇾LRT KelanajayaLine通告，列车降速 - 小红书 - Google Chrome,25,mock_post_25.png,🇲🇾LRT KelanajayaLine通告，列车降速 - 小红书 - Google Chrome,2026-02-22T08:25:00,"Ootashi store
focus on
No disruption observed and transfer between lines completed without waiting at KLCC.
People shared regular commute and station photos
No emergency notice was posted
Malaysia transport update 2025-01-19
There are 18 comments in total
author
reply
Show 1 replies
Say something",No disruption observed and transfer between lines completed without waiting at KLCC People shared regular commute and station photos No emergency notice was posted Malaysia transport update 2025 01 19 There are 18 comments in total author reply Show 1 replies Say something,0,normal_no_incident,synthetic_mock
lrt klcc - 小红书搜索 - Google Chrome,26,mock_post_26.png,lrt klcc - 小红书搜索 - Google Chrome,2026-02-22T08:26:00,"Xiaoxuan Talk Malaysia Official
focus on
Rapid KL announced temporary service disruption between KLCC and Gombak with shuttle support at Kelana Jaya.
Passengers shared delay slip and crowding evidence during rush hour
Rapid KL staff guided queue and temporary shuttle arrangement
There are 2 comments in total
author
reply
Show 1 replies
Say something",Rapid KL announced temporary service disruption between KLCC and Gombak with shuttle support at Kelana Jaya Passengers shared delay slip and crowding evidence during rush hour Rapid KL staff guided queue and temporary shuttle arrangement There are 2 comments in total author reply Show 1 replies Say something,1,incident_service_disruption,synthetic_mock
lrtkelanajaya故障 - 小红书搜索 - Google Chrome,27,mock_post_27.png,lrtkelanajaya故障 - 小红书搜索 - Google Chrome,2026-02-22T08:27:00,"Xiaoxuan Talk Malaysia Official
focus on
Normal operation resumed and train intervals are back to schedule at Putra Heights.
People shared regular commute and station photos
No emergency notice was posted
Malaysia transport update 2025-11-16
There are 7 comments in total
author
reply
Show 3 replies
Say something",Normal operation resumed and train intervals are back to schedule at Putra Heights People shared regular commute and station photos No emergency notice was posted Malaysia transport update 2025 11 16 There are 7 comments in total author reply Show 3 replies Say something,0,normal_operation,synthetic_mock
🇲🇾LRT停运 注意了‼️ - 小红书 - Google Chrome,28,mock_post_28.png,🇲🇾LRT停运 注意了‼️ - 小红书 - Google Chrome,2026-02-22T08:28:00,"Little Red Potato 66A1
focus on
Kelana Jaya line maintenance phase affected frequency and caused crowding at stations at KL Sentral.
Passengers shared delay slip and crowding evidence during rush hour
Rapid KL staff guided queue and temporary shuttle arrangement
Malaysia transport update 2025-07-07
There are 4 comments in total
author
reply
Show 1 replies
Say something",Kelana Jaya line maintenance phase affected frequency and caused crowding at stations at KL Sentral Passengers shared delay slip and crowding evidence during rush hour Rapid KL staff guided queue and temporary shuttle arrangement Malaysia transport update 2025 07 07 There are 4 comments in total author reply Show 1 replies Say something,1,incident_maintenance_impact,synthetic_mock
mrt kajang - 小红书搜索 - Google Chrome,29,mock_post_29.png,mrt kajang - 小红书搜索 - Google Chrome,2026-02-22T08:29:00,"Rapid commuter diary
focus on
No disruption observed and transfer between lines completed without waiting at Putra Heights.
People shared regular commute and station photos
No emergency notice was posted
Malaysia transport update 2026-01-22
There are 4 comments in total
author
reply
Show 1 replies
Say something",No disruption observed and transfer between lines completed without waiting at Putra Heights People shared regular commute and station photos No emergency notice was posted Malaysia transport update 2026 01 22 There are 4 comments in total author reply Show 1 replies Say something,0,normal_no_incident,synthetic_mock
lrtkelanajaya线 - 小红书搜索 - Google Chrome,30,mock_post_30.png,lrtkelanajaya线 - 小红书搜索 - Google Chrome,2026-02-22T08:30:00,"KL daily commuter
focus on
Kelana Jaya line maintenance phase affected frequency and caused crowding at stations at Putra Heights.
Passengers shared delay slip and crowding evidence during rush hour
Rapid KL staff guided queue and temporary shuttle arrangement
There are 8 comments in total
author
reply
Show 1 replies
Say something",Kelana Jaya line maintenance phase affected frequency and caused crowding at stations at Putra Heights Passengers shared delay slip and crowding evidence during rush hour Rapid KL staff guided queue and temporary shuttle arrangement There are 8 comments in total author reply Show 1 replies Say something,1,incident_maintenance_impact,synthetic_mock
地铁 马来西亚 - 小红书搜索 - Google Chrome,31,mock_post_31.png,地铁 马来西亚 - 小红书搜索 - Google Chrome,2026-02-22T08:31:00,"Ootashi store
focus on
Routine travel post about route tips and fare sharing at Ampang Park.
People shared regular commute and station photos
No emergency notice was posted
Malaysia transport update 2025-08-08
There are 3 comments in total
author
reply
Show 2 replies
Say something",Routine travel post about route tips and fare sharing at Ampang Park People shared regular commute and station photos No emergency notice was posted Malaysia transport update 2025 08 08 There are 3 comments in total author reply Show 2 replies Say something,0,normal_travel_tip,synthetic_mock
lrtkelanajaya线 - 小红书搜索 - Google Chrome,32,mock_post_32.png,lrtkelanajaya线 - 小红书搜索 - Google Chrome,2026-02-22T08:32:00,"City transit watcher
focus on
LRT Kelana Jaya line had a signaling issue during peak hour and trains moved slowly at Kelana Jaya.
Passengers shared delay slip and crowding evidence during rush hour
Rapid KL staff guided queue and temporary shuttle arrangement
There are 1 comments in total
author
reply
Show 1 replies
Say something",LRT Kelana Jaya line had a signaling issue during peak hour and trains moved slowly at Kelana Jaya Passengers shared delay slip and crowding evidence during rush hour Rapid KL staff guided queue and temporary shuttle arrangement There are 1 comments in total author reply Show 1 replies Say something,1,incident_breakdown,synthetic_mock
mrt kajang - 小红书搜索 - Google Chrome,33,mock_post_33.png,mrt kajang - 小红书搜索 - Google Chrome,2026-02-22T08:33:00,"Rapid commuter diary
focus on
Service update says all lines are stable with no major delay this morning at Wangsa Maju.
People shared regular commute and station photos
No emergency notice was posted
Malaysia transport update 2025-01-06
There are 13 comments in total
author
reply
Show 1 replies
Say something",Service update says all lines are stable with no major delay this morning at Wangsa Maju People shared regular commute and station photos No emergency notice was posted Malaysia transport update 2025 01 06 There are 13 comments in total author reply Show 1 replies Say something,0,normal_update,synthetic_mock
lrtkelanajaya线 - 小红书搜索 - Google Chrome,34,mock_post_34.png,lrtkelanajaya线 - 小红书搜索 - Google Chrome,2026-02-22T08:34:00,"Leisurely kitten
focus on
Commuters reported long queue and train delay after track maintenance at Universiti station at Ampang Park.
Passengers shared delay slip and crowding evidence during rush hour
Rapid KL staff guided queue and temporary shuttle arrangement
Malaysia transport update 2026-09-22
There are 16 comments in total
author
reply
Show 1 replies
Say something",Commuters reported long queue and train delay after track maintenance at Universiti station at Ampang Park Passengers shared delay slip and crowding evidence during rush hour Rapid KL staff guided queue and temporary shuttle arrangement Malaysia transport update 2026 09 22 There are 16 comments in total author reply Show 1 replies Say something,1,incident_delay,synthetic_mock
mrt fault - 小红书搜索 - Google Chrome,35,mock_post_35.png,mrt fault - 小红书搜索 - Google Chrome,2026-02-22T08:35:00,"Xiaoxuan Talk Malaysia Official
focus on
Commuting to work was smooth and station crowd level was manageable today at Universiti.
People shared regular commute and station photos
No emergency notice was posted
There are 18 comments in total
author
reply
Show 1 replies
Say something",Commuting to work was smooth and station crowd level was manageable today at Universiti People shared regular commute and station photos No emergency notice was posted There are 18 comments in total author reply Show 1 replies Say something,0,normal_commute,synthetic_mock
lrtkelanajaya故障 - 小红书搜索 - Google Chrome,36,mock_post_36.png,lrtkelanajaya故障 - 小红书搜索 - Google Chrome,2026-02-22T08:36:00,"Little Red Potato 66A1
focus on
LRT Kelana Jaya line had a signaling issue during peak hour and trains moved slowly at Kelana Jaya.
Passengers shared delay slip and crowding evidence during rush hour
Rapid KL staff guided queue and temporary shuttle arrangement
Malaysia transport update 2026-03-02
There are 17 comments in total
author
reply
Show 1 replies
Say something",LRT Kelana Jaya line had a signaling issue during peak hour and trains moved slowly at Kelana Jaya Passengers shared delay slip and crowding evidence during rush hour Rapid KL staff guided queue and temporary shuttle arrangement Malaysia transport update 2026 03 02 There are 17 comments in total author reply Show 1 replies Say something,1,incident_breakdown,synthetic_mock
lrt klcc - 小红书搜索 - Google Chrome,37,mock_post_37.png,lrt klcc - 小红书搜索 - Google Chrome,2026-02-22T08:37:00,"Xiaoxuan Talk Malaysia Official
focus on
Normal operation resumed and train intervals are back to schedule at KL Sentral.
People shared regular commute and station photos
No emergency notice was posted
There are 8 comments in total
author
reply
Show 2 replies
Say something",Normal operation resumed and train intervals are back to schedule at KL Sentral People shared regular commute and station photos No emergency notice was posted There are 8 comments in total author reply Show 2 replies Say something,0,normal_operation,synthetic_mock
🇲🇾LRT停运 注意了‼️ - 小红书 - Google Chrome,38,mock_post_38.png,🇲🇾LRT停运 注意了‼️ - 小红书 - Google Chrome,2026-02-22T08:38:00,"Little Red Potato 66A1
focus on
Passengers were asked to get off at Pasar Seni due to train fault and wait for replacement at Universiti.
Passengers shared delay slip and crowding evidence during rush hour
Rapid KL staff guided queue and temporary shuttle arrangement
There are 3 comments in total
author
reply
Show 2 replies
Say something",Passengers were asked to get off at Pasar Seni due to train fault and wait for replacement at Universiti Passengers shared delay slip and crowding evidence during rush hour Rapid KL staff guided queue and temporary shuttle arrangement There are 3 comments in total author reply Show 2 replies Say something,1,incident_train_fault,synthetic_mock
mrt - 小红书搜索 - Google Chrome,39,mock_post_39.png,mrt - 小红书搜索 - Google Chrome,2026-02-22T08:39:00,"Little Red Potato 66A1
focus on
Routine travel post about route tips and fare sharing at KL Sentral.
People shared regular commute and station photos
No emergency notice was posted
Malaysia transport update 2025-04-22
There are 11 comments in total
author
reply
Show 1 replies
Say something",Routine travel post about route tips and fare sharing at KL Sentral People shared regular commute and station photos No emergency notice was posted Malaysia transport update 2025 04 22 There are 11 comments in total author reply Show 1 replies Say something,0,normal_travel_tip,synthetic_mock
lrt klcc - 小红书搜索 - Google Chrome,40,mock_post_40.png,lrt klcc - 小红书搜索 - Google Chrome,2026-02-22T08:40:00,"City transit watcher
focus on
Power trip caused brief outage and service resumed after technicians completed repair at Pasar Seni.
Passengers shared delay slip and crowding evidence during rush hour
Rapid KL staff guided queue and temporary shuttle arrangement
There are 15 comments in total
author
reply
Show 2 replies
Say something",Power trip caused brief outage and service resumed after technicians completed repair at Pasar Seni Passengers shared delay slip and crowding evidence during rush hour Rapid KL staff guided queue and temporary shuttle arrangement There are 15 comments in total author reply Show 2 replies Say something,1,incident_power_outage,synthetic_mock
地铁 马来西亚 - 小红书搜索 - Google Chrome,41,mock_post_41.png,地铁 马来西亚 - 小红书搜索 - Google Chrome,2026-02-22T08:41:00,"Little Red Potato 66A1
focus on
Normal operation resumed and train intervals are back to schedule at Ampang Park.
People shared regular commute and station photos
No emergency notice was posted
There are 4 comments in total
author
reply
Show 1 replies
Say something",Normal operation resumed and train intervals are back to schedule at Ampang Park People shared regular commute and station photos No emergency notice was posted There are 4 comments in total author reply Show 1 replies Say something,0,normal_operation,synthetic_mock
lrtkelanajaya故障 - 小红书搜索 - Google Chrome,42,mock_post_42.png,lrtkelanajaya故障 - 小红书搜索 - Google Chrome,2026-02-22T08:42:00,"Leisurely kitten
focus on
Rapid KL announced temporary service disruption between KLCC and Gombak with shuttle support at Masjid Jamek.
Passengers shared delay slip and crowding evidence during rush hour
Rapid KL staff guided queue and temporary shuttle arrangement
Malaysia transport update 2025-02-08
There are 12 comments in total
author
reply
Show 2 replies
Say something",Rapid KL announced temporary service disruption between KLCC and Gombak with shuttle support at Masjid Jamek Passengers shared delay slip and crowding evidence during rush hour Rapid KL staff guided queue and temporary shuttle arrangement Malaysia transport update 2025 02 08 There are 12 comments in total author reply Show 2 replies Say something,1,incident_service_disruption,synthetic_mock
🇲🇾LRT停运 注意了‼️ - 小红书 - Google Chrome,43,mock_post_43.png,🇲🇾LRT停运 注意了‼️ - 小红书 - Google Chrome,2026-02-22T08:43:00,"City transit watcher
focus on
No disruption observed and transfer between lines completed without waiting at Masjid Jamek.
People shared regular commute and station photos
No emergency notice was posted
Malaysia transport update 2026-09-01
There are 18 comments in total
author
reply
Show 2 replies
Say something",No disruption observed and transfer between lines completed without waiting at Masjid Jamek People shared regular commute and station photos No emergency notice was posted Malaysia transport update 2026 09 01 There are 18 comments in total author reply Show 2 replies Say something,0,normal_no_incident,synthetic_mock
mrt - 小红书搜索 - Google Chrome,44,mock_post_44.png,mrt - 小红书搜索 - Google Chrome,2026-02-22T08:44:00,"Leisurely kitten
focus on
LRT Kelana Jaya line had a signaling issue during peak hour and trains moved slowly at Pasar Seni.
Passengers shared delay slip and crowding evidence during rush hour
Rapid KL staff guided queue and temporary shuttle arrangement
Malaysia transport update 2024-12-18
There are 5 comments in total
author
reply
Show 2 replies
Say something",LRT Kelana Jaya line had a signaling issue during peak hour and trains moved slowly at Pasar Seni Passengers shared delay slip and crowding evidence during rush hour Rapid KL staff guided queue and temporary shuttle arrangement Malaysia transport update 2024 12 18 There are 5 comments in total author reply Show 2 replies Say something,1,incident_breakdown,synthetic_mock
mrtkajang问题 - 小红书搜索 - Google Chrome,45,mock_post_45.png,mrtkajang问题 - 小红书搜索 - Google Chrome,2026-02-22T08:45:00,"City transit watcher
focus on
Routine travel post about route tips and fare sharing at Universiti.
People shared regular commute and station photos
No emergency notice was posted
Malaysia transport update 2026-11-28
There are 9 comments in total
author
reply
Show 3 replies
Say something",Routine travel post about route tips and fare sharing at Universiti People shared regular commute and station photos No emergency notice was posted Malaysia transport update 2026 11 28 There are 9 comments in total author reply Show 3 replies Say something,0,normal_travel_tip,synthetic_mock
lrt is bad again - Xiaohongshu search - Google Chrome,46,mock_post_46.png,lrt is bad again - Xiaohongshu search - Google Chrome,2026-02-22T08:46:00,"Xiaoxuan Talk Malaysia Official
focus on
Commuters reported long queue and train delay after track maintenance at Universiti station at Kelana Jaya.
Passengers shared delay slip and crowding evidence during rush hour
Rapid KL staff guided queue and temporary shuttle arrangement
There are 9 comments in total
author
reply
Show 1 replies
Say something",Commuters reported long queue and train delay after track maintenance at Universiti station at Kelana Jaya Passengers shared delay slip and crowding evidence during rush hour Rapid KL staff guided queue and temporary shuttle arrangement There are 9 comments in total author reply Show 1 replies Say something,1,incident_delay,synthetic_mock
mrtkajang问题 - 小红书搜索 - Google Chrome,47,mock_post_47.png,mrtkajang问题 - 小红书搜索 - Google Chrome,2026-02-22T08:47:00,"City transit watcher
focus on
Commuting to work was smooth and station crowd level was manageable today at Pasar Seni.
People shared regular commute and station photos
No emergency notice was posted
There are 6 comments in total
author
reply
Show 3 replies
Say something",Commuting to work was smooth and station crowd level was manageable today at Pasar Seni People shared regular commute and station photos No emergency notice was posted There are 6 comments in total author reply Show 3 replies Say something,0,normal_commute,synthetic_mock
mrt fault - 小红书搜索 - Google Chrome,48,mock_post_48.png,mrt fault - 小红书搜索 - Google Chrome,2026-02-22T08:48:00,"Little Red Potato 66A1
focus on
Passengers were asked to get off at Pasar Seni due to train fault and wait for replacement at Wangsa Maju.
Passengers shared delay slip and crowding evidence during rush hour
Rapid KL staff guided queue and temporary shuttle arrangement
Malaysia transport update 2024-12-05
There are 18 comments in total
author
reply
Show 1 replies
Say something",Passengers were asked to get off at Pasar Seni due to train fault and wait for replacement at Wangsa Maju Passengers shared delay slip and crowding evidence during rush hour Rapid KL staff guided queue and temporary shuttle arrangement Malaysia transport update 2024 12 05 There are 18 comments in total author reply Show 1 replies Say something,1,incident_train_fault,synthetic_mock
lrtkelanajaya线 - 小红书搜索 - Google Chrome,49,mock_post_49.png,lrtkelanajaya线 - 小红书搜索 - Google Chrome,2026-02-22T08:49:00,"Ootashi store
focus on
Routine travel post about route tips and fare sharing at Masjid Jamek.
People shared regular commute and station photos
No emergency notice was posted
Malaysia transport update 2024-05-12
There are 2 comments in total
author
reply
Show 2 replies
Say something",Routine travel post about route tips and fare sharing at Masjid Jamek People shared regular commute and station photos No emergency notice was posted Malaysia transport update 2024 05 12 There are 2 comments in total author reply Show 2 replies Say something,0,normal_travel_tip,synthetic_mock
lrtkelanajaya故障 - 小红书搜索 - Google Chrome,50,mock_post_50.png,lrtkelanajaya故障 - 小红书搜索 - Google Chrome,2026-02-22T08:50:00,"City transit watcher
focus on
Kelana Jaya line maintenance phase affected frequency and caused crowding at stations at Universiti.
Passengers shared delay slip and crowding evidence during rush hour
Rapid KL staff guided queue and temporary shuttle arrangement
Malaysia transport update 2026-07-20
There are 5 comments in total
author
reply
Show 1 replies
Say something",Kelana Jaya line maintenance phase affected frequency and caused crowding at stations at Universiti Passengers shared delay slip and crowding evidence during rush hour Rapid KL staff guided queue and temporary shuttle arrangement Malaysia transport update 2026 07 20 There are 5 comments in total author reply Show 1 replies Say something,1,incident_maintenance_impact,synthetic_mock
lrtkelanajaya故障 - 小红书搜索 - Google Chrome,51,mock_post_51.png,lrtkelanajaya故障 - 小红书搜索 - Google Chrome,2026-02-22T08:51:00,"Xiaoxuan Talk Malaysia Official
focus on
Service update says all lines are stable with no major delay this morning at Wangsa Maju.
People shared regular commute and station photos
No emergency notice was posted
Malaysia transport update 2025-07-26
There are 8 comments in total
author
reply
Show 2 replies
Say something",Service update says all lines are stable with no major delay this morning at Wangsa Maju People shared regular commute and station photos No emergency notice was posted Malaysia transport update 2025 07 26 There are 8 comments in total author reply Show 2 replies Say something,0,normal_update,synthetic_mock
lrtkelanajaya线 - 小红书搜索 - Google Chrome,52,mock_post_52.png,lrtkelanajaya线 - 小红书搜索 - Google Chrome,2026-02-22T08:52:00,"Rapid commuter diary
focus on
Kelana Jaya line maintenance phase affected frequency and caused crowding at stations at KLCC.
Passengers shared delay slip and crowding evidence during rush hour
Rapid KL staff guided queue and temporary shuttle arrangement
There are 16 comments in total
author
reply
Show 1 replies
Say something",Kelana Jaya line maintenance phase affected frequency and caused crowding at stations at KLCC Passengers shared delay slip and crowding evidence during rush hour Rapid KL staff guided queue and temporary shuttle arrangement There are 16 comments in total author reply Show 1 replies Say something,1,incident_maintenance_impact,synthetic_mock
lrt is bad again - Xiaohongshu search - Google Chrome,53,mock_post_53.png,lrt is bad again - Xiaohongshu search - Google Chrome,2026-02-22T08:53:00,"Leisurely kitten
focus on
No disruption observed and transfer between lines completed without waiting at Putra Heights.
People shared regular commute and station photos
No emergency notice was posted
There are 8 comments in total
author
reply
Show 1 replies
Say something",No disruption observed and transfer between lines completed without waiting at Putra Heights People shared regular commute and station photos No emergency notice was posted There are 8 comments in total author reply Show 1 replies Say something,0,normal_no_incident,synthetic_mock
🇲🇾LRT停运 注意了‼️ - 小红书 - Google Chrome,54,mock_post_54.png,🇲🇾LRT停运 注意了‼️ - 小红书 - Google Chrome,2026-02-22T08:54:00,"Rapid commuter diary
focus on
Kelana Jaya line maintenance phase affected frequency and caused crowding at stations at Universiti.
Passengers shared delay slip and crowding evidence during rush hour
Rapid KL staff guided queue and temporary shuttle arrangement
Malaysia transport update 2024-05-12
There are 17 comments in total
author
reply
Show 2 replies
Say something",Kelana Jaya line maintenance phase affected frequency and caused crowding at stations at Universiti Passengers shared delay slip and crowding evidence during rush hour Rapid KL staff guided queue and temporary shuttle arrangement Malaysia transport update 2024 05 12 There are 17 comments in total author reply Show 2 replies Say something,1,incident_maintenance_impact,synthetic_mock
lrt klcc - 小红书搜索 - Google Chrome,55,mock_post_55.png,lrt klcc - 小红书搜索 - Google Chrome,2026-02-22T08:55:00,"Xiaoxuan Talk Malaysia Official
focus on
Routine travel post about route tips and fare sharing at Putra Heights.
People shared regular commute and station photos
No emergency notice was posted
Malaysia transport update 2025-03-19
There are 9 comments in total
author
reply
Show 1 replies
Say something",Routine travel post about route tips and fare sharing at Putra Heights People shared regular commute and station photos No emergency notice was posted Malaysia transport update 2025 03 19 There are 9 comments in total author reply Show 1 replies Say something,0,normal_travel_tip,synthetic_mock
🇲🇾LRT KelanajayaLine通告，列车降速 - 小红书 - Google Chrome,56,mock_post_56.png,🇲🇾LRT KelanajayaLine通告，列车降速 - 小红书 - Google Chrome,2026-02-22T08:56:00,"Leisurely kitten
focus on
Passengers were asked to get off at Pasar Seni due to train fault and wait for replacement at Wangsa Maju.
Passengers shared delay slip and crowding evidence during rush hour
Rapid KL staff guided queue and temporary shuttle arrangement
There are 11 comments in total
author
reply
Show 2 replies
Say something",Passengers were asked to get off at Pasar Seni due to train fault and wait for replacement at Wangsa Maju Passengers shared delay slip and crowding evidence during rush hour Rapid KL staff guided queue and temporary shuttle arrangement There are 11 comments in total author reply Show 2 replies Say something,1,incident_train_fault,synthetic_mock
lrt is bad again - Xiaohongshu search - Google Chrome,57,mock_post_57.png,lrt is bad again - Xiaohongshu search - Google Chrome,2026-02-22T08:57:00,"Rapid commuter diary
focus on
Routine travel post about route tips and fare sharing at KLCC.
People shared regular commute and station photos
No emergency notice was posted
There are 7 comments in total
author
reply
Show 2 replies
Say something",Routine travel post about route tips and fare sharing at KLCC People shared regular commute and station photos No emergency notice was posted There are 7 comments in total author reply Show 2 replies Say something,0,normal_travel_tip,synthetic_mock
mrt kajang - 小红书搜索 - Google Chrome,58,mock_post_58.png,mrt kajang - 小红书搜索 - Google Chrome,2026-02-22T08:58:00,"Xiaoxuan Talk Malaysia Official
focus on
Kelana Jaya line maintenance phase affected frequency and caused crowding at stations at Wangsa Maju.
Passengers shared delay slip and crowding evidence during rush hour
Rapid KL staff guided queue and temporary shuttle arrangement
Malaysia transport update 2026-11-24
There are 7 comments in total
author
reply
Show 2 replies
Say something",Kelana Jaya line maintenance phase affected frequency and caused crowding at stations at Wangsa Maju Passengers shared delay slip and crowding evidence during rush hour Rapid KL staff guided queue and temporary shuttle arrangement Malaysia transport update 2026 11 24 There are 7 comments in total author reply Show 2 replies Say something,1,incident_maintenance_impact,synthetic_mock
🇲🇾LRT停运 注意了‼️ - 小红书 - Google Chrome,59,mock_post_59.png,🇲🇾LRT停运 注意了‼️ - 小红书 - Google Chrome,2026-02-22T08:59:00,"Little Red Potato 66A1
focus on
Normal operation resumed and train intervals are back to schedule at Putra Heights.
People shared regular commute and station photos
No emergency notice was posted
Malaysia transport update 2024-12-10
There are 17 comments in total
author
reply
Show 2 replies
Say something",Normal operation resumed and train intervals are back to schedule at Putra Heights People shared regular commute and station photos No emergency notice was posted Malaysia transport update 2024 12 10 There are 17 comments in total author reply Show 2 replies Say something,0,normal_operation,synthetic_mock
lrtkelanajaya线 - 小红书搜索 - Google Chrome,60,mock_post_60.png,lrtkelanajaya线 - 小红书搜索 - Google Chrome,2026-02-22T09:00:00,"Rapid commuter diary
focus on
Power trip caused brief outage and service resumed after technicians completed repair at Putra Heights.
Passengers shared delay slip and crowding evidence during rush hour
Rapid KL staff guided queue and temporary shuttle arrangement
There are 18 comments in total
author
reply
Show 1 replies
Say something",Power trip caused brief outage and service resumed after technicians completed repair at Putra Heights Passengers shared delay slip and crowding evidence during rush hour Rapid KL staff guided queue and temporary shuttle arrangement There are 18 comments in total author reply Show 1 replies Say something,1,incident_power_outage,synthetic_mock
🇲🇾LRT KelanajayaLine通告，列车降速 - 小红书 - Google Chrome,61,mock_post_61.png,🇲🇾LRT KelanajayaLine通告，列车降速 - 小红书 - Google Chrome,2026-02-22T09:01:00,"City transit watcher
focus on
No disruption observed and transfer between lines completed without waiting at Wangsa Maju.
People shared regular commute and station photos
No emergency notice was posted
There are 6 comments in total
author
reply
Show 3 replies
Say something",No disruption observed and transfer between lines completed without waiting at Wangsa Maju People shared regular commute and station photos No emergency notice was posted There are 6 comments in total author reply Show 3 replies Say something,0,normal_no_incident,synthetic_mock
lrtkelanajaya线 - 小红书搜索 - Google Chrome,62,mock_post_62.png,lrtkelanajaya线 - 小红书搜索 - Google Chrome,2026-02-22T09:02:00,"Little Red Potato 66A1
focus on
Commuters reported long queue and train delay after track maintenance at Universiti station at Wangsa Maju.
Passengers shared delay slip and crowding evidence during rush hour
Rapid KL staff guided queue and temporary shuttle arrangement
There are 10 comments in total
author
reply
Show 2 replies
Say something",Commuters reported long queue and train delay after track maintenance at Universiti station at Wangsa Maju Passengers shared delay slip and crowding evidence during rush hour Rapid KL staff guided queue and temporary shuttle arrangement There are 10 comments in total author reply Show 2 replies Say something,1,incident_delay,synthetic_mock
mrtkajang问题 - 小红书搜索 - Google Chrome,63,mock_post_63.png,mrtkajang问题 - 小红书搜索 - Google Chrome,2026-02-22T09:03:00,"Little Red Potato 66A1
focus on
No disruption observed and transfer between lines completed without waiting at KL Sentral.
People shared regular commute and station photos
No emergency notice was posted
There are 15 comments in total
author
reply
Show 2 replies
Say something",No disruption observed and transfer between lines completed without waiting at KL Sentral People shared regular commute and station photos No emergency notice was posted There are 15 comments in total author reply Show 2 replies Say something,0,normal_no_incident,synthetic_mock
地铁 马来西亚 - 小红书搜索 - Google Chrome,64,mock_post_64.png,地铁 马来西亚 - 小红书搜索 - Google Chrome,2026-02-22T09:04:00,"Little Red Potato 66A1
focus on
Kelana Jaya line maintenance phase affected frequency and caused crowding at stations at Universiti.
Passengers shared delay slip and crowding evidence during rush hour
Rapid KL staff guided queue and temporary shuttle arrangement
Malaysia transport update 2026-03-22
There are 3 comments in total
author
reply
Show 2 replies
Say something",Kelana Jaya line maintenance phase affected frequency and caused crowding at stations at Universiti Passengers shared delay slip and crowding evidence during rush hour Rapid KL staff guided queue and temporary shuttle arrangement Malaysia transport update 2026 03 22 There are 3 comments in total author reply Show 2 replies Say something,1,incident_maintenance_impact,synthetic_mock
lrtkelanajaya故障 - 小红书搜索 - Google Chrome,65,mock_post_65.png,lrtkelanajaya故障 - 小红书搜索 - Google Chrome,2026-02-22T09:05:00,"Leisurely kitten
focus on
General city transport post not related to outage or malfunction at KL Sentral.
People shared regular commute and station photos
No emergency notice was posted
Malaysia transport update 2024-11-10
There are 8 comments in total
author
reply
Show 1 replies
Say something",General city transport post not related to outage or malfunction at KL Sentral People shared regular commute and station photos No emergency notice was posted Malaysia transport update 2024 11 10 There are 8 comments in total author reply Show 1 replies Say something,0,normal_general,synthetic_mock
mrt kajang - 小红书搜索 - Google Chrome,66,mock_post_66.png,mrt kajang - 小红书搜索 - Google Chrome,2026-02-22T09:06:00,"Ootashi store
focus on
LRT Kelana Jaya line had a signaling issue during peak hour and trains moved slowly at Kelana Jaya.
Passengers shared delay slip and crowding evidence during rush hour
Rapid KL staff guided queue and temporary shuttle arrangement
There are 3 comments in total
author
reply
Show 2 replies
Say something",LRT Kelana Jaya line had a signaling issue during peak hour and trains moved slowly at Kelana Jaya Passengers shared delay slip and crowding evidence during rush hour Rapid KL staff guided queue and temporary shuttle arrangement There are 3 comments in total author reply Show 2 replies Say something,1,incident_breakdown,synthetic_mock
mrt kajang - 小红书搜索 - Google Chrome,67,mock_post_67.png,mrt kajang - 小红书搜索 - Google Chrome,2026-02-22T09:07:00,"Ootashi store
focus on
General city transport post not related to outage or malfunction at KL Sentral.
People shared regular commute and station photos
No emergency notice was posted
There are 13 comments in total
author
reply
Show 2 replies
Say something",General city transport post not related to outage or malfunction at KL Sentral People shared regular commute and station photos No emergency notice was posted There are 13 comments in total author reply Show 2 replies Say something,0,normal_general,synthetic_mock
lrtkelanajaya线 - 小红书搜索 - Google Chrome,68,mock_post_68.png,lrtkelanajaya线 - 小红书搜索 - Google Chrome,2026-02-22T09:08:00,"City transit watcher
focus on
Rapid KL announced temporary service disruption between KLCC and Gombak with shuttle support at Pasar Seni.
Passengers shared delay slip and crowding evidence during rush hour
Rapid KL staff guided queue and temporary shuttle arrangement
There are 4 comments in total
author
reply
Show 2 replies
Say something",Rapid KL announced temporary service disruption between KLCC and Gombak with shuttle support at Pasar Seni Passengers shared delay slip and crowding evidence during rush hour Rapid KL staff guided queue and temporary shuttle arrangement There are 4 comments in total author reply Show 2 replies Say something,1,incident_service_disruption,synthetic_mock
🇲🇾LRT停运 注意了‼️ - 小红书 - Google Chrome,69,mock_post_69.png,🇲🇾LRT停运 注意了‼️ - 小红书 - Google Chrome,2026-02-22T09:09:00,"Rapid commuter diary
focus on
Service update says all lines are stable with no major delay this morning at Masjid Jamek.
People shared regular commute and station photos
No emergency notice was posted
Malaysia transport update 2024-02-15
There are 5 comments in total
author
reply
Show 2 replies
Say something",Service update says all lines are stable with no major delay this morning at Masjid Jamek People shared regular commute and station photos No emergency notice was posted Malaysia transport update 2024 02 15 There are 5 comments in total author reply Show 2 replies Say something,0,normal_update,synthetic_mock
地铁 马来西亚 - 小红书搜索 - Google Chrome,70,mock_post_70.png,地铁 马来西亚 - 小红书搜索 - Google Chrome,2026-02-22T09:10:00,"Little Red Potato 66A1
focus on
Passengers were asked to get off at Pasar Seni due to train fault and wait for replacement at Masjid Jamek.
Passengers shared delay slip and crowding evidence during rush hour
Rapid KL staff guided queue and temporary shuttle arrangement
Malaysia transport update 2025-10-27
There are 17 comments in total
author
reply
Show 2 replies
Say something",Passengers were asked to get off at Pasar Seni due to train fault and wait for replacement at Masjid Jamek Passengers shared delay slip and crowding evidence during rush hour Rapid KL staff guided queue and temporary shuttle arrangement Malaysia transport update 2025 10 27 There are 17 comments in total author reply Show 2 replies Say something,1,incident_train_fault,synthetic_mock
lrtkelanajaya线 - 小红书搜索 - Google Chrome,71,mock_post_71.png,lrtkelanajaya线 - 小红书搜索 - Google Chrome,2026-02-22T09:11:00,"City transit watcher
focus on
No disruption observed and transfer between lines completed without waiting at Pasar Seni.
People shared regular commute and station photos
No emergency notice was posted
There are 15 comments in total
author
reply
Show 2 replies
Say something",No disruption observed and transfer between lines completed without waiting at Pasar Seni People shared regular commute and station photos No emergency notice was posted There are 15 comments in total author reply Show 2 replies Say something,0,normal_no_incident,synthetic_mock
lrtkelanajaya线 - 小红书搜索 - Google Chrome,72,mock_post_72.png,lrtkelanajaya线 - 小红书搜索 - Google Chrome,2026-02-22T09:12:00,"KL daily commuter
focus on
Kelana Jaya line maintenance phase affected frequency and caused crowding at stations at Gombak.
Passengers shared delay slip and crowding evidence during rush hour
Rapid KL staff guided queue and temporary shuttle arrangement
There are 16 comments in total
author
reply
Show 3 replies
Say something",Kelana Jaya line maintenance phase affected frequency and caused crowding at stations at Gombak Passengers shared delay slip and crowding evidence during rush hour Rapid KL staff guided queue and temporary shuttle arrangement There are 16 comments in total author reply Show 3 replies Say something,1,incident_maintenance_impact,synthetic_mock
mrt fault - 小红书搜索 - Google Chrome,73,mock_post_73.png,mrt fault - 小红书搜索 - Google Chrome,2026-02-22T09:13:00,"Xiaoxuan Talk Malaysia Official
focus on
Commuting to work was smooth and station crowd level was manageable today at Ampang Park.
People shared regular commute and station photos
No emergency notice was posted
There are 8 comments in total
author
reply
Show 2 replies
Say something",Commuting to work was smooth and station crowd level was manageable today at Ampang Park People shared regular commute and station photos No emergency notice was posted There are 8 comments in total author reply Show 2 replies Say something,0,normal_commute,synthetic_mock
lrtkelanajaya线 - 小红书搜索 - Google Chrome,74,mock_post_74.png,lrtkelanajaya线 - 小红书搜索 - Google Chrome,2026-02-22T09:14:00,"Xiaoxuan Talk Malaysia Official
focus on
Commuters reported long queue and train delay after track maintenance at Universiti station at Masjid Jamek.
Passengers shared delay slip and crowding evidence during rush hour
Rapid KL staff guided queue and temporary shuttle arrangement
Malaysia transport update 2024-07-23
There are 5 comments in total
author
reply
Show 3 replies
Say something",Commuters reported long queue and train delay after track maintenance at Universiti station at Masjid Jamek Passengers shared delay slip and crowding evidence during rush hour Rapid KL staff guided queue and temporary shuttle arrangement Malaysia transport update 2024 07 23 There are 5 comments in total author reply Show 3 replies Say something,1,incident_delay,synthetic_mock
mrt kajang - 小红书搜索 - Google Chrome,75,mock_post_75.png,mrt kajang - 小红书搜索 - Google Chrome,2026-02-22T09:15:00,"Rapid commuter diary
focus on
Normal operation resumed and train intervals are back to schedule at Wangsa Maju.
People shared regular commute and station photos
No emergency notice was posted
Malaysia transport update 2025-07-02
There are 7 comments in total
author
reply
Show 2 replies
Say something",Normal operation resumed and train intervals are back to schedule at Wangsa Maju People shared regular commute and station photos No emergency notice was posted Malaysia transport update 2025 07 02 There are 7 comments in total author reply Show 2 replies Say something,0,normal_operation,synthetic_mock
lrt is bad again - Xiaohongshu search - Google Chrome,76,mock_post_76.png,lrt is bad again - Xiaohongshu search - Google Chrome,2026-02-22T09:16:00,"KL daily commuter
focus on
Passengers were asked to get off at Pasar Seni due to train fault and wait for replacement at Kelana Jaya.
Passengers shared delay slip and crowding evidence during rush hour
Rapid KL staff guided queue and temporary shuttle arrangement
There are 13 comments in total
author
reply
Show 2 replies
Say something",Passengers were asked to get off at Pasar Seni due to train fault and wait for replacement at Kelana Jaya Passengers shared delay slip and crowding evidence during rush hour Rapid KL staff guided queue and temporary shuttle arrangement There are 13 comments in total author reply Show 2 replies Say something,1,incident_train_fault,synthetic_mock
lrtkelanajaya线 - 小红书搜索 - Google Chrome,77,mock_post_77.png,lrtkelanajaya线 - 小红书搜索 - Google Chrome,2026-02-22T09:17:00,"KL daily commuter
focus on
Commuting to work was smooth and station crowd level was manageable today at Gombak.
People shared regular commute and station photos
No emergency notice was posted
Malaysia transport update 2025-09-24
There are 18 comments in total
author
reply
Show 3 replies
Say something",Commuting to work was smooth and station crowd level was manageable today at Gombak People shared regular commute and station photos No emergency notice was posted Malaysia transport update 2025 09 24 There are 18 comments in total author reply Show 3 replies Say something,0,normal_commute,synthetic_mock
lrtkelanajaya故障 - 小红书搜索 - Google Chrome,78,mock_post_78.png,lrtkelanajaya故障 - 小红书搜索 - Google Chrome,2026-02-22T09:18:00,"Leisurely kitten
focus on
Power trip caused brief outage and service resumed after technicians completed repair at Universiti.
Passengers shared delay slip and crowding evidence during rush hour
Rapid KL staff guided queue and temporary shuttle arrangement
Malaysia transport update 2024-07-11
There are 13 comments in total
author
reply
Show 3 replies
Say something",Power trip caused brief outage and service resumed after technicians completed repair at Universiti Passengers shared delay slip and crowding evidence during rush hour Rapid KL staff guided queue and temporary shuttle arrangement Malaysia transport update 2024 07 11 There are 13 comments in total author reply Show 3 replies Say something,1,incident_power_outage,synthetic_mock
🇲🇾LRT停运 注意了‼️ - 小红书 - Google Chrome,79,mock_post_79.png,🇲🇾LRT停运 注意了‼️ - 小红书 - Google Chrome,2026-02-22T09:19:00,"Little Red Potato 66A1
focus on
No disruption observed and transfer between lines completed without waiting at Pasar Seni.
People shared regular commute and station photos
No emergency notice was posted
Malaysia transport update 2025-10-19
There are 1 comments in total
author
reply
Show 1 replies
Say something",No disruption observed and transfer between lines completed without waiting at Pasar Seni People shared regular commute and station photos No emergency notice was posted Malaysia transport update 2025 10 19 There are 1 comments in total author reply Show 1 replies Say something,0,normal_no_incident,synthetic_mock
mrtkajang问题 - 小红书搜索 - Google Chrome,80,mock_post_80.png,mrtkajang问题 - 小红书搜索 - Google Chrome,2026-02-22T09:20:00,"KL daily commuter
focus on
Power trip caused brief outage and service resumed after technicians completed repair at Pasar Seni.
Passengers shared delay slip and crowding evidence during rush hour
Rapid KL staff guided queue and temporary shuttle arrangement
Malaysia transport update 2024-05-13
There are 11 comments in total
author
reply
Show 1 replies
Say something",Power trip caused brief outage and service resumed after technicians completed repair at Pasar Seni Passengers shared delay slip and crowding evidence during rush hour Rapid KL staff guided queue and temporary shuttle arrangement Malaysia transport update 2024 05 13 There are 11 comments in total author reply Show 1 replies Say something,1,incident_power_outage,synthetic_mock
mrt - 小红书搜索 - Google Chrome,81,mock_post_81.png,mrt - 小红书搜索 - Google Chrome,2026-02-22T09:21:00,"KL daily commuter
focus on
Commuting to work was smooth and station crowd level was manageable today at Putra Heights.
People shared regular commute and station photos
No emergency notice was posted
There are 9 comments in total
author
reply
Show 2 replies
Say something",Commuting to work was smooth and station crowd level was manageable today at Putra Heights People shared regular commute and station photos No emergency notice was posted There are 9 comments in total author reply Show 2 replies Say something,0,normal_commute,synthetic_mock
lrtkelanajaya线 - 小红书搜索 - Google Chrome,82,mock_post_82.png,lrtkelanajaya线 - 小红书搜索 - Google Chrome,2026-02-22T09:22:00,"Xiaoxuan Talk Malaysia Official
focus on
LRT Kelana Jaya line had a signaling issue during peak hour and trains moved slowly at Ampang Park.
Passengers shared delay slip and crowding evidence during rush hour
Rapid KL staff guided queue and temporary shuttle arrangement
There are 2 comments in total
author
reply
Show 2 replies
Say something",LRT Kelana Jaya line had a signaling issue during peak hour and trains moved slowly at Ampang Park Passengers shared delay slip and crowding evidence during rush hour Rapid KL staff guided queue and temporary shuttle arrangement There are 2 comments in total author reply Show 2 replies Say something,1,incident_breakdown,synthetic_mock
lrtkelanajaya线 - 小红书搜索 - Google Chrome,83,mock_post_83.png,lrtkelanajaya线 - 小红书搜索 - Google Chrome,2026-02-22T09:23:00,"KL daily commuter
focus on
General city transport post not related to outage or malfunction at KLCC.
People shared regular commute and station photos
No emergency notice was posted
There are 2 comments in total
author
reply
Show 1 replies
Say something",General city transport post not related to outage or malfunction at KLCC People shared regular commute and station photos No emergency notice was posted There are 2 comments in total author reply Show 1 replies Say something,0,normal_general,synthetic_mock
lrtkelanajaya线 - 小红书搜索 - Google Chrome,84,mock_post_84.png,lrtkelanajaya线 - 小红书搜索 - Google Chrome,2026-02-22T09:24:00,"Little Red Potato 66A1
focus on
Rapid KL announced temporary service disruption between KLCC and Gombak with shuttle support at Kelana Jaya.
Passengers shared delay slip and crowding evidence during rush hour
Rapid KL staff guided queue and temporary shuttle arrangement
Malaysia transport update 2024-08-22
There are 4 comments in total
author
reply
Show 3 replies
Say something",Rapid KL announced temporary service disruption between KLCC and Gombak with shuttle support at Kelana Jaya Passengers shared delay slip and crowding evidence during rush hour Rapid KL staff guided queue and temporary shuttle arrangement Malaysia transport update 2024 08 22 There are 4 comments in total author reply Show 3 replies Say something,1,incident_service_disruption,synthetic_mock
mrt - 小红书搜索 - Google Chrome,85,mock_post_85.png,mrt - 小红书搜索 - Google Chrome,2026-02-22T09:25:00,"KL daily commuter
focus on
No disruption observed and transfer between lines completed without waiting at Gombak.
People shared regular commute and station photos
No emergency notice was posted
Malaysia transport update 2026-10-24
There are 4 comments in total
author
reply
Show 1 replies
Say something",No disruption observed and transfer between lines completed without waiting at Gombak People shared regular commute and station photos No emergency notice was posted Malaysia transport update 2026 10 24 There are 4 comments in total author reply Show 1 replies Say something,0,normal_no_incident,synthetic_mock
lrtkelanajaya线 - 小红书搜索 - Google Chrome,86,mock_post_86.png,lrtkelanajaya线 - 小红书搜索 - Google Chrome,2026-02-22T09:26:00,"Xiaoxuan Talk Malaysia Official
focus on
LRT Kelana Jaya line had a signaling issue during peak hour and trains moved slowly at KL Sentral.
Passengers shared delay slip and crowding evidence during rush hour
Rapid KL staff guided queue and temporary shuttle arrangement
There are 13 comments in total
author
reply
Show 2 replies
Say something",LRT Kelana Jaya line had a signaling issue during peak hour and trains moved slowly at KL Sentral Passengers shared delay slip and crowding evidence during rush hour Rapid KL staff guided queue and temporary shuttle arrangement There are 13 comments in total author reply Show 2 replies Say something,1,incident_breakdown,synthetic_mock
mrt - 小红书搜索 - Google Chrome,87,mock_post_87.png,mrt - 小红书搜索 - Google Chrome,2026-02-22T09:27:00,"City transit watcher
focus on
Normal operation resumed and train intervals are back to schedule at KL Sentral.
People shared regular commute and station photos
No emergency notice was posted
There are 8 comments in total
author
reply
Show 1 replies
Say something",Normal operation resumed and train intervals are back to schedule at KL Sentral People shared regular commute and station photos No emergency notice was posted There are 8 comments in total author reply Show 1 replies Say something,0,normal_operation,synthetic_mock
🇲🇾LRT停运 注意了‼️ - 小红书 - Google Chrome,88,mock_post_88.png,🇲🇾LRT停运 注意了‼️ - 小红书 - Google Chrome,2026-02-22T09:28:00,"KL daily commuter
focus on
Kelana Jaya line maintenance phase affected frequency and caused crowding at stations at KL Sentral.
Passengers shared delay slip and crowding evidence during rush hour
Rapid KL staff guided queue and temporary shuttle arrangement
Malaysia transport update 2026-01-12
There are 18 comments in total
author
reply
Show 2 replies
Say something",Kelana Jaya line maintenance phase affected frequency and caused crowding at stations at KL Sentral Passengers shared delay slip and crowding evidence during rush hour Rapid KL staff guided queue and temporary shuttle arrangement Malaysia transport update 2026 01 12 There are 18 comments in total author reply Show 2 replies Say something,1,incident_maintenance_impact,synthetic_mock
mrtkajang问题 - 小红书搜索 - Google Chrome,89,mock_post_89.png,mrtkajang问题 - 小红书搜索 - Google Chrome,2026-02-22T09:29:00,"Little Red Potato 66A1
focus on
Commuting to work was smooth and station crowd level was manageable today at KLCC.
People shared regular commute and station photos
No emergency notice was posted
There are 1 comments in total
author
reply
Show 2 replies
Say something",Commuting to work was smooth and station crowd level was manageable today at KLCC People shared regular commute and station photos No emergency notice was posted There are 1 comments in total author reply Show 2 replies Say something,0,normal_commute,synthetic_mock
lrtkelanajaya故障 - 小红书搜索 - Google Chrome,90,mock_post_90.png,lrtkelanajaya故障 - 小红书搜索 - Google Chrome,2026-02-22T09:30:00,"Leisurely kitten
focus on
LRT Kelana Jaya line had a signaling issue during peak hour and trains moved slowly at Wangsa Maju.
Passengers shared delay slip and crowding evidence during rush hour
Rapid KL staff guided queue and temporary shuttle arrangement
There are 15 comments in total
author
reply
Show 3 replies
Say something",LRT Kelana Jaya line had a signaling issue during peak hour and trains moved slowly at Wangsa Maju Passengers shared delay slip and crowding evidence during rush hour Rapid KL staff guided queue and temporary shuttle arrangement There are 15 comments in total author reply Show 3 replies Say something,1,incident_breakdown,synthetic_mock
mrtkajang问题 - 小红书搜索 - Google Chrome,91,mock_post_91.png,mrtkajang问题 - 小红书搜索 - Google Chrome,2026-02-22T09:31:00,"City transit watcher
focus on
No disruption observed and transfer between lines completed without waiting at Pasar Seni.
People shared regular commute and station photos
No emergency notice was posted
Malaysia transport update 2026-05-20
There are 18 comments in total
author
reply
Show 2 replies
Say something",No disruption observed and transfer between lines completed without waiting at Pasar Seni People shared regular commute and station photos No emergency notice was posted Malaysia transport update 2026 05 20 There are 18 comments in total author reply Show 2 replies Say something,0,normal_no_incident,synthetic_mock
mrtkajang问题 - 小红书搜索 - Google Chrome,92,mock_post_92.png,mrtkajang问题 - 小红书搜索 - Google Chrome,2026-02-22T09:32:00,"Leisurely kitten
focus on
Power trip caused brief outage and service resumed after technicians completed repair at KL Sentral.
Passengers shared delay slip and crowding evidence during rush hour
Rapid KL staff guided queue and temporary shuttle arrangement
Malaysia transport update 2024-02-09
There are 15 comments in total
author
reply
Show 1 replies
Say something",Power trip caused brief outage and service resumed after technicians completed repair at KL Sentral Passengers shared delay slip and crowding evidence during rush hour Rapid KL staff guided queue and temporary shuttle arrangement Malaysia transport update 2024 02 09 There are 15 comments in total author reply Show 1 replies Say something,1,incident_power_outage,synthetic_mock
mrtkajang问题 - 小红书搜索 - Google Chrome,93,mock_post_93.png,mrtkajang问题 - 小红书搜索 - Google Chrome,2026-02-22T09:33:00,"City transit watcher
focus on
Routine travel post about route tips and fare sharing at KL Sentral.
People shared regular commute and station photos
No emergency notice was posted
Malaysia transport update 2024-08-28
There are 11 comments in total
author
reply
Show 1 replies
Say something",Routine travel post about route tips and fare sharing at KL Sentral People shared regular commute and station photos No emergency notice was posted Malaysia transport update 2024 08 28 There are 11 comments in total author reply Show 1 replies Say something,0,normal_travel_tip,synthetic_mock
lrt is bad again - Xiaohongshu search - Google Chrome,94,mock_post_94.png,lrt is bad again - Xiaohongshu search - Google Chrome,2026-02-22T09:34:00,"KL daily commuter
focus on
Rapid KL announced temporary service disruption between KLCC and Gombak with shuttle support at Putra Heights.
Passengers shared delay slip and crowding evidence during rush hour
Rapid KL staff guided queue and temporary shuttle arrangement
Malaysia transport update 2025-10-23
There are 9 comments in total
author
reply
Show 3 replies
Say something",Rapid KL announced temporary service disruption between KLCC and Gombak with shuttle support at Putra Heights Passengers shared delay slip and crowding evidence during rush hour Rapid KL staff guided queue and temporary shuttle arrangement Malaysia transport update 2025 10 23 There are 9 comments in total author reply Show 3 replies Say something,1,incident_service_disruption,synthetic_mock
mrtkajang问题 - 小红书搜索 - Google Chrome,95,mock_post_95.png,mrtkajang问题 - 小红书搜索 - Google Chrome,2026-02-22T09:35:00,"Xiaoxuan Talk Malaysia Official
focus on
Routine travel post about route tips and fare sharing at Universiti.
People shared regular commute and station photos
No emergency notice was posted
Malaysia transport update 2025-08-18
There are 8 comments in total
author
reply
Show 3 replies
Say something",Routine travel post about route tips and fare sharing at Universiti People shared regular commute and station photos No emergency notice was posted Malaysia transport update 2025 08 18 There are 8 comments in total author reply Show 3 replies Say something,0,normal_travel_tip,synthetic_mock
lrtkelanajaya线 - 小红书搜索 - Google Chrome,96,mock_post_96.png,lrtkelanajaya线 - 小红书搜索 - Google Chrome,2026-02-22T09:36:00,"Rapid commuter diary
focus on
Kelana Jaya line maintenance phase affected frequency and caused crowding at stations at Ampang Park.
Passengers shared delay slip and crowding evidence during rush hour
Rapid KL staff guided queue and temporary shuttle arrangement
There are 3 comments in total
author
reply
Show 2 replies
Say something",Kelana Jaya line maintenance phase affected frequency and caused crowding at stations at Ampang Park Passengers shared delay slip and crowding evidence during rush hour Rapid KL staff guided queue and temporary shuttle arrangement There are 3 comments in total author reply Show 2 replies Say something,1,incident_maintenance_impact,synthetic_mock
地铁 马来西亚 - 小红书搜索 - Google Chrome,97,mock_post_97.png,地铁 马来西亚 - 小红书搜索 - Google Chrome,2026-02-22T09:37:00,"Leisurely kitten
focus on
No disruption observed and transfer between lines completed without waiting at Universiti.
People shared regular commute and station photos
No emergency notice was posted
There are 12 comments in total
author
reply
Show 2 replies
Say something",No disruption observed and transfer between lines completed without waiting at Universiti People shared regular commute and station photos No emergency notice was posted There are 12 comments in total author reply Show 2 replies Say something,0,normal_no_incident,synthetic_mock
mrt fault - 小红书搜索 - Google Chrome,98,mock_post_98.png,mrt fault - 小红书搜索 - Google Chrome,2026-02-22T09:38:00,"Rapid commuter diary
focus on
Passengers were asked to get off at Pasar Seni due to train fault and wait for replacement at Putra Heights.
Passengers shared delay slip and crowding evidence during rush hour
Rapid KL staff guided queue and temporary shuttle arrangement
There are 18 comments in total
author
reply
Show 2 replies
Say something",Passengers were asked to get off at Pasar Seni due to train fault and wait for replacement at Putra Heights Passengers shared delay slip and crowding evidence during rush hour Rapid KL staff guided queue and temporary shuttle arrangement There are 18 comments in total author reply Show 2 replies Say something,1,incident_train_fault,synthetic_mock
lrt klcc - 小红书搜索 - Google Chrome,99,mock_post_99.png,lrt klcc - 小红书搜索 - Google Chrome,2026-02-22T09:39:00,"Leisurely kitten
focus on
General city transport post not related to outage or malfunction at Ampang Park.
People shared regular commute and station photos
No emergency notice was posted
Malaysia transport update 2024-02-24
There are 7 comments in total
author
reply
Show 2 replies
Say something",General city transport post not related to outage or malfunction at Ampang Park People shared regular commute and station photos No emergency notice was posted Malaysia transport update 2024 02 24 There are 7 comments in total author reply Show 2 replies Say something,0,normal_general,synthetic_mock
mrtkajang问题 - 小红书搜索 - Google Chrome,100,mock_post_100.png,mrtkajang问题 - 小红书搜索 - Google Chrome,2026-02-22T09:40:00,"KL daily commuter
focus on
Kelana Jaya line maintenance phase affected frequency and caused crowding at stations at Masjid Jamek.
Passengers shared delay slip and crowding evidence during rush hour
Rapid KL staff guided queue and temporary shuttle arrangement
There are 7 comments in total
author
reply
Show 1 replies
Say something",Kelana Jaya line maintenance phase affected frequency and caused crowding at stations at Masjid Jamek Passengers shared delay slip and crowding evidence during rush hour Rapid KL staff guided queue and temporary shuttle arrangement There are 7 comments in total author reply Show 1 replies Say something,1,incident_maintenance_impact,synthetic_mock
lrtkelanajaya线 - 小红书搜索 - Google Chrome,101,mock_post_101.png,lrtkelanajaya线 - 小红书搜索 - Google Chrome,2026-02-22T09:41:00,"KL daily commuter
focus on
Commuting to work was smooth and station crowd level was manageable today at KL Sentral.
People shared regular commute and station photos
No emergency notice was posted
Malaysia transport update 2025-02-27
There are 7 comments in total
author
reply
Show 2 replies
Say something",Commuting to work was smooth and station crowd level was manageable today at KL Sentral People shared regular commute and station photos No emergency notice was posted Malaysia transport update 2025 02 27 There are 7 comments in total author reply Show 2 replies Say something,0,normal_commute,synthetic_mock
地铁 马来西亚 - 小红书搜索 - Google Chrome,102,mock_post_102.png,地铁 马来西亚 - 小红书搜索 - Google Chrome,2026-02-22T09:42:00,"Leisurely kitten
focus on
Commuters reported long queue and train delay after track maintenance at Universiti station at Pasar Seni.
Passengers shared delay slip and crowding evidence during rush hour
Rapid KL staff guided queue and temporary shuttle arrangement
Malaysia transport update 2026-03-09
There are 2 comments in total
author
reply
Show 1 replies
Say something",Commuters reported long queue and train delay after track maintenance at Universiti station at Pasar Seni Passengers shared delay slip and crowding evidence during rush hour Rapid KL staff guided queue and temporary shuttle arrangement Malaysia transport update 2026 03 09 There are 2 comments in total author reply Show 1 replies Say something,1,incident_delay,synthetic_mock
lrt is bad again - Xiaohongshu search - Google Chrome,103,mock_post_103.png,lrt is bad again - Xiaohongshu search - Google Chrome,2026-02-22T09:43:00,"City transit watcher
focus on
Commuting to work was smooth and station crowd level was manageable today at Pasar Seni.
People shared regular commute and station photos
No emergency notice was posted
There are 16 comments in total
author
reply
Show 1 replies
Say something",Commuting to work was smooth and station crowd level was manageable today at Pasar Seni People shared regular commute and station photos No emergency notice was posted There are 16 comments in total author reply Show 1 replies Say something,0,normal_commute,synthetic_mock
lrt klcc - 小红书搜索 - Google Chrome,104,mock_post_104.png,lrt klcc - 小红书搜索 - Google Chrome,2026-02-22T09:44:00,"Rapid commuter diary
focus on
Passengers were asked to get off at Pasar Seni due to train fault and wait for replacement at Gombak.
Passengers shared delay slip and crowding evidence during rush hour
Rapid KL staff guided queue and temporary shuttle arrangement
Malaysia transport update 2025-03-02
There are 9 comments in total
author
reply
Show 2 replies
Say something",Passengers were asked to get off at Pasar Seni due to train fault and wait for replacement at Gombak Passengers shared delay slip and crowding evidence during rush hour Rapid KL staff guided queue and temporary shuttle arrangement Malaysia transport update 2025 03 02 There are 9 comments in total author reply Show 2 replies Say something,1,incident_train_fault,synthetic_mock
🇲🇾LRT KelanajayaLine通告，列车降速 - 小红书 - Google Chrome,105,mock_post_105.png,🇲🇾LRT KelanajayaLine通告，列车降速 - 小红书 - Google Chrome,2026-02-22T09:45:00,"Rapid commuter diary
focus on
Normal operation resumed and train intervals are back to schedule at Wangsa Maju.
People shared regular commute and station photos
No emergency notice was posted
Malaysia transport update 2026-11-02
There are 5 comments in total
author
reply
Show 1 replies
Say something",Normal operation resumed and train intervals are back to schedule at Wangsa Maju People shared regular commute and station photos No emergency notice was posted Malaysia transport update 2026 11 02 There are 5 comments in total author reply Show 1 replies Say something,0,normal_operation,synthetic_mock
mrt kajang - 小红书搜索 - Google Chrome,106,mock_post_106.png,mrt kajang - 小红书搜索 - Google Chrome,2026-02-22T09:46:00,"Ootashi store
focus on
Commuters reported long queue and train delay after track maintenance at Universiti station at KLCC.
Passengers shared delay slip and crowding evidence during rush hour
Rapid KL staff guided queue and temporary shuttle arrangement
Malaysia transport update 2025-10-20
There are 8 comments in total
author
reply
Show 3 replies
Say something",Commuters reported long queue and train delay after track maintenance at Universiti station at KLCC Passengers shared delay slip and crowding evidence during rush hour Rapid KL staff guided queue and temporary shuttle arrangement Malaysia transport update 2025 10 20 There are 8 comments in total author reply Show 3 replies Say something,1,incident_delay,synthetic_mock
🇲🇾LRT KelanajayaLine通告，列车降速 - 小红书 - Google Chrome,107,mock_post_107.png,🇲🇾LRT KelanajayaLine通告，列车降速 - 小红书 - Google Chrome,2026-02-22T09:47:00,"Leisurely kitten
focus on
No disruption observed and transfer between lines completed without waiting at Ampang Park.
People shared regular commute and station photos
No emergency notice was posted
There are 14 comments in total
author
reply
Show 2 replies
Say something",No disruption observed and transfer between lines completed without waiting at Ampang Park People shared regular commute and station photos No emergency notice was posted There are 14 comments in total author reply Show 2 replies Say something,0,normal_no_incident,synthetic_mock
🇲🇾LRT停运 注意了‼️ - 小红书 - Google Chrome,108,mock_post_108.png,🇲🇾LRT停运 注意了‼️ - 小红书 - Google Chrome,2026-02-22T09:48:00,"Little Red Potato 66A1
focus on
Passengers were asked to get off at Pasar Seni due to train fault and wait for replacement at Kelana Jaya.
Passengers shared delay slip and crowding evidence during rush hour
Rapid KL staff guided queue and temporary shuttle arrangement
There are 4 comments in total
author
reply
Show 1 replies
Say something",Passengers were asked to get off at Pasar Seni due to train fault and wait for replacement at Kelana Jaya Passengers shared delay slip and crowding evidence during rush hour Rapid KL staff guided queue and temporary shuttle arrangement There are 4 comments in total author reply Show 1 replies Say something,1,incident_train_fault,synthetic_mock
lrt is bad again - Xiaohongshu search - Google Chrome,109,mock_post_109.png,lrt is bad again - Xiaohongshu search - Google Chrome,2026-02-22T09:49:00,"City transit watcher
focus on
Service update says all lines are stable with no major delay this morning at Gombak.
People shared regular commute and station photos
No emergency notice was posted
Malaysia transport update 2024-03-18
There are 3 comments in total
author
reply
Show 1 replies
Say something",Service update says all lines are stable with no major delay this morning at Gombak People shared regular commute and station photos No emergency notice was posted Malaysia transport update 2024 03 18 There are 3 comments in total author reply Show 1 replies Say something,0,normal_update,synthetic_mock
lrtkelanajaya线 - 小红书搜索 - Google Chrome,110,mock_post_110.png,lrtkelanajaya线 - 小红书搜索 - Google Chrome,2026-02-22T09:50:00,"City transit watcher
focus on
Power trip caused brief outage and service resumed after technicians completed repair at Ampang Park.
Passengers shared delay slip and crowding evidence during rush hour
Rapid KL staff guided queue and temporary shuttle arrangement
There are 10 comments in total
author
reply
Show 1 replies
Say something",Power trip caused brief outage and service resumed after technicians completed repair at Ampang Park Passengers shared delay slip and crowding evidence during rush hour Rapid KL staff guided queue and temporary shuttle arrangement There are 10 comments in total author reply Show 1 replies Say something,1,incident_power_outage,synthetic_mock
lrtkelanajaya线 - 小红书搜索 - Google Chrome,111,mock_post_111.png,lrtkelanajaya线 - 小红书搜索 - Google Chrome,2026-02-22T09:51:00,"City transit watcher
focus on
Commuting to work was smooth and station crowd level was manageable today at Gombak.
People shared regular commute and station photos
No emergency notice was posted
There are 3 comments in total
author
reply
Show 3 replies
Say something",Commuting to work was smooth and station crowd level was manageable today at Gombak People shared regular commute and station photos No emergency notice was posted There are 3 comments in total author reply Show 3 replies Say something,0,normal_commute,synthetic_mock
lrt klcc - 小红书搜索 - Google Chrome,112,mock_post_112.png,lrt klcc - 小红书搜索 - Google Chrome,2026-02-22T09:52:00,"City transit watcher
focus on
Commuters reported long queue and train delay after track maintenance at Universiti station at KL Sentral.
Passengers shared delay slip and crowding evidence during rush hour
Rapid KL staff guided queue and temporary shuttle arrangement
There are 7 comments in total
author
reply
Show 2 replies
Say something",Commuters reported long queue and train delay after track maintenance at Universiti station at KL Sentral Passengers shared delay slip and crowding evidence during rush hour Rapid KL staff guided queue and temporary shuttle arrangement There are 7 comments in total author reply Show 2 replies Say something,1,incident_delay,synthetic_mock
mrt - 小红书搜索 - Google Chrome,113,mock_post_113.png,mrt - 小红书搜索 - Google Chrome,2026-02-22T09:53:00,"City transit watcher
focus on
Routine travel post about route tips and fare sharing at Universiti.
People shared regular commute and station photos
No emergency notice was posted
Malaysia transport update 2025-03-03
There are 2 comments in total
author
reply
Show 1 replies
Say something",Routine travel post about route tips and fare sharing at Universiti People shared regular commute and station photos No emergency notice was posted Malaysia transport update 2025 03 03 There are 2 comments in total author reply Show 1 replies Say something,0,normal_travel_tip,synthetic_mock
地铁 马来西亚 - 小红书搜索 - Google Chrome,114,mock_post_114.png,地铁 马来西亚 - 小红书搜索 - Google Chrome,2026-02-22T09:54:00,"Leisurely kitten
focus on
Passengers were asked to get off at Pasar Seni due to train fault and wait for replacement at KL Sentral.
Passengers shared delay slip and crowding evidence during rush hour
Rapid KL staff guided queue and temporary shuttle arrangement
Malaysia transport update 2025-12-10
There are 13 comments in total
author
reply
Show 2 replies
Say something",Passengers were asked to get off at Pasar Seni due to train fault and wait for replacement at KL Sentral Passengers shared delay slip and crowding evidence during rush hour Rapid KL staff guided queue and temporary shuttle arrangement Malaysia transport update 2025 12 10 There are 13 comments in total author reply Show 2 replies Say something,1,incident_train_fault,synthetic_mock
mrt - 小红书搜索 - Google Chrome,115,mock_post_115.png,mrt - 小红书搜索 - Google Chrome,2026-02-22T09:55:00,"Rapid commuter diary
focus on
Routine travel post about route tips and fare sharing at Ampang Park.
People shared regular commute and station photos
No emergency notice was posted
Malaysia transport update 2024-07-24
There are 11 comments in total
author
reply
Show 3 replies
Say something",Routine travel post about route tips and fare sharing at Ampang Park People shared regular commute and station photos No emergency notice was posted Malaysia transport update 2024 07 24 There are 11 comments in total author reply Show 3 replies Say something,0,normal_travel_tip,synthetic_mock
mrt - 小红书搜索 - Google Chrome,116,mock_post_116.png,mrt - 小红书搜索 - Google Chrome,2026-02-22T09:56:00,"Ootashi store
focus on
LRT Kelana Jaya line had a signaling issue during peak hour and trains moved slowly at KLCC.
Passengers shared delay slip and crowding evidence during rush hour
Rapid KL staff guided queue and temporary shuttle arrangement
There are 1 comments in total
author
reply
Show 3 replies
Say something",LRT Kelana Jaya line had a signaling issue during peak hour and trains moved slowly at KLCC Passengers shared delay slip and crowding evidence during rush hour Rapid KL staff guided queue and temporary shuttle arrangement There are 1 comments in total author reply Show 3 replies Say something,1,incident_breakdown,synthetic_mock
🇲🇾LRT停运 注意了‼️ - 小红书 - Google Chrome,117,mock_post_117.png,🇲🇾LRT停运 注意了‼️ - 小红书 - Google Chrome,2026-02-22T09:57:00,"KL daily commuter
focus on
Routine travel post about route tips and fare sharing at Kelana Jaya.
People shared regular commute and station photos
No emergency notice was posted
There are 16 comments in total
author
reply
Show 3 replies
Say something",Routine travel post about route tips and fare sharing at Kelana Jaya People shared regular commute and station photos No emergency notice was posted There are 16 comments in total author reply Show 3 replies Say something,0,normal_travel_tip,synthetic_mock
mrtkajang问题 - 小红书搜索 - Google Chrome,118,mock_post_118.png,mrtkajang问题 - 小红书搜索 - Google Chrome,2026-02-22T09:58:00,"Ootashi store
focus on
Power trip caused brief outage and service resumed after technicians completed repair at Gombak.
Passengers shared delay slip and crowding evidence during rush hour
Rapid KL staff guided queue and temporary shuttle arrangement
There are 14 comments in total
author
reply
Show 3 replies
Say something",Power trip caused brief outage and service resumed after technicians completed repair at Gombak Passengers shared delay slip and crowding evidence during rush hour Rapid KL staff guided queue and temporary shuttle arrangement There are 14 comments in total author reply Show 3 replies Say something,1,incident_power_outage,synthetic_mock
mrt kajang - 小红书搜索 - Google Chrome,119,mock_post_119.png,mrt kajang - 小红书搜索 - Google Chrome,2026-02-22T09:59:00,"Leisurely kitten
focus on
Normal operation resumed and train intervals are back to schedule at Ampang Park.
People shared regular commute and station photos
No emergency notice was posted
Malaysia transport update 2025-11-04
There are 6 comments in total
author
reply
Show 2 replies
Say something",Normal operation resumed and train intervals are back to schedule at Ampang Park People shared regular commute and station photos No emergency notice was posted Malaysia transport update 2025 11 04 There are 6 comments in total author reply Show 2 replies Say something,0,normal_operation,synthetic_mock
lrt is bad again - Xiaohongshu search - Google Chrome,120,mock_post_120.png,lrt is bad again - Xiaohongshu search - Google Chrome,2026-02-22T10:00:00,"Leisurely kitten
focus on
Kelana Jaya line maintenance phase affected frequency and caused crowding at stations at Ampang Park.
Passengers shared delay slip and crowding evidence during rush hour
Rapid KL staff guided queue and temporary shuttle arrangement
There are 13 comments in total
author
reply
Show 3 replies
Say something",Kelana Jaya line maintenance phase affected frequency and caused crowding at stations at Ampang Park Passengers shared delay slip and crowding evidence during rush hour Rapid KL staff guided queue and temporary shuttle arrangement There are 13 comments in total author reply Show 3 replies Say something,1,incident_maintenance_impact,synthetic_mock
🇲🇾LRT停运 注意了‼️ - 小红书 - Google Chrome,121,mock_post_121.png,🇲🇾LRT停运 注意了‼️ - 小红书 - Google Chrome,2026-02-22T10:01:00,"Leisurely kitten
focus on
No disruption observed and transfer between lines completed without waiting at KLCC.
People shared regular commute and station photos
No emergency notice was posted
Malaysia transport update 2024-07-28
There are 17 comments in total
author
reply
Show 1 replies
Say something",No disruption observed and transfer between lines completed without waiting at KLCC People shared regular commute and station photos No emergency notice was posted Malaysia transport update 2024 07 28 There are 17 comments in total author reply Show 1 replies Say something,0,normal_no_incident,synthetic_mock
mrtkajang问题 - 小红书搜索 - Google Chrome,122,mock_post_122.png,mrtkajang问题 - 小红书搜索 - Google Chrome,2026-02-22T10:02:00,"Rapid commuter diary
focus on
Passengers were asked to get off at Pasar Seni due to train fault and wait for replacement at Ampang Park.
Passengers shared delay slip and crowding evidence during rush hour
Rapid KL staff guided queue and temporary shuttle arrangement
Malaysia transport update 2026-06-20
There are 16 comments in total
author
reply
Show 3 replies
Say something",Passengers were asked to get off at Pasar Seni due to train fault and wait for replacement at Ampang Park Passengers shared delay slip and crowding evidence during rush hour Rapid KL staff guided queue and temporary shuttle arrangement Malaysia transport update 2026 06 20 There are 16 comments in total author reply Show 3 replies Say something,1,incident_train_fault,synthetic_mock
lrt is bad again - Xiaohongshu search - Google Chrome,123,mock_post_123.png,lrt is bad again - Xiaohongshu search - Google Chrome,2026-02-22T10:03:00,"Leisurely kitten
focus on
Normal operation resumed and train intervals are back to schedule at Universiti.
People shared regular commute and station photos
No emergency notice was posted
Malaysia transport update 2025-08-23
There are 16 comments in total
author
reply
Show 1 replies
Say something",Normal operation resumed and train intervals are back to schedule at Universiti People shared regular commute and station photos No emergency notice was posted Malaysia transport update 2025 08 23 There are 16 comments in total author reply Show 1 replies Say something,0,normal_operation,synthetic_mock
mrt kajang - 小红书搜索 - Google Chrome,124,mock_post_124.png,mrt kajang - 小红书搜索 - Google Chrome,2026-02-22T10:04:00,"KL daily commuter
focus on
Kelana Jaya line maintenance phase affected frequency and caused crowding at stations at KL Sentral.
Passengers shared delay slip and crowding evidence during rush hour
Rapid KL staff guided queue and temporary shuttle arrangement
Malaysia transport update 2024-05-18
There are 1 comments in total
author
reply
Show 3 replies
Say something",Kelana Jaya line maintenance phase affected frequency and caused crowding at stations at KL Sentral Passengers shared delay slip and crowding evidence during rush hour Rapid KL staff guided queue and temporary shuttle arrangement Malaysia transport update 2024 05 18 There are 1 comments in total author reply Show 3 replies Say something,1,incident_maintenance_impact,synthetic_mock
🇲🇾LRT停运 注意了‼️ - 小红书 - Google Chrome,125,mock_post_125.png,🇲🇾LRT停运 注意了‼️ - 小红书 - Google Chrome,2026-02-22T10:05:00,"KL daily commuter
focus on
Normal operation resumed and train intervals are back to schedule at Universiti.
People shared regular commute and station photos
No emergency notice was posted
There are 15 comments in total
author
reply
Show 1 replies
Say something",Normal operation resumed and train intervals are back to schedule at Universiti People shared regular commute and station photos No emergency notice was posted There are 15 comments in total author reply Show 1 replies Say something,0,normal_operation,synthetic_mock
lrtkelanajaya线 - 小红书搜索 - Google Chrome,126,mock_post_126.png,lrtkelanajaya线 - 小红书搜索 - Google Chrome,2026-02-22T10:06:00,"City transit watcher
focus on
Rapid KL announced temporary service disruption between KLCC and Gombak with shuttle support at Ampang Park.
Passengers shared delay slip and crowding evidence during rush hour
Rapid KL staff guided queue and temporary shuttle arrangement
Malaysia transport update 2026-05-14
There are 16 comments in total
author
reply
Show 2 replies
Say something",Rapid KL announced temporary service disruption between KLCC and Gombak with shuttle support at Ampang Park Passengers shared delay slip and crowding evidence during rush hour Rapid KL staff guided queue and temporary shuttle arrangement Malaysia transport update 2026 05 14 There are 16 comments in total author reply Show 2 replies Say something,1,incident_service_disruption,synthetic_mock
mrt - 小红书搜索 - Google Chrome,127,mock_post_127.png,mrt - 小红书搜索 - Google Chrome,2026-02-22T10:07:00,"Ootashi store
focus on
No disruption observed and transfer between lines completed without waiting at Masjid Jamek.
People shared regular commute and station photos
No emergency notice was posted
Malaysia transport update 2026-09-24
There are 5 comments in total
author
reply
Show 1 replies
Say something",No disruption observed and transfer between lines completed without waiting at Masjid Jamek People shared regular commute and station photos No emergency notice was posted Malaysia transport update 2026 09 24 There are 5 comments in total author reply Show 1 replies Say something,0,normal_no_incident,synthetic_mock
🇲🇾LRT KelanajayaLine通告，列车降速 - 小红书 - Google Chrome,128,mock_post_128.png,🇲🇾LRT KelanajayaLine通告，列车降速 - 小红书 - Google Chrome,2026-02-22T10:08:00,"KL daily commuter
focus on
Power trip caused brief outage and service resumed after technicians completed repair at Putra Heights.
Passengers shared delay slip and crowding evidence during rush hour
Rapid KL staff guided queue and temporary shuttle arrangement
Malaysia transport update 2024-05-24
There are 10 comments in total
author
reply
Show 3 replies
Say something",Power trip caused brief outage and service resumed after technicians completed repair at Putra Heights Passengers shared delay slip and crowding evidence during rush hour Rapid KL staff guided queue and temporary shuttle arrangement Malaysia transport update 2024 05 24 There are 10 comments in total author reply Show 3 replies Say something,1,incident_power_outage,synthetic_mock
地铁 马来西亚 - 小红书搜索 - Google Chrome,129,mock_post_129.png,地铁 马来西亚 - 小红书搜索 - Google Chrome,2026-02-22T10:09:00,"KL daily commuter
focus on
General city transport post not related to outage or malfunction at Ampang Park.
People shared regular commute and station photos
No emergency notice was posted
Malaysia transport update 2026-08-12
There are 11 comments in total
author
reply
Show 3 replies
Say something",General city transport post not related to outage or malfunction at Ampang Park People shared regular commute and station photos No emergency notice was posted Malaysia transport update 2026 08 12 There are 11 comments in total author reply Show 3 replies Say something,0,normal_general,synthetic_mock
mrt kajang - 小红书搜索 - Google Chrome,130,mock_post_130.png,mrt kajang - 小红书搜索 - Google Chrome,2026-02-22T10:10:00,"Leisurely kitten
focus on
Power trip caused brief outage and service resumed after technicians completed repair at Ampang Park.
Passengers shared delay slip and crowding evidence during rush hour
Rapid KL staff guided queue and temporary shuttle arrangement
There are 8 comments in total
author
reply
Show 3 replies
Say something",Power trip caused brief outage and service resumed after technicians completed repair at Ampang Park Passengers shared delay slip and crowding evidence during rush hour Rapid KL staff guided queue and temporary shuttle arrangement There are 8 comments in total author reply Show 3 replies Say something,1,incident_power_outage,synthetic_mock
🇲🇾LRT停运 注意了‼️ - 小红书 - Google Chrome,131,mock_post_131.png,🇲🇾LRT停运 注意了‼️ - 小红书 - Google Chrome,2026-02-22T10:11:00,"Xiaoxuan Talk Malaysia Official
focus on
Service update says all lines are stable with no major delay this morning at Wangsa Maju.
People shared regular commute and station photos
No emergency notice was posted
Malaysia transport update 2025-12-26
There are 13 comments in total
author
reply
Show 2 replies
Say something",Service update says all lines are stable with no major delay this morning at Wangsa Maju People shared regular commute and station photos No emergency notice was posted Malaysia transport update 2025 12 26 There are 13 comments in total author reply Show 2 replies Say something,0,normal_update,synthetic_mock
🇲🇾LRT KelanajayaLine通告，列车降速 - 小红书 - Google Chrome,132,mock_post_132.png,🇲🇾LRT KelanajayaLine通告，列车降速 - 小红书 - Google Chrome,2026-02-22T10:12:00,"Rapid commuter diary
focus on
Kelana Jaya line maintenance phase affected frequency and caused crowding at stations at Pasar Seni.
Passengers shared delay slip and crowding evidence during rush hour
Rapid KL staff guided queue and temporary shuttle arrangement
There are 5 comments in total
author
reply
Show 3 replies
Say something",Kelana Jaya line maintenance phase affected frequency and caused crowding at stations at Pasar Seni Passengers shared delay slip and crowding evidence during rush hour Rapid KL staff guided queue and temporary shuttle arrangement There are 5 comments in total author reply Show 3 replies Say something,1,incident_maintenance_impact,synthetic_mock
mrtkajang问题 - 小红书搜索 - Google Chrome,133,mock_post_133.png,mrtkajang问题 - 小红书搜索 - Google Chrome,2026-02-22T10:13:00,"KL daily commuter
focus on
Commuting to work was smooth and station crowd level was manageable today at KLCC.
People shared regular commute and station photos
No emergency notice was posted
There are 4 comments in total
author
reply
Show 3 replies
Say something",Commuting to work was smooth and station crowd level was manageable today at KLCC People shared regular commute and station photos No emergency notice was posted There are 4 comments in total author reply Show 3 replies Say something,0,normal_commute,synthetic_mock
mrtkajang问题 - 小红书搜索 - Google Chrome,134,mock_post_134.png,mrtkajang问题 - 小红书搜索 - Google Chrome,2026-02-22T10:14:00,"Rapid commuter diary
focus on
LRT Kelana Jaya line had a signaling issue during peak hour and trains moved slowly at Pasar Seni.
Passengers shared delay slip and crowding evidence during rush hour
Rapid KL staff guided queue and temporary shuttle arrangement
There are 5 comments in total
author
reply
Show 1 replies
Say something",LRT Kelana Jaya line had a signaling issue during peak hour and trains moved slowly at Pasar Seni Passengers shared delay slip and crowding evidence during rush hour Rapid KL staff guided queue and temporary shuttle arrangement There are 5 comments in total author reply Show 1 replies Say something,1,incident_breakdown,synthetic_mock
🇲🇾LRT停运 注意了‼️ - 小红书 - Google Chrome,135,mock_post_135.png,🇲🇾LRT停运 注意了‼️ - 小红书 - Google Chrome,2026-02-22T10:15:00,"Little Red Potato 66A1
focus on
Commuting to work was smooth and station crowd level was manageable today at Putra Heights.
People shared regular commute and station photos
No emergency notice was posted
There are 3 comments in total
author
reply
Show 2 replies
Say something",Commuting to work was smooth and station crowd level was manageable today at Putra Heights People shared regular commute and station photos No emergency notice was posted There are 3 comments in total author reply Show 2 replies Say something,0,normal_commute,synthetic_mock
lrt is bad again - Xiaohongshu search - Google Chrome,136,mock_post_136.png,lrt is bad again - Xiaohongshu search - Google Chrome,2026-02-22T10:16:00,"Leisurely kitten
focus on
Passengers were asked to get off at Pasar Seni due to train fault and wait for replacement at Wangsa Maju.
Passengers shared delay slip and crowding evidence during rush hour
Rapid KL staff guided queue and temporary shuttle arrangement
There are 16 comments in total
author
reply
Show 3 replies
Say something",Passengers were asked to get off at Pasar Seni due to train fault and wait for replacement at Wangsa Maju Passengers shared delay slip and crowding evidence during rush hour Rapid KL staff guided queue and temporary shuttle arrangement There are 16 comments in total author reply Show 3 replies Say something,1,incident_train_fault,synthetic_mock
lrt klcc - 小红书搜索 - Google Chrome,137,mock_post_137.png,lrt klcc - 小红书搜索 - Google Chrome,2026-02-22T10:17:00,"Ootashi store
focus on
Routine travel post about route tips and fare sharing at KLCC.
People shared regular commute and station photos
No emergency notice was posted
There are 10 comments in total
author
reply
Show 1 replies
Say something",Routine travel post about route tips and fare sharing at KLCC People shared regular commute and station photos No emergency notice was posted There are 10 comments in total author reply Show 1 replies Say something,0,normal_travel_tip,synthetic_mock
lrtkelanajaya故障 - 小红书搜索 - Google Chrome,138,mock_post_138.png,lrtkelanajaya故障 - 小红书搜索 - Google Chrome,2026-02-22T10:18:00,"KL daily commuter
focus on
Power trip caused brief outage and service resumed after technicians completed repair at KLCC.
Passengers shared delay slip and crowding evidence during rush hour
Rapid KL staff guided queue and temporary shuttle arrangement
There are 4 comments in total
author
reply
Show 2 replies
Say something",Power trip caused brief outage and service resumed after technicians completed repair at KLCC Passengers shared delay slip and crowding evidence during rush hour Rapid KL staff guided queue and temporary shuttle arrangement There are 4 comments in total author reply Show 2 replies Say something,1,incident_power_outage,synthetic_mock
lrtkelanajaya故障 - 小红书搜索 - Google Chrome,139,mock_post_139.png,lrtkelanajaya故障 - 小红书搜索 - Google Chrome,2026-02-22T10:19:00,"Xiaoxuan Talk Malaysia Official
focus on
General city transport post not related to outage or malfunction at Gombak.
People shared regular commute and station photos
No emergency notice was posted
Malaysia transport update 2024-05-12
There are 12 comments in total
author
reply
Show 2 replies
Say something",General city transport post not related to outage or malfunction at Gombak People shared regular commute and station photos No emergency notice was posted Malaysia transport update 2024 05 12 There are 12 comments in total author reply Show 2 replies Say something,0,normal_general,synthetic_mock
lrtkelanajaya故障 - 小红书搜索 - Google Chrome,140,mock_post_140.png,lrtkelanajaya故障 - 小红书搜索 - Google Chrome,2026-02-22T10:20:00,"Rapid commuter diary
focus on
Rapid KL announced temporary service disruption between KLCC and Gombak with shuttle support at Masjid Jamek.
Passengers shared delay slip and crowding evidence during rush hour
Rapid KL staff guided queue and temporary shuttle arrangement
There are 6 comments in total
author
reply
Show 1 replies
Say something",Rapid KL announced temporary service disruption between KLCC and Gombak with shuttle support at Masjid Jamek Passengers shared delay slip and crowding evidence during rush hour Rapid KL staff guided queue and temporary shuttle arrangement There are 6 comments in total author reply Show 1 replies Say something,1,incident_service_disruption,synthetic_mock
mrtkajang问题 - 小红书搜索 - Google Chrome,141,mock_post_141.png,mrtkajang问题 - 小红书搜索 - Google Chrome,2026-02-22T10:21:00,"KL daily commuter
focus on
Normal operation resumed and train intervals are back to schedule at KL Sentral.
People shared regular commute and station photos
No emergency notice was posted
Malaysia transport update 2026-04-16
There are 5 comments in total
author
reply
Show 1 replies
Say something",Normal operation resumed and train intervals are back to schedule at KL Sentral People shared regular commute and station photos No emergency notice was posted Malaysia transport update 2026 04 16 There are 5 comments in total author reply Show 1 replies Say something,0,normal_operation,synthetic_mock
lrt klcc - 小红书搜索 - Google Chrome,142,mock_post_142.png,lrt klcc - 小红书搜索 - Google Chrome,2026-02-22T10:22:00,"Rapid commuter diary
focus on
Kelana Jaya line maintenance phase affected frequency and caused crowding at stations at Gombak.
Passengers shared delay slip and crowding evidence during rush hour
Rapid KL staff guided queue and temporary shuttle arrangement
Malaysia transport update 2024-08-10
There are 18 comments in total
author
reply
Show 1 replies
Say something",Kelana Jaya line maintenance phase affected frequency and caused crowding at stations at Gombak Passengers shared delay slip and crowding evidence during rush hour Rapid KL staff guided queue and temporary shuttle arrangement Malaysia transport update 2024 08 10 There are 18 comments in total author reply Show 1 replies Say something,1,incident_maintenance_impact,synthetic_mock
lrtkelanajaya线 - 小红书搜索 - Google Chrome,143,mock_post_143.png,lrtkelanajaya线 - 小红书搜索 - Google Chrome,2026-02-22T10:23:00,"Little Red Potato 66A1
focus on
No disruption observed and transfer between lines completed without waiting at Putra Heights.
People shared regular commute and station photos
No emergency notice was posted
Malaysia transport update 2025-12-09
There are 15 comments in total
author
reply
Show 2 replies
Say something",No disruption observed and transfer between lines completed without waiting at Putra Heights People shared regular commute and station photos No emergency notice was posted Malaysia transport update 2025 12 09 There are 15 comments in total author reply Show 2 replies Say something,0,normal_no_incident,synthetic_mock
mrt - 小红书搜索 - Google Chrome,144,mock_post_144.png,mrt - 小红书搜索 - Google Chrome,2026-02-22T10:24:00,"Xiaoxuan Talk Malaysia Official
focus on
Power trip caused brief outage and service resumed after technicians completed repair at Ampang Park.
Passengers shared delay slip and crowding evidence during rush hour
Rapid KL staff guided queue and temporary shuttle arrangement
Malaysia transport update 2026-06-19
There are 10 comments in total
author
reply
Show 3 replies
Say something",Power trip caused brief outage and service resumed after technicians completed repair at Ampang Park Passengers shared delay slip and crowding evidence during rush hour Rapid KL staff guided queue and temporary shuttle arrangement Malaysia transport update 2026 06 19 There are 10 comments in total author reply Show 3 replies Say something,1,incident_power_outage,synthetic_mock
lrtkelanajaya线 - 小红书搜索 - Google Chrome,145,mock_post_145.png,lrtkelanajaya线 - 小红书搜索 - Google Chrome,2026-02-22T10:25:00,"Leisurely kitten
focus on
Normal operation resumed and train intervals are back to schedule at Wangsa Maju.
People shared regular commute and station photos
No emergency notice was posted
Malaysia transport update 2026-12-02
There are 16 comments in total
author
reply
Show 2 replies
Say something",Normal operation resumed and train intervals are back to schedule at Wangsa Maju People shared regular commute and station photos No emergency notice was posted Malaysia transport update 2026 12 02 There are 16 comments in total author reply Show 2 replies Say something,0,normal_operation,synthetic_mock
🇲🇾LRT停运 注意了‼️ - 小红书 - Google Chrome,146,mock_post_146.png,🇲🇾LRT停运 注意了‼️ - 小红书 - Google Chrome,2026-02-22T10:26:00,"Ootashi store
focus on
Passengers were asked to get off at Pasar Seni due to train fault and wait for replacement at Putra Heights.
Passengers shared delay slip and crowding evidence during rush hour
Rapid KL staff guided queue and temporary shuttle arrangement
There are 9 comments in total
author
reply
Show 3 replies
Say something",Passengers were asked to get off at Pasar Seni due to train fault and wait for replacement at Putra Heights Passengers shared delay slip and crowding evidence during rush hour Rapid KL staff guided queue and temporary shuttle arrangement There are 9 comments in total author reply Show 3 replies Say something,1,incident_train_fault,synthetic_mock
lrt is bad again - Xiaohongshu search - Google Chrome,147,mock_post_147.png,lrt is bad again - Xiaohongshu search - Google Chrome,2026-02-22T10:27:00,"City transit watcher
focus on
General city transport post not related to outage or malfunction at Pasar Seni.
People shared regular commute and station photos
No emergency notice was posted
Malaysia transport update 2026-11-02
There are 10 comments in total
author
reply
Show 2 replies
Say something",General city transport post not related to outage or malfunction at Pasar Seni People shared regular commute and station photos No emergency notice was posted Malaysia transport update 2026 11 02 There are 10 comments in total author reply Show 2 replies Say something,0,normal_general,synthetic_mock
lrtkelanajaya线 - 小红书搜索 - Google Chrome,148,mock_post_148.png,lrtkelanajaya线 - 小红书搜索 - Google Chrome,2026-02-22T10:28:00,"City transit watcher
focus on
Passengers were asked to get off at Pasar Seni due to train fault and wait for replacement at Putra Heights.
Passengers shared delay slip and crowding evidence during rush hour
Rapid KL staff guided queue and temporary shuttle arrangement
Malaysia transport update 2025-06-24
There are 14 comments in total
author
reply
Show 1 replies
Say something",Passengers were asked to get off at Pasar Seni due to train fault and wait for replacement at Putra Heights Passengers shared delay slip and crowding evidence during rush hour Rapid KL staff guided queue and temporary shuttle arrangement Malaysia transport update 2025 06 24 There are 14 comments in total author reply Show 1 replies Say something,1,incident_train_fault,synthetic_mock
mrt fault - 小红书搜索 - Google Chrome,149,mock_post_149.png,mrt fault - 小红书搜索 - Google Chrome,2026-02-22T10:29:00,"Leisurely kitten
focus on
Service update says all lines are stable with no major delay this morning at Masjid Jamek.
People shared regular commute and station photos
No emergency notice was posted
Malaysia transport update 2025-03-09
There are 16 comments in total
author
reply
Show 2 replies
Say something",Service update says all lines are stable with no major delay this morning at Masjid Jamek People shared regular commute and station photos No emergency notice was posted Malaysia transport update 2025 03 09 There are 16 comments in total author reply Show 2 replies Say something,0,normal_update,synthetic_mock
mrt fault - 小红书搜索 - Google Chrome,150,mock_post_150.png,mrt fault - 小红书搜索 - Google Chrome,2026-02-22T10:30:00,"Xiaoxuan Talk Malaysia Official
focus on
LRT Kelana Jaya line had a signaling issue during peak hour and trains moved slowly at Ampang Park.
Passengers shared delay slip and crowding evidence during rush hour
Rapid KL staff guided queue and temporary shuttle arrangement
Malaysia transport update 2024-11-24
There are 13 comments in total
author
reply
Show 3 replies
Say something",LRT Kelana Jaya line had a signaling issue during peak hour and trains moved slowly at Ampang Park Passengers shared delay slip and crowding evidence during rush hour Rapid KL staff guided queue and temporary shuttle arrangement Malaysia transport update 2024 11 24 There are 13 comments in total author reply Show 3 replies Say something,1,incident_breakdown,synthetic_mock
mrt kajang - 小红书搜索 - Google Chrome,151,mock_post_151.png,mrt kajang - 小红书搜索 - Google Chrome,2026-02-22T10:31:00,"Xiaoxuan Talk Malaysia Official
focus on
Normal operation resumed and train intervals are back to schedule at Wangsa Maju.
People shared regular commute and station photos
No emergency notice was posted
Malaysia transport update 2024-08-12
There are 9 comments in total
author
reply
Show 3 replies
Say something",Normal operation resumed and train intervals are back to schedule at Wangsa Maju People shared regular commute and station photos No emergency notice was posted Malaysia transport update 2024 08 12 There are 9 comments in total author reply Show 3 replies Say something,0,normal_operation,synthetic_mock
🇲🇾LRT KelanajayaLine通告，列车降速 - 小红书 - Google Chrome,152,mock_post_152.png,🇲🇾LRT KelanajayaLine通告，列车降速 - 小红书 - Google Chrome,2026-02-22T10:32:00,"Xiaoxuan Talk Malaysia Official
focus on
Kelana Jaya line maintenance phase affected frequency and caused crowding at stations at Putra Heights.
Passengers shared delay slip and crowding evidence during rush hour
Rapid KL staff guided queue and temporary shuttle arrangement
There are 16 comments in total
author
reply
Show 1 replies
Say something",Kelana Jaya line maintenance phase affected frequency and caused crowding at stations at Putra Heights Passengers shared delay slip and crowding evidence during rush hour Rapid KL staff guided queue and temporary shuttle arrangement There are 16 comments in total author reply Show 1 replies Say something,1,incident_maintenance_impact,synthetic_mock
mrt - 小红书搜索 - Google Chrome,153,mock_post_153.png,mrt - 小红书搜索 - Google Chrome,2026-02-22T10:33:00,"Little Red Potato 66A1
focus on
Routine travel post about route tips and fare sharing at Putra Heights.
People shared regular commute and station photos
No emergency notice was posted
Malaysia transport update 2024-11-27
There are 15 comments in total
author
reply
Show 3 replies
Say something",Routine travel post about route tips and fare sharing at Putra Heights People shared regular commute and station photos No emergency notice was posted Malaysia transport update 2024 11 27 There are 15 comments in total author reply Show 3 replies Say something,0,normal_travel_tip,synthetic_mock
lrtkelanajaya线 - 小红书搜索 - Google Chrome,154,mock_post_154.png,lrtkelanajaya线 - 小红书搜索 - Google Chrome,2026-02-22T10:34:00,"Xiaoxuan Talk Malaysia Official
focus on
Kelana Jaya line maintenance phase affected frequency and caused crowding at stations at Wangsa Maju.
Passengers shared delay slip and crowding evidence during rush hour
Rapid KL staff guided queue and temporary shuttle arrangement
Malaysia transport update 2024-05-16
There are 4 comments in total
author
reply
Show 1 replies
Say something",Kelana Jaya line maintenance phase affected frequency and caused crowding at stations at Wangsa Maju Passengers shared delay slip and crowding evidence during rush hour Rapid KL staff guided queue and temporary shuttle arrangement Malaysia transport update 2024 05 16 There are 4 comments in total author reply Show 1 replies Say something,1,incident_maintenance_impact,synthetic_mock
🇲🇾LRT KelanajayaLine通告，列车降速 - 小红书 - Google Chrome,155,mock_post_155.png,🇲🇾LRT KelanajayaLine通告，列车降速 - 小红书 - Google Chrome,2026-02-22T10:35:00,"Rapid commuter diary
focus on
Routine travel post about route tips and fare sharing at Pasar Seni.
People shared regular commute and station photos
No emergency notice was posted
Malaysia transport update 2026-12-23
There are 18 comments in total
author
reply
Show 2 replies
Say something",Routine travel post about route tips and fare sharing at Pasar Seni People shared regular commute and station photos No emergency notice was posted Malaysia transport update 2026 12 23 There are 18 comments in total author reply Show 2 replies Say something,0,normal_travel_tip,synthetic_mock
mrt kajang - 小红书搜索 - Google Chrome,156,mock_post_156.png,mrt kajang - 小红书搜索 - Google Chrome,2026-02-22T10:36:00,"Rapid commuter diary
focus on
Kelana Jaya line maintenance phase affected frequency and caused crowding at stations at Pasar Seni.
Passengers shared delay slip and crowding evidence during rush hour
Rapid KL staff guided queue and temporary shuttle arrangement
There are 16 comments in total
author
reply
Show 3 replies
Say something",Kelana Jaya line maintenance phase affected frequency and caused crowding at stations at Pasar Seni Passengers shared delay slip and crowding evidence during rush hour Rapid KL staff guided queue and temporary shuttle arrangement There are 16 comments in total author reply Show 3 replies Say something,1,incident_maintenance_impact,synthetic_mock
🇲🇾LRT停运 注意了‼️ - 小红书 - Google Chrome,157,mock_post_157.png,🇲🇾LRT停运 注意了‼️ - 小红书 - Google Chrome,2026-02-22T10:37:00,"City transit watcher
focus on
Commuting to work was smooth and station crowd level was manageable today at Kelana Jaya.
People shared regular commute and station photos
No emergency notice was posted
Malaysia transport update 2025-08-08
There are 12 comments in total
author
reply
Show 1 replies
Say something",Commuting to work was smooth and station crowd level was manageable today at Kelana Jaya People shared regular commute and station photos No emergency notice was posted Malaysia transport update 2025 08 08 There are 12 comments in total author reply Show 1 replies Say something,0,normal_commute,synthetic_mock
lrt klcc - 小红书搜索 - Google Chrome,158,mock_post_158.png,lrt klcc - 小红书搜索 - Google Chrome,2026-02-22T10:38:00,"City transit watcher
focus on
Commuters reported long queue and train delay after track maintenance at Universiti station at Masjid Jamek.
Passengers shared delay slip and crowding evidence during rush hour
Rapid KL staff guided queue and temporary shuttle arrangement
Malaysia transport update 2025-05-07
There are 4 comments in total
author
reply
Show 2 replies
Say something",Commuters reported long queue and train delay after track maintenance at Universiti station at Masjid Jamek Passengers shared delay slip and crowding evidence during rush hour Rapid KL staff guided queue and temporary shuttle arrangement Malaysia transport update 2025 05 07 There are 4 comments in total author reply Show 2 replies Say something,1,incident_delay,synthetic_mock
mrt fault - 小红书搜索 - Google Chrome,159,mock_post_159.png,mrt fault - 小红书搜索 - Google Chrome,2026-02-22T10:39:00,"City transit watcher
focus on
General city transport post not related to outage or malfunction at Universiti.
People shared regular commute and station photos
No emergency notice was posted
There are 1 comments in total
author
reply
Show 1 replies
Say something",General city transport post not related to outage or malfunction at Universiti People shared regular commute and station photos No emergency notice was posted There are 1 comments in total author reply Show 1 replies Say something,0,normal_general,synthetic_mock
lrtkelanajaya线 - 小红书搜索 - Google Chrome,160,mock_post_160.png,lrtkelanajaya线 - 小红书搜索 - Google Chrome,2026-02-22T10:40:00,"KL daily commuter
focus on
Rapid KL announced temporary service disruption between KLCC and Gombak with shuttle support at Pasar Seni.
Passengers shared delay slip and crowding evidence during rush hour
Rapid KL staff guided queue and temporary shuttle arrangement
There are 3 comments in total
author
reply
Show 3 replies
Say something",Rapid KL announced temporary service disruption between KLCC and Gombak with shuttle support at Pasar Seni Passengers shared delay slip and crowding evidence during rush hour Rapid KL staff guided queue and temporary shuttle arrangement There are 3 comments in total author reply Show 3 replies Say something,1,incident_service_disruption,synthetic_mock
🇲🇾LRT KelanajayaLine通告，列车降速 - 小红书 - Google Chrome,161,mock_post_161.png,🇲🇾LRT KelanajayaLine通告，列车降速 - 小红书 - Google Chrome,2026-02-22T10:41:00,"KL daily commuter
focus on
Routine travel post about route tips and fare sharing at Universiti.
People shared regular commute and station photos
No emergency notice was posted
There are 11 comments in total
author
reply
Show 1 replies
Say something",Routine travel post about route tips and fare sharing at Universiti People shared regular commute and station photos No emergency notice was posted There are 11 comments in total author reply Show 1 replies Say something,0,normal_travel_tip,synthetic_mock
mrt - 小红书搜索 - Google Chrome,162,mock_post_162.png,mrt - 小红书搜索 - Google Chrome,2026-02-22T10:42:00,"KL daily commuter
focus on
LRT Kelana Jaya line had a signaling issue during peak hour and trains moved slowly at Gombak.
Passengers shared delay slip and crowding evidence during rush hour
Rapid KL staff guided queue and temporary shuttle arrangement
There are 5 comments in total
author
reply
Show 3 replies
Say something",LRT Kelana Jaya line had a signaling issue during peak hour and trains moved slowly at Gombak Passengers shared delay slip and crowding evidence during rush hour Rapid KL staff guided queue and temporary shuttle arrangement There are 5 comments in total author reply Show 3 replies Say something,1,incident_breakdown,synthetic_mock
mrt fault - 小红书搜索 - Google Chrome,163,mock_post_163.png,mrt fault - 小红书搜索 - Google Chrome,2026-02-22T10:43:00,"City transit watcher
focus on
Service update says all lines are stable with no major delay this morning at KLCC.
People shared regular commute and station photos
No emergency notice was posted
There are 5 comments in total
author
reply
Show 1 replies
Say something",Service update says all lines are stable with no major delay this morning at KLCC People shared regular commute and station photos No emergency notice was posted There are 5 comments in total author reply Show 1 replies Say something,0,normal_update,synthetic_mock
lrt klcc - 小红书搜索 - Google Chrome,164,mock_post_164.png,lrt klcc - 小红书搜索 - Google Chrome,2026-02-22T10:44:00,"Leisurely kitten
focus on
Rapid KL announced temporary service disruption between KLCC and Gombak with shuttle support at KL Sentral.
Passengers shared delay slip and crowding evidence during rush hour
Rapid KL staff guided queue and temporary shuttle arrangement
Malaysia transport update 2025-01-05
There are 14 comments in total
author
reply
Show 3 replies
Say something",Rapid KL announced temporary service disruption between KLCC and Gombak with shuttle support at KL Sentral Passengers shared delay slip and crowding evidence during rush hour Rapid KL staff guided queue and temporary shuttle arrangement Malaysia transport update 2025 01 05 There are 14 comments in total author reply Show 3 replies Say something,1,incident_service_disruption,synthetic_mock
地铁 马来西亚 - 小红书搜索 - Google Chrome,165,mock_post_165.png,地铁 马来西亚 - 小红书搜索 - Google Chrome,2026-02-22T10:45:00,"Rapid commuter diary
focus on
General city transport post not related to outage or malfunction at KLCC.
People shared regular commute and station photos
No emergency notice was posted
Malaysia transport update 2025-09-19
There are 4 comments in total
author
reply
Show 2 replies
Say something",General city transport post not related to outage or malfunction at KLCC People shared regular commute and station photos No emergency notice was posted Malaysia transport update 2025 09 19 There are 4 comments in total author reply Show 2 replies Say something,0,normal_general,synthetic_mock
mrtkajang问题 - 小红书搜索 - Google Chrome,166,mock_post_166.png,mrtkajang问题 - 小红书搜索 - Google Chrome,2026-02-22T10:46:00,"Xiaoxuan Talk Malaysia Official
focus on
Rapid KL announced temporary service disruption between KLCC and Gombak with shuttle support at KL Sentral.
Passengers shared delay slip and crowding evidence during rush hour
Rapid KL staff guided queue and temporary shuttle arrangement
There are 17 comments in total
author
reply
Show 2 replies
Say something",Rapid KL announced temporary service disruption between KLCC and Gombak with shuttle support at KL Sentral Passengers shared delay slip and crowding evidence during rush hour Rapid KL staff guided queue and temporary shuttle arrangement There are 17 comments in total author reply Show 2 replies Say something,1,incident_service_disruption,synthetic_mock
🇲🇾LRT停运 注意了‼️ - 小红书 - Google Chrome,167,mock_post_167.png,🇲🇾LRT停运 注意了‼️ - 小红书 - Google Chrome,2026-02-22T10:47:00,"Xiaoxuan Talk Malaysia Official
focus on
General city transport post not related to outage or malfunction at Kelana Jaya.
People shared regular commute and station photos
No emergency notice was posted
There are 13 comments in total
author
reply
Show 2 replies
Say something",General city transport post not related to outage or malfunction at Kelana Jaya People shared regular commute and station photos No emergency notice was posted There are 13 comments in total author reply Show 2 replies Say something,0,normal_general,synthetic_mock
mrt fault - 小红书搜索 - Google Chrome,168,mock_post_168.png,mrt fault - 小红书搜索 - Google Chrome,2026-02-22T10:48:00,"City transit watcher
focus on
LRT Kelana Jaya line had a signaling issue during peak hour and trains moved slowly at Ampang Park.
Passengers shared delay slip and crowding evidence during rush hour
Rapid KL staff guided queue and temporary shuttle arrangement
There are 3 comments in total
author
reply
Show 1 replies
Say something",LRT Kelana Jaya line had a signaling issue during peak hour and trains moved slowly at Ampang Park Passengers shared delay slip and crowding evidence during rush hour Rapid KL staff guided queue and temporary shuttle arrangement There are 3 comments in total author reply Show 1 replies Say something,1,incident_breakdown,synthetic_mock
mrt fault - 小红书搜索 - Google Chrome,169,mock_post_169.png,mrt fault - 小红书搜索 - Google Chrome,2026-02-22T10:49:00,"Xiaoxuan Talk Malaysia Official
focus on
Routine travel post about route tips and fare sharing at Pasar Seni.
People shared regular commute and station photos
No emergency notice was posted
Malaysia transport update 2026-11-19
There are 18 comments in total
author
reply
Show 3 replies
Say something",Routine travel post about route tips and fare sharing at Pasar Seni People shared regular commute and station photos No emergency notice was posted Malaysia transport update 2026 11 19 There are 18 comments in total author reply Show 3 replies Say something,0,normal_travel_tip,synthetic_mock
lrt klcc - 小红书搜索 - Google Chrome,170,mock_post_170.png,lrt klcc - 小红书搜索 - Google Chrome,2026-02-22T10:50:00,"Little Red Potato 66A1
focus on
Power trip caused brief outage and service resumed after technicians completed repair at KL Sentral.
Passengers shared delay slip and crowding evidence during rush hour
Rapid KL staff guided queue and temporary shuttle arrangement
Malaysia transport update 2026-10-14
There are 4 comments in total
author
reply
Show 3 replies
Say something",Power trip caused brief outage and service resumed after technicians completed repair at KL Sentral Passengers shared delay slip and crowding evidence during rush hour Rapid KL staff guided queue and temporary shuttle arrangement Malaysia transport update 2026 10 14 There are 4 comments in total author reply Show 3 replies Say something,1,incident_power_outage,synthetic_mock
lrtkelanajaya线 - 小红书搜索 - Google Chrome,171,mock_post_171.png,lrtkelanajaya线 - 小红书搜索 - Google Chrome,2026-02-22T10:51:00,"City transit watcher
focus on
General city transport post not related to outage or malfunction at Masjid Jamek.
People shared regular commute and station photos
No emergency notice was posted
There are 14 comments in total
author
reply
Show 2 replies
Say something",General city transport post not related to outage or malfunction at Masjid Jamek People shared regular commute and station photos No emergency notice was posted There are 14 comments in total author reply Show 2 replies Say something,0,normal_general,synthetic_mock
mrt fault - 小红书搜索 - Google Chrome,172,mock_post_172.png,mrt fault - 小红书搜索 - Google Chrome,2026-02-22T10:52:00,"KL daily commuter
focus on
Power trip caused brief outage and service resumed after technicians completed repair at Putra Heights.
Passengers shared delay slip and crowding evidence during rush hour
Rapid KL staff guided queue and temporary shuttle arrangement
Malaysia transport update 2025-12-04
There are 11 comments in total
author
reply
Show 2 replies
Say something",Power trip caused brief outage and service resumed after technicians completed repair at Putra Heights Passengers shared delay slip and crowding evidence during rush hour Rapid KL staff guided queue and temporary shuttle arrangement Malaysia transport update 2025 12 04 There are 11 comments in total author reply Show 2 replies Say something,1,incident_power_outage,synthetic_mock
lrt klcc - 小红书搜索 - Google Chrome,173,mock_post_173.png,lrt klcc - 小红书搜索 - Google Chrome,2026-02-22T10:53:00,"Leisurely kitten
focus on
General city transport post not related to outage or malfunction at Gombak.
People shared regular commute and station photos
No emergency notice was posted
There are 16 comments in total
author
reply
Show 1 replies
Say something",General city transport post not related to outage or malfunction at Gombak People shared regular commute and station photos No emergency notice was posted There are 16 comments in total author reply Show 1 replies Say something,0,normal_general,synthetic_mock
lrt is bad again - Xiaohongshu search - Google Chrome,174,mock_post_174.png,lrt is bad again - Xiaohongshu search - Google Chrome,2026-02-22T10:54:00,"Rapid commuter diary
focus on
LRT Kelana Jaya line had a signaling issue during peak hour and trains moved slowly at KLCC.
Passengers shared delay slip and crowding evidence during rush hour
Rapid KL staff guided queue and temporary shuttle arrangement
Malaysia transport update 2026-06-26
There are 5 comments in total
author
reply
Show 3 replies
Say something",LRT Kelana Jaya line had a signaling issue during peak hour and trains moved slowly at KLCC Passengers shared delay slip and crowding evidence during rush hour Rapid KL staff guided queue and temporary shuttle arrangement Malaysia transport update 2026 06 26 There are 5 comments in total author reply Show 3 replies Say something,1,incident_breakdown,synthetic_mock
lrt is bad again - Xiaohongshu search - Google Chrome,175,mock_post_175.png,lrt is bad again - Xiaohongshu search - Google Chrome,2026-02-22T10:55:00,"Little Red Potato 66A1
focus on
Routine travel post about route tips and fare sharing at Masjid Jamek.
People shared regular commute and station photos
No emergency notice was posted
Malaysia transport update 2024-07-12
There are 14 comments in total
author
reply
Show 3 replies
Say something",Routine travel post about route tips and fare sharing at Masjid Jamek People shared regular commute and station photos No emergency notice was posted Malaysia transport update 2024 07 12 There are 14 comments in total author reply Show 3 replies Say something,0,normal_travel_tip,synthetic_mock
mrtkajang问题 - 小红书搜索 - Google Chrome,176,mock_post_176.png,mrtkajang问题 - 小红书搜索 - Google Chrome,2026-02-22T10:56:00,"Leisurely kitten
focus on
Commuters reported long queue and train delay after track maintenance at Universiti station at KL Sentral.
Passengers shared delay slip and crowding evidence during rush hour
Rapid KL staff guided queue and temporary shuttle arrangement
Malaysia transport update 2026-09-07
There are 5 comments in total
author
reply
Show 3 replies
Say something",Commuters reported long queue and train delay after track maintenance at Universiti station at KL Sentral Passengers shared delay slip and crowding evidence during rush hour Rapid KL staff guided queue and temporary shuttle arrangement Malaysia transport update 2026 09 07 There are 5 comments in total author reply Show 3 replies Say something,1,incident_delay,synthetic_mock
mrt - 小红书搜索 - Google Chrome,177,mock_post_177.png,mrt - 小红书搜索 - Google Chrome,2026-02-22T10:57:00,"Leisurely kitten
focus on
Service update says all lines are stable with no major delay this morning at KLCC.
People shared regular commute and station photos
No emergency notice was posted
There are 12 comments in total
author
reply
Show 1 replies
Say something",Service update says all lines are stable with no major delay this morning at KLCC People shared regular commute and station photos No emergency notice was posted There are 12 comments in total author reply Show 1 replies Say something,0,normal_update,synthetic_mock
🇲🇾LRT KelanajayaLine通告，列车降速 - 小红书 - Google Chrome,178,mock_post_178.png,🇲🇾LRT KelanajayaLine通告，列车降速 - 小红书 - Google Chrome,2026-02-22T10:58:00,"KL daily commuter
focus on
Passengers were asked to get off at Pasar Seni due to train fault and wait for replacement at Universiti.
Passengers shared delay slip and crowding evidence during rush hour
Rapid KL staff guided queue and temporary shuttle arrangement
Malaysia transport update 2026-10-20
There are 18 comments in total
author
reply
Show 1 replies
Say something",Passengers were asked to get off at Pasar Seni due to train fault and wait for replacement at Universiti Passengers shared delay slip and crowding evidence during rush hour Rapid KL staff guided queue and temporary shuttle arrangement Malaysia transport update 2026 10 20 There are 18 comments in total author reply Show 1 replies Say something,1,incident_train_fault,synthetic_mock
lrtkelanajaya故障 - 小红书搜索 - Google Chrome,179,mock_post_179.png,lrtkelanajaya故障 - 小红书搜索 - Google Chrome,2026-02-22T10:59:00,"Xiaoxuan Talk Malaysia Official
focus on
General city transport post not related to outage or malfunction at Gombak.
People shared regular commute and station photos
No emergency notice was posted
Malaysia transport update 2026-05-11
There are 12 comments in total
author
reply
Show 1 replies
Say something",General city transport post not related to outage or malfunction at Gombak People shared regular commute and station photos No emergency notice was posted Malaysia transport update 2026 05 11 There are 12 comments in total author reply Show 1 replies Say something,0,normal_general,synthetic_mock
地铁 马来西亚 - 小红书搜索 - Google Chrome,180,mock_post_180.png,地铁 马来西亚 - 小红书搜索 - Google Chrome,2026-02-22T11:00:00,"City transit watcher
focus on
Rapid KL announced temporary service disruption between KLCC and Gombak with shuttle support at KL Sentral.
Passengers shared delay slip and crowding evidence during rush hour
Rapid KL staff guided queue and temporary shuttle arrangement
Malaysia transport update 2024-12-21
There are 1 comments in total
author
reply
Show 1 replies
Say something",Rapid KL announced temporary service disruption between KLCC and Gombak with shuttle support at KL Sentral Passengers shared delay slip and crowding evidence during rush hour Rapid KL staff guided queue and temporary shuttle arrangement Malaysia transport update 2024 12 21 There are 1 comments in total author reply Show 1 replies Say something,1,incident_service_disruption,synthetic_mock
🇲🇾LRT KelanajayaLine通告，列车降速 - 小红书 - Google Chrome,181,mock_post_181.png,🇲🇾LRT KelanajayaLine通告，列车降速 - 小红书 - Google Chrome,2026-02-22T11:01:00,"Rapid commuter diary
focus on
Service update says all lines are stable with no major delay this morning at Wangsa Maju.
People shared regular commute and station photos
No emergency notice was posted
Malaysia transport update 2024-06-10
There are 11 comments in total
author
reply
Show 3 replies
Say something",Service update says all lines are stable with no major delay this morning at Wangsa Maju People shared regular commute and station photos No emergency notice was posted Malaysia transport update 2024 06 10 There are 11 comments in total author reply Show 3 replies Say something,0,normal_update,synthetic_mock
mrtkajang问题 - 小红书搜索 - Google Chrome,182,mock_post_182.png,mrtkajang问题 - 小红书搜索 - Google Chrome,2026-02-22T11:02:00,"Ootashi store
focus on
LRT Kelana Jaya line had a signaling issue during peak hour and trains moved slowly at Kelana Jaya.
Passengers shared delay slip and crowding evidence during rush hour
Rapid KL staff guided queue and temporary shuttle arrangement
Malaysia transport update 2026-01-22
There are 3 comments in total
author
reply
Show 2 replies
Say something",LRT Kelana Jaya line had a signaling issue during peak hour and trains moved slowly at Kelana Jaya Passengers shared delay slip and crowding evidence during rush hour Rapid KL staff guided queue and temporary shuttle arrangement Malaysia transport update 2026 01 22 There are 3 comments in total author reply Show 2 replies Say something,1,incident_breakdown,synthetic_mock
lrtkelanajaya线 - 小红书搜索 - Google Chrome,183,mock_post_183.png,lrtkelanajaya线 - 小红书搜索 - Google Chrome,2026-02-22T11:03:00,"Rapid commuter diary
focus on
General city transport post not related to outage or malfunction at Wangsa Maju.
People shared regular commute and station photos
No emergency notice was posted
There are 14 comments in total
author
reply
Show 2 replies
Say something",General city transport post not related to outage or malfunction at Wangsa Maju People shared regular commute and station photos No emergency notice was posted There are 14 comments in total author reply Show 2 replies Say something,0,normal_general,synthetic_mock
🇲🇾LRT停运 注意了‼️ - 小红书 - Google Chrome,184,mock_post_184.png,🇲🇾LRT停运 注意了‼️ - 小红书 - Google Chrome,2026-02-22T11:04:00,"Leisurely kitten
focus on
Passengers were asked to get off at Pasar Seni due to train fault and wait for replacement at KLCC.
Passengers shared delay slip and crowding evidence during rush hour
Rapid KL staff guided queue and temporary shuttle arrangement
Malaysia transport update 2025-11-22
There are 16 comments in total
author
reply
Show 3 replies
Say something",Passengers were asked to get off at Pasar Seni due to train fault and wait for replacement at KLCC Passengers shared delay slip and crowding evidence during rush hour Rapid KL staff guided queue and temporary shuttle arrangement Malaysia transport update 2025 11 22 There are 16 comments in total author reply Show 3 replies Say something,1,incident_train_fault,synthetic_mock
lrtkelanajaya线 - 小红书搜索 - Google Chrome,185,mock_post_185.png,lrtkelanajaya线 - 小红书搜索 - Google Chrome,2026-02-22T11:05:00,"Ootashi store
focus on
Commuting to work was smooth and station crowd level was manageable today at Kelana Jaya.
People shared regular commute and station photos
No emergency notice was posted
Malaysia transport update 2026-01-01
There are 7 comments in total
author
reply
Show 2 replies
Say something",Commuting to work was smooth and station crowd level was manageable today at Kelana Jaya People shared regular commute and station photos No emergency notice was posted Malaysia transport update 2026 01 01 There are 7 comments in total author reply Show 2 replies Say something,0,normal_commute,synthetic_mock
lrtkelanajaya故障 - 小红书搜索 - Google Chrome,186,mock_post_186.png,lrtkelanajaya故障 - 小红书搜索 - Google Chrome,2026-02-22T11:06:00,"Leisurely kitten
focus on
Rapid KL announced temporary service disruption between KLCC and Gombak with shuttle support at Gombak.
Passengers shared delay slip and crowding evidence during rush hour
Rapid KL staff guided queue and temporary shuttle arrangement
Malaysia transport update 2024-08-24
There are 14 comments in total
author
reply
Show 1 replies
Say something",Rapid KL announced temporary service disruption between KLCC and Gombak with shuttle support at Gombak Passengers shared delay slip and crowding evidence during rush hour Rapid KL staff guided queue and temporary shuttle arrangement Malaysia transport update 2024 08 24 There are 14 comments in total author reply Show 1 replies Say something,1,incident_service_disruption,synthetic_mock
mrt kajang - 小红书搜索 - Google Chrome,187,mock_post_187.png,mrt kajang - 小红书搜索 - Google Chrome,2026-02-22T11:07:00,"City transit watcher
focus on
No disruption observed and transfer between lines completed without waiting at Masjid Jamek.
People shared regular commute and station photos
No emergency notice was posted
Malaysia transport update 2026-11-26
There are 12 comments in total
author
reply
Show 1 replies
Say something",No disruption observed and transfer between lines completed without waiting at Masjid Jamek People shared regular commute and station photos No emergency notice was posted Malaysia transport update 2026 11 26 There are 12 comments in total author reply Show 1 replies Say something,0,normal_no_incident,synthetic_mock
mrt kajang - 小红书搜索 - Google Chrome,188,mock_post_188.png,mrt kajang - 小红书搜索 - Google Chrome,2026-02-22T11:08:00,"Rapid commuter diary
focus on
Kelana Jaya line maintenance phase affected frequency and caused crowding at stations at Kelana Jaya.
Passengers shared delay slip and crowding evidence during rush hour
Rapid KL staff guided queue and temporary shuttle arrangement
Malaysia transport update 2024-06-19
There are 14 comments in total
author
reply
Show 3 replies
Say something",Kelana Jaya line maintenance phase affected frequency and caused crowding at stations at Kelana Jaya Passengers shared delay slip and crowding evidence during rush hour Rapid KL staff guided queue and temporary shuttle arrangement Malaysia transport update 2024 06 19 There are 14 comments in total author reply Show 3 replies Say something,1,incident_maintenance_impact,synthetic_mock
mrt fault - 小红书搜索 - Google Chrome,189,mock_post_189.png,mrt fault - 小红书搜索 - Google Chrome,2026-02-22T11:09:00,"Leisurely kitten
focus on
General city transport post not related to outage or malfunction at Wangsa Maju.
People shared regular commute and station photos
No emergency notice was posted
Malaysia transport update 2024-06-06
There are 15 comments in total
author
reply
Show 3 replies
Say something",General city transport post not related to outage or malfunction at Wangsa Maju People shared regular commute and station photos No emergency notice was posted Malaysia transport update 2024 06 06 There are 15 comments in total author reply Show 3 replies Say something,0,normal_general,synthetic_mock
mrt kajang - 小红书搜索 - Google Chrome,190,mock_post_190.png,mrt kajang - 小红书搜索 - Google Chrome,2026-02-22T11:10:00,"KL daily commuter
focus on
LRT Kelana Jaya line had a signaling issue during peak hour and trains moved slowly at Wangsa Maju.
Passengers shared delay slip and crowding evidence during rush hour
Rapid KL staff guided queue and temporary shuttle arrangement
Malaysia transport update 2025-10-13
There are 17 comments in total
author
reply
Show 1 replies
Say something",LRT Kelana Jaya line had a signaling issue during peak hour and trains moved slowly at Wangsa Maju Passengers shared delay slip and crowding evidence during rush hour Rapid KL staff guided queue and temporary shuttle arrangement Malaysia transport update 2025 10 13 There are 17 comments in total author reply Show 1 replies Say something,1,incident_breakdown,synthetic_mock
地铁 马来西亚 - 小红书搜索 - Google Chrome,191,mock_post_191.png,地铁 马来西亚 - 小红书搜索 - Google Chrome,2026-02-22T11:11:00,"Ootashi store
focus on
Commuting to work was smooth and station crowd level was manageable today at Putra Heights.
People shared regular commute and station photos
No emergency notice was posted
Malaysia transport update 2024-02-17
There are 4 comments in total
author
reply
Show 3 replies
Say something",Commuting to work was smooth and station crowd level was manageable today at Putra Heights People shared regular commute and station photos No emergency notice was posted Malaysia transport update 2024 02 17 There are 4 comments in total author reply Show 3 replies Say something,0,normal_commute,synthetic_mock
lrt klcc - 小红书搜索 - Google Chrome,192,mock_post_192.png,lrt klcc - 小红书搜索 - Google Chrome,2026-02-22T11:12:00,"Leisurely kitten
focus on
Rapid KL announced temporary service disruption between KLCC and Gombak with shuttle support at Putra Heights.
Passengers shared delay slip and crowding evidence during rush hour
Rapid KL staff guided queue and temporary shuttle arrangement
There are 5 comments in total
author
reply
Show 1 replies
Say something",Rapid KL announced temporary service disruption between KLCC and Gombak with shuttle support at Putra Heights Passengers shared delay slip and crowding evidence during rush hour Rapid KL staff guided queue and temporary shuttle arrangement There are 5 comments in total author reply Show 1 replies Say something,1,incident_service_disruption,synthetic_mock
mrtkajang问题 - 小红书搜索 - Google Chrome,193,mock_post_193.png,mrtkajang问题 - 小红书搜索 - Google Chrome,2026-02-22T11:13:00,"Ootashi store
focus on
Service update says all lines are stable with no major delay this morning at Gombak.
People shared regular commute and station photos
No emergency notice was posted
Malaysia transport update 2024-11-03
There are 6 comments in total
author
reply
Show 3 replies
Say something",Service update says all lines are stable with no major delay this morning at Gombak People shared regular commute and station photos No emergency notice was posted Malaysia transport update 2024 11 03 There are 6 comments in total author reply Show 3 replies Say something,0,normal_update,synthetic_mock
mrt fault - 小红书搜索 - Google Chrome,194,mock_post_194.png,mrt fault - 小红书搜索 - Google Chrome,2026-02-22T11:14:00,"KL daily commuter
focus on
Power trip caused brief outage and service resumed after technicians completed repair at KL Sentral.
Passengers shared delay slip and crowding evidence during rush hour
Rapid KL staff guided queue and temporary shuttle arrangement
There are 11 comments in total
author
reply
Show 3 replies
Say something",Power trip caused brief outage and service resumed after technicians completed repair at KL Sentral Passengers shared delay slip and crowding evidence during rush hour Rapid KL staff guided queue and temporary shuttle arrangement There are 11 comments in total author reply Show 3 replies Say something,1,incident_power_outage,synthetic_mock
lrt is bad again - Xiaohongshu search - Google Chrome,195,mock_post_195.png,lrt is bad again - Xiaohongshu search - Google Chrome,2026-02-22T11:15:00,"Xiaoxuan Talk Malaysia Official
focus on
Service update says all lines are stable with no major delay this morning at Ampang Park.
People shared regular commute and station photos
No emergency notice was posted
Malaysia transport update 2026-05-26
There are 9 comments in total
author
reply
Show 3 replies
Say something",Service update says all lines are stable with no major delay this morning at Ampang Park People shared regular commute and station photos No emergency notice was posted Malaysia transport update 2026 05 26 There are 9 comments in total author reply Show 3 replies Say something,0,normal_update,synthetic_mock
lrt klcc - 小红书搜索 - Google Chrome,196,mock_post_196.png,lrt klcc - 小红书搜索 - Google Chrome,2026-02-22T11:16:00,"Xiaoxuan Talk Malaysia Official
focus on
Commuters reported long queue and train delay after track maintenance at Universiti station at Masjid Jamek.
Passengers shared delay slip and crowding evidence during rush hour
Rapid KL staff guided queue and temporary shuttle arrangement
Malaysia transport update 2025-01-02
There are 12 comments in total
author
reply
Show 2 replies
Say something",Commuters reported long queue and train delay after track maintenance at Universiti station at Masjid Jamek Passengers shared delay slip and crowding evidence during rush hour Rapid KL staff guided queue and temporary shuttle arrangement Malaysia transport update 2025 01 02 There are 12 comments in total author reply Show 2 replies Say something,1,incident_delay,synthetic_mock
🇲🇾LRT KelanajayaLine通告，列车降速 - 小红书 - Google Chrome,197,mock_post_197.png,🇲🇾LRT KelanajayaLine通告，列车降速 - 小红书 - Google Chrome,2026-02-22T11:17:00,"Little Red Potato 66A1
focus on
General city transport post not related to outage or malfunction at KLCC.
People shared regular commute and station photos
No emergency notice was posted
There are 13 comments in total
author
reply
Show 2 replies
Say something",General city transport post not related to outage or malfunction at KLCC People shared regular commute and station photos No emergency notice was posted There are 13 comments in total author reply Show 2 replies Say something,0,normal_general,synthetic_mock
🇲🇾LRT KelanajayaLine通告，列车降速 - 小红书 - Google Chrome,198,mock_post_198.png,🇲🇾LRT KelanajayaLine通告，列车降速 - 小红书 - Google Chrome,2026-02-22T11:18:00,"Rapid commuter diary
focus on
Passengers were asked to get off at Pasar Seni due to train fault and wait for replacement at Kelana Jaya.
Passengers shared delay slip and crowding evidence during rush hour
Rapid KL staff guided queue and temporary shuttle arrangement
There are 7 comments in total
author
reply
Show 2 replies
Say something",Passengers were asked to get off at Pasar Seni due to train fault and wait for replacement at Kelana Jaya Passengers shared delay slip and crowding evidence during rush hour Rapid KL staff guided queue and temporary shuttle arrangement There are 7 comments in total author reply Show 2 replies Say something,1,incident_train_fault,synthetic_mock
mrt fault - 小红书搜索 - Google Chrome,199,mock_post_199.png,mrt fault - 小红书搜索 - Google Chrome,2026-02-22T11:19:00,"Ootashi store
focus on
No disruption observed and transfer between lines completed without waiting at Masjid Jamek.
People shared regular commute and station photos
No emergency notice was posted
There are 15 comments in total
author
reply
Show 1 replies
Say something",No disruption observed and transfer between lines completed without waiting at Masjid Jamek People shared regular commute and station photos No emergency notice was posted There are 15 comments in total author reply Show 1 replies Say something,0,normal_no_incident,synthetic_mock
mrtkajang问题 - 小红书搜索 - Google Chrome,200,mock_post_200.png,mrtkajang问题 - 小红书搜索 - Google Chrome,2026-02-22T11:20:00,"Little Red Potato 66A1
focus on
Kelana Jaya line maintenance phase affected frequency and caused crowding at stations at KLCC.
Passengers shared delay slip and crowding evidence during rush hour
Rapid KL staff guided queue and temporary shuttle arrangement
There are 2 comments in total
author
reply
Show 1 replies
Say something",Kelana Jaya line maintenance phase affected frequency and caused crowding at stations at KLCC Passengers shared delay slip and crowding evidence during rush hour Rapid KL staff guided queue and temporary shuttle arrangement There are 2 comments in total author reply Show 1 replies Say something,1,incident_maintenance_impact,synthetic_mock
mrt - 小红书搜索 - Google Chrome,201,mock_post_201.png,mrt - 小红书搜索 - Google Chrome,2026-02-22T11:21:00,"Little Red Potato 66A1
focus on
No disruption observed and transfer between lines completed without waiting at Masjid Jamek.
People shared regular commute and station photos
No emergency notice was posted
There are 12 comments in total
author
reply
Show 2 replies
Say something",No disruption observed and transfer between lines completed without waiting at Masjid Jamek People shared regular commute and station photos No emergency notice was posted There are 12 comments in total author reply Show 2 replies Say something,0,normal_no_incident,synthetic_mock
mrt fault - 小红书搜索 - Google Chrome,202,mock_post_202.png,mrt fault - 小红书搜索 - Google Chrome,2026-02-22T11:22:00,"KL daily commuter
focus on
Power trip caused brief outage and service resumed after technicians completed repair at Wangsa Maju.
Passengers shared delay slip and crowding evidence during rush hour
Rapid KL staff guided queue and temporary shuttle arrangement
Malaysia transport update 2026-01-26
There are 11 comments in total
author
reply
Show 1 replies
Say something",Power trip caused brief outage and service resumed after technicians completed repair at Wangsa Maju Passengers shared delay slip and crowding evidence during rush hour Rapid KL staff guided queue and temporary shuttle arrangement Malaysia transport update 2026 01 26 There are 11 comments in total author reply Show 1 replies Say something,1,incident_power_outage,synthetic_mock
lrt klcc - 小红书搜索 - Google Chrome,203,mock_post_203.png,lrt klcc - 小红书搜索 - Google Chrome,2026-02-22T11:23:00,"City transit watcher
focus on
Normal operation resumed and train intervals are back to schedule at Masjid Jamek.
People shared regular commute and station photos
No emergency notice was posted
Malaysia transport update 2025-12-28
There are 5 comments in total
author
reply
Show 2 replies
Say something",Normal operation resumed and train intervals are back to schedule at Masjid Jamek People shared regular commute and station photos No emergency notice was posted Malaysia transport update 2025 12 28 There are 5 comments in total author reply Show 2 replies Say something,0,normal_operation,synthetic_mock
🇲🇾LRT KelanajayaLine通告，列车降速 - 小红书 - Google Chrome,204,mock_post_204.png,🇲🇾LRT KelanajayaLine通告，列车降速 - 小红书 - Google Chrome,2026-02-22T11:24:00,"Leisurely kitten
focus on
Passengers were asked to get off at Pasar Seni due to train fault and wait for replacement at Pasar Seni.
Passengers shared delay slip and crowding evidence during rush hour
Rapid KL staff guided queue and temporary shuttle arrangement
Malaysia transport update 2026-12-22
There are 13 comments in total
author
reply
Show 1 replies
Say something",Passengers were asked to get off at Pasar Seni due to train fault and wait for replacement at Pasar Seni Passengers shared delay slip and crowding evidence during rush hour Rapid KL staff guided queue and temporary shuttle arrangement Malaysia transport update 2026 12 22 There are 13 comments in total author reply Show 1 replies Say something,1,incident_train_fault,synthetic_mock
🇲🇾LRT停运 注意了‼️ - 小红书 - Google Chrome,205,mock_post_205.png,🇲🇾LRT停运 注意了‼️ - 小红书 - Google Chrome,2026-02-22T11:25:00,"Leisurely kitten
focus on
General city transport post not related to outage or malfunction at KLCC.
People shared regular commute and station photos
No emergency notice was posted
There are 11 comments in total
author
reply
Show 1 replies
Say something",General city transport post not related to outage or malfunction at KLCC People shared regular commute and station photos No emergency notice was posted There are 11 comments in total author reply Show 1 replies Say something,0,normal_general,synthetic_mock
mrt fault - 小红书搜索 - Google Chrome,206,mock_post_206.png,mrt fault - 小红书搜索 - Google Chrome,2026-02-22T11:26:00,"Xiaoxuan Talk Malaysia Official
focus on
Kelana Jaya line maintenance phase affected frequency and caused crowding at stations at Masjid Jamek.
Passengers shared delay slip and crowding evidence during rush hour
Rapid KL staff guided queue and temporary shuttle arrangement
There are 14 comments in total
author
reply
Show 3 replies
Say something",Kelana Jaya line maintenance phase affected frequency and caused crowding at stations at Masjid Jamek Passengers shared delay slip and crowding evidence during rush hour Rapid KL staff guided queue and temporary shuttle arrangement There are 14 comments in total author reply Show 3 replies Say something,1,incident_maintenance_impact,synthetic_mock
lrtkelanajaya线 - 小红书搜索 - Google Chrome,207,mock_post_207.png,lrtkelanajaya线 - 小红书搜索 - Google Chrome,2026-02-22T11:27:00,"Leisurely kitten
focus on
Normal operation resumed and train intervals are back to schedule at Putra Heights.
People shared regular commute and station photos
No emergency notice was posted
Malaysia transport update 2024-06-25
There are 16 comments in total
author
reply
Show 1 replies
Say something",Normal operation resumed and train intervals are back to schedule at Putra Heights People shared regular commute and station photos No emergency notice was posted Malaysia transport update 2024 06 25 There are 16 comments in total author reply Show 1 replies Say something,0,normal_operation,synthetic_mock
地铁 马来西亚 - 小红书搜索 - Google Chrome,208,mock_post_208.png,地铁 马来西亚 - 小红书搜索 - Google Chrome,2026-02-22T11:28:00,"Xiaoxuan Talk Malaysia Official
focus on
Rapid KL announced temporary service disruption between KLCC and Gombak with shuttle support at Pasar Seni.
Passengers shared delay slip and crowding evidence during rush hour
Rapid KL staff guided queue and temporary shuttle arrangement
Malaysia transport update 2024-09-25
There are 18 comments in total
author
reply
Show 3 replies
Say something",Rapid KL announced temporary service disruption between KLCC and Gombak with shuttle support at Pasar Seni Passengers shared delay slip and crowding evidence during rush hour Rapid KL staff guided queue and temporary shuttle arrangement Malaysia transport update 2024 09 25 There are 18 comments in total author reply Show 3 replies Say something,1,incident_service_disruption,synthetic_mock
lrtkelanajaya故障 - 小红书搜索 - Google Chrome,209,mock_post_209.png,lrtkelanajaya故障 - 小红书搜索 - Google Chrome,2026-02-22T11:29:00,"KL daily commuter
focus on
Normal operation resumed and train intervals are back to schedule at Putra Heights.
People shared regular commute and station photos
No emergency notice was posted
There are 13 comments in total
author
reply
Show 1 replies
Say something",Normal operation resumed and train intervals are back to schedule at Putra Heights People shared regular commute and station photos No emergency notice was posted There are 13 comments in total author reply Show 1 replies Say something,0,normal_operation,synthetic_mock
mrt kajang - 小红书搜索 - Google Chrome,210,mock_post_210.png,mrt kajang - 小红书搜索 - Google Chrome,2026-02-22T11:30:00,"KL daily commuter
focus on
Rapid KL announced temporary service disruption between KLCC and Gombak with shuttle support at KL Sentral.
Passengers shared delay slip and crowding evidence during rush hour
Rapid KL staff guided queue and temporary shuttle arrangement
There are 15 comments in total
author
reply
Show 1 replies
Say something",Rapid KL announced temporary service disruption between KLCC and Gombak with shuttle support at KL Sentral Passengers shared delay slip and crowding evidence during rush hour Rapid KL staff guided queue and temporary shuttle arrangement There are 15 comments in total author reply Show 1 replies Say something,1,incident_service_disruption,synthetic_mock
地铁 马来西亚 - 小红书搜索 - Google Chrome,211,mock_post_211.png,地铁 马来西亚 - 小红书搜索 - Google Chrome,2026-02-22T11:31:00,"Rapid commuter diary
focus on
Commuting to work was smooth and station crowd level was manageable today at Universiti.
People shared regular commute and station photos
No emergency notice was posted
There are 15 comments in total
author
reply
Show 1 replies
Say something",Commuting to work was smooth and station crowd level was manageable today at Universiti People shared regular commute and station photos No emergency notice was posted There are 15 comments in total author reply Show 1 replies Say something,0,normal_commute,synthetic_mock
🇲🇾LRT停运 注意了‼️ - 小红书 - Google Chrome,212,mock_post_212.png,🇲🇾LRT停运 注意了‼️ - 小红书 - Google Chrome,2026-02-22T11:32:00,"KL daily commuter
focus on
Rapid KL announced temporary service disruption between KLCC and Gombak with shuttle support at Gombak.
Passengers shared delay slip and crowding evidence during rush hour
Rapid KL staff guided queue and temporary shuttle arrangement
There are 7 comments in total
author
reply
Show 2 replies
Say something",Rapid KL announced temporary service disruption between KLCC and Gombak with shuttle support at Gombak Passengers shared delay slip and crowding evidence during rush hour Rapid KL staff guided queue and temporary shuttle arrangement There are 7 comments in total author reply Show 2 replies Say something,1,incident_service_disruption,synthetic_mock
地铁 马来西亚 - 小红书搜索 - Google Chrome,213,mock_post_213.png,地铁 马来西亚 - 小红书搜索 - Google Chrome,2026-02-22T11:33:00,"Rapid commuter diary
focus on
Routine travel post about route tips and fare sharing at Ampang Park.
People shared regular commute and station photos
No emergency notice was posted
There are 13 comments in total
author
reply
Show 3 replies
Say something",Routine travel post about route tips and fare sharing at Ampang Park People shared regular commute and station photos No emergency notice was posted There are 13 comments in total author reply Show 3 replies Say something,0,normal_travel_tip,synthetic_mock
🇲🇾LRT停运 注意了‼️ - 小红书 - Google Chrome,214,mock_post_214.png,🇲🇾LRT停运 注意了‼️ - 小红书 - Google Chrome,2026-02-22T11:34:00,"KL daily commuter
focus on
Power trip caused brief outage and service resumed after technicians completed repair at Pasar Seni.
Passengers shared delay slip and crowding evidence during rush hour
Rapid KL staff guided queue and temporary shuttle arrangement
Malaysia transport update 2026-03-28
There are 9 comments in total
author
reply
Show 1 replies
Say something",Power trip caused brief outage and service resumed after technicians completed repair at Pasar Seni Passengers shared delay slip and crowding evidence during rush hour Rapid KL staff guided queue and temporary shuttle arrangement Malaysia transport update 2026 03 28 There are 9 comments in total author reply Show 1 replies Say something,1,incident_power_outage,synthetic_mock
mrt - 小红书搜索 - Google Chrome,215,mock_post_215.png,mrt - 小红书搜索 - Google Chrome,2026-02-22T11:35:00,"Little Red Potato 66A1
focus on
No disruption observed and transfer between lines completed without waiting at Putra Heights.
People shared regular commute and station photos
No emergency notice was posted
There are 17 comments in total
author
reply
Show 1 replies
Say something",No disruption observed and transfer between lines completed without waiting at Putra Heights People shared regular commute and station photos No emergency notice was posted There are 17 comments in total author reply Show 1 replies Say something,0,normal_no_incident,synthetic_mock
lrtkelanajaya线 - 小红书搜索 - Google Chrome,216,mock_post_216.png,lrtkelanajaya线 - 小红书搜索 - Google Chrome,2026-02-22T11:36:00,"Leisurely kitten
focus on
LRT Kelana Jaya line had a signaling issue during peak hour and trains moved slowly at Pasar Seni.
Passengers shared delay slip and crowding evidence during rush hour
Rapid KL staff guided queue and temporary shuttle arrangement
Malaysia transport update 2026-03-27
There are 14 comments in total
author
reply
Show 1 replies
Say something",LRT Kelana Jaya line had a signaling issue during peak hour and trains moved slowly at Pasar Seni Passengers shared delay slip and crowding evidence during rush hour Rapid KL staff guided queue and temporary shuttle arrangement Malaysia transport update 2026 03 27 There are 14 comments in total author reply Show 1 replies Say something,1,incident_breakdown,synthetic_mock
lrt klcc - 小红书搜索 - Google Chrome,217,mock_post_217.png,lrt klcc - 小红书搜索 - Google Chrome,2026-02-22T11:37:00,"Xiaoxuan Talk Malaysia Official
focus on
No disruption observed and transfer between lines completed without waiting at Putra Heights.
People shared regular commute and station photos
No emergency notice was posted
Malaysia transport update 2025-09-12
There are 8 comments in total
author
reply
Show 2 replies
Say something",No disruption observed and transfer between lines completed without waiting at Putra Heights People shared regular commute and station photos No emergency notice was posted Malaysia transport update 2025 09 12 There are 8 comments in total author reply Show 2 replies Say something,0,normal_no_incident,synthetic_mock
lrtkelanajaya故障 - 小红书搜索 - Google Chrome,218,mock_post_218.png,lrtkelanajaya故障 - 小红书搜索 - Google Chrome,2026-02-22T11:38:00,"Xiaoxuan Talk Malaysia Official
focus on
Commuters reported long queue and train delay after track maintenance at Universiti station at Universiti.
Passengers shared delay slip and crowding evidence during rush hour
Rapid KL staff guided queue and temporary shuttle arrangement
Malaysia transport update 2024-12-21
There are 11 comments in total
author
reply
Show 1 replies
Say something",Commuters reported long queue and train delay after track maintenance at Universiti station at Universiti Passengers shared delay slip and crowding evidence during rush hour Rapid KL staff guided queue and temporary shuttle arrangement Malaysia transport update 2024 12 21 There are 11 comments in total author reply Show 1 replies Say something,1,incident_delay,synthetic_mock
lrt is bad again - Xiaohongshu search - Google Chrome,219,mock_post_219.png,lrt is bad again - Xiaohongshu search - Google Chrome,2026-02-22T11:39:00,"KL daily commuter
focus on
Normal operation resumed and train intervals are back to schedule at Gombak.
People shared regular commute and station photos
No emergency notice was posted
Malaysia transport update 2024-12-16
There are 15 comments in total
author
reply
Show 3 replies
Say something",Normal operation resumed and train intervals are back to schedule at Gombak People shared regular commute and station photos No emergency notice was posted Malaysia transport update 2024 12 16 There are 15 comments in total author reply Show 3 replies Say something,0,normal_operation,synthetic_mock
lrt klcc - 小红书搜索 - Google Chrome,220,mock_post_220.png,lrt klcc - 小红书搜索 - Google Chrome,2026-02-22T11:40:00,"Leisurely kitten
focus on
LRT Kelana Jaya line had a signaling issue during peak hour and trains moved slowly at Kelana Jaya.
Passengers shared delay slip and crowding evidence during rush hour
Rapid KL staff guided queue and temporary shuttle arrangement
Malaysia transport update 2024-09-24
There are 17 comments in total
author
reply
Show 2 replies
Say something",LRT Kelana Jaya line had a signaling issue during peak hour and trains moved slowly at Kelana Jaya Passengers shared delay slip and crowding evidence during rush hour Rapid KL staff guided queue and temporary shuttle arrangement Malaysia transport update 2024 09 24 There are 17 comments in total author reply Show 2 replies Say something,1,incident_breakdown,synthetic_mock
lrt klcc - 小红书搜索 - Google Chrome,221,mock_post_221.png,lrt klcc - 小红书搜索 - Google Chrome,2026-02-22T11:41:00,"Leisurely kitten
focus on
Commuting to work was smooth and station crowd level was manageable today at Universiti.
People shared regular commute and station photos
No emergency notice was posted
Malaysia transport update 2024-07-21
There are 15 comments in total
author
reply
Show 1 replies
Say something",Commuting to work was smooth and station crowd level was manageable today at Universiti People shared regular commute and station photos No emergency notice was posted Malaysia transport update 2024 07 21 There are 15 comments in total author reply Show 1 replies Say something,0,normal_commute,synthetic_mock
mrt kajang - 小红书搜索 - Google Chrome,222,mock_post_222.png,mrt kajang - 小红书搜索 - Google Chrome,2026-02-22T11:42:00,"Little Red Potato 66A1
focus on
Power trip caused brief outage and service resumed after technicians completed repair at KL Sentral.
Passengers shared delay slip and crowding evidence during rush hour
Rapid KL staff guided queue and temporary shuttle arrangement
Malaysia transport update 2026-10-08
There are 5 comments in total
author
reply
Show 2 replies
Say something",Power trip caused brief outage and service resumed after technicians completed repair at KL Sentral Passengers shared delay slip and crowding evidence during rush hour Rapid KL staff guided queue and temporary shuttle arrangement Malaysia transport update 2026 10 08 There are 5 comments in total author reply Show 2 replies Say something,1,incident_power_outage,synthetic_mock
mrt fault - 小红书搜索 - Google Chrome,223,mock_post_223.png,mrt fault - 小红书搜索 - Google Chrome,2026-02-22T11:43:00,"Leisurely kitten
focus on
Normal operation resumed and train intervals are back to schedule at KL Sentral.
People shared regular commute and station photos
No emergency notice was posted
Malaysia transport update 2025-03-22
There are 3 comments in total
author
reply
Show 3 replies
Say something",Normal operation resumed and train intervals are back to schedule at KL Sentral People shared regular commute and station photos No emergency notice was posted Malaysia transport update 2025 03 22 There are 3 comments in total author reply Show 3 replies Say something,0,normal_operation,synthetic_mock
lrt is bad again - Xiaohongshu search - Google Chrome,224,mock_post_224.png,lrt is bad again - Xiaohongshu search - Google Chrome,2026-02-22T11:44:00,"Little Red Potato 66A1
focus on
LRT Kelana Jaya line had a signaling issue during peak hour and trains moved slowly at Masjid Jamek.
Passengers shared delay slip and crowding evidence during rush hour
Rapid KL staff guided queue and temporary shuttle arrangement
Malaysia transport update 2026-09-01
There are 13 comments in total
author
reply
Show 2 replies
Say something",LRT Kelana Jaya line had a signaling issue during peak hour and trains moved slowly at Masjid Jamek Passengers shared delay slip and crowding evidence during rush hour Rapid KL staff guided queue and temporary shuttle arrangement Malaysia transport update 2026 09 01 There are 13 comments in total author reply Show 2 replies Say something,1,incident_breakdown,synthetic_mock
lrtkelanajaya线 - 小红书搜索 - Google Chrome,225,mock_post_225.png,lrtkelanajaya线 - 小红书搜索 - Google Chrome,2026-02-22T11:45:00,"Leisurely kitten
focus on
General city transport post not related to outage or malfunction at Wangsa Maju.
People shared regular commute and station photos
No emergency notice was posted
Malaysia transport update 2024-06-26
There are 3 comments in total
author
reply
Show 2 replies
Say something",General city transport post not related to outage or malfunction at Wangsa Maju People shared regular commute and station photos No emergency notice was posted Malaysia transport update 2024 06 26 There are 3 comments in total author reply Show 2 replies Say something,0,normal_general,synthetic_mock
lrt is bad again - Xiaohongshu search - Google Chrome,226,mock_post_226.png,lrt is bad again - Xiaohongshu search - Google Chrome,2026-02-22T11:46:00,"KL daily commuter
focus on
Kelana Jaya line maintenance phase affected frequency and caused crowding at stations at KLCC.
Passengers shared delay slip and crowding evidence during rush hour
Rapid KL staff guided queue and temporary shuttle arrangement
There are 11 comments in total
author
reply
Show 1 replies
Say something",Kelana Jaya line maintenance phase affected frequency and caused crowding at stations at KLCC Passengers shared delay slip and crowding evidence during rush hour Rapid KL staff guided queue and temporary shuttle arrangement There are 11 comments in total author reply Show 1 replies Say something,1,incident_maintenance_impact,synthetic_mock
mrtkajang问题 - 小红书搜索 - Google Chrome,227,mock_post_227.png,mrtkajang问题 - 小红书搜索 - Google Chrome,2026-02-22T11:47:00,"Leisurely kitten
focus on
Commuting to work was smooth and station crowd level was manageable today at Masjid Jamek.
People shared regular commute and station photos
No emergency notice was posted
There are 6 comments in total
author
reply
Show 3 replies
Say something",Commuting to work was smooth and station crowd level was manageable today at Masjid Jamek People shared regular commute and station photos No emergency notice was posted There are 6 comments in total author reply Show 3 replies Say something,0,normal_commute,synthetic_mock
mrt - 小红书搜索 - Google Chrome,228,mock_post_228.png,mrt - 小红书搜索 - Google Chrome,2026-02-22T11:48:00,"City transit watcher
focus on
Kelana Jaya line maintenance phase affected frequency and caused crowding at stations at Ampang Park.
Passengers shared delay slip and crowding evidence during rush hour
Rapid KL staff guided queue and temporary shuttle arrangement
Malaysia transport update 2024-02-23
There are 15 comments in total
author
reply
Show 1 replies
Say something",Kelana Jaya line maintenance phase affected frequency and caused crowding at stations at Ampang Park Passengers shared delay slip and crowding evidence during rush hour Rapid KL staff guided queue and temporary shuttle arrangement Malaysia transport update 2024 02 23 There are 15 comments in total author reply Show 1 replies Say something,1,incident_maintenance_impact,synthetic_mock
地铁 马来西亚 - 小红书搜索 - Google Chrome,229,mock_post_229.png,地铁 马来西亚 - 小红书搜索 - Google Chrome,2026-02-22T11:49:00,"KL daily commuter
focus on
Service update says all lines are stable with no major delay this morning at Kelana Jaya.
People shared regular commute and station photos
No emergency notice was posted
Malaysia transport update 2024-06-10
There are 17 comments in total
author
reply
Show 2 replies
Say something",Service update says all lines are stable with no major delay this morning at Kelana Jaya People shared regular commute and station photos No emergency notice was posted Malaysia transport update 2024 06 10 There are 17 comments in total author reply Show 2 replies Say something,0,normal_update,synthetic_mock
mrt fault - 小红书搜索 - Google Chrome,230,mock_post_230.png,mrt fault - 小红书搜索 - Google Chrome,2026-02-22T11:50:00,"Xiaoxuan Talk Malaysia Official
focus on
Power trip caused brief outage and service resumed after technicians completed repair at Gombak.
Passengers shared delay slip and crowding evidence during rush hour
Rapid KL staff guided queue and temporary shuttle arrangement
There are 7 comments in total
author
reply
Show 2 replies
Say something",Power trip caused brief outage and service resumed after technicians completed repair at Gombak Passengers shared delay slip and crowding evidence during rush hour Rapid KL staff guided queue and temporary shuttle arrangement There are 7 comments in total author reply Show 2 replies Say something,1,incident_power_outage,synthetic_mock
mrt fault - 小红书搜索 - Google Chrome,231,mock_post_231.png,mrt fault - 小红书搜索 - Google Chrome,2026-02-22T11:51:00,"Leisurely kitten
focus on
Normal operation resumed and train intervals are back to schedule at Putra Heights.
People shared regular commute and station photos
No emergency notice was posted
Malaysia transport update 2025-07-13
There are 15 comments in total
author
reply
Show 2 replies
Say something",Normal operation resumed and train intervals are back to schedule at Putra Heights People shared regular commute and station photos No emergency notice was posted Malaysia transport update 2025 07 13 There are 15 comments in total author reply Show 2 replies Say something,0,normal_operation,synthetic_mock
mrt kajang - 小红书搜索 - Google Chrome,232,mock_post_232.png,mrt kajang - 小红书搜索 - Google Chrome,2026-02-22T11:52:00,"City transit watcher
focus on
Rapid KL announced temporary service disruption between KLCC and Gombak with shuttle support at Ampang Park.
Passengers shared delay slip and crowding evidence during rush hour
Rapid KL staff guided queue and temporary shuttle arrangement
Malaysia transport update 2026-05-26
There are 3 comments in total
author
reply
Show 3 replies
Say something",Rapid KL announced temporary service disruption between KLCC and Gombak with shuttle support at Ampang Park Passengers shared delay slip and crowding evidence during rush hour Rapid KL staff guided queue and temporary shuttle arrangement Malaysia transport update 2026 05 26 There are 3 comments in total author reply Show 3 replies Say something,1,incident_service_disruption,synthetic_mock
mrt - 小红书搜索 - Google Chrome,233,mock_post_233.png,mrt - 小红书搜索 - Google Chrome,2026-02-22T11:53:00,"Little Red Potato 66A1
focus on
Normal operation resumed and train intervals are back to schedule at Wangsa Maju.
People shared regular commute and station photos
No emergency notice was posted
There are 6 comments in total
author
reply
Show 3 replies
Say something",Normal operation resumed and train intervals are back to schedule at Wangsa Maju People shared regular commute and station photos No emergency notice was posted There are 6 comments in total author reply Show 3 replies Say something,0,normal_operation,synthetic_mock
mrtkajang问题 - 小红书搜索 - Google Chrome,234,mock_post_234.png,mrtkajang问题 - 小红书搜索 - Google Chrome,2026-02-22T11:54:00,"Xiaoxuan Talk Malaysia Official
focus on
Commuters reported long queue and train delay after track maintenance at Universiti station at KLCC.
Passengers shared delay slip and crowding evidence during rush hour
Rapid KL staff guided queue and temporary shuttle arrangement
Malaysia transport update 2025-05-15
There are 14 comments in total
author
reply
Show 1 replies
Say something",Commuters reported long queue and train delay after track maintenance at Universiti station at KLCC Passengers shared delay slip and crowding evidence during rush hour Rapid KL staff guided queue and temporary shuttle arrangement Malaysia transport update 2025 05 15 There are 14 comments in total author reply Show 1 replies Say something,1,incident_delay,synthetic_mock
mrt kajang - 小红书搜索 - Google Chrome,235,mock_post_235.png,mrt kajang - 小红书搜索 - Google Chrome,2026-02-22T11:55:00,"Xiaoxuan Talk Malaysia Official
focus on
Commuting to work was smooth and station crowd level was manageable today at Ampang Park.
People shared regular commute and station photos
No emergency notice was posted
There are 12 comments in total
author
reply
Show 3 replies
Say something",Commuting to work was smooth and station crowd level was manageable today at Ampang Park People shared regular commute and station photos No emergency notice was posted There are 12 comments in total author reply Show 3 replies Say something,0,normal_commute,synthetic_mock
地铁 马来西亚 - 小红书搜索 - Google Chrome,236,mock_post_236.png,地铁 马来西亚 - 小红书搜索 - Google Chrome,2026-02-22T11:56:00,"Xiaoxuan Talk Malaysia Official
focus on
Commuters reported long queue and train delay after track maintenance at Universiti station at Kelana Jaya.
Passengers shared delay slip and crowding evidence during rush hour
Rapid KL staff guided queue and temporary shuttle arrangement
There are 13 comments in total
author
reply
Show 2 replies
Say something",Commuters reported long queue and train delay after track maintenance at Universiti station at Kelana Jaya Passengers shared delay slip and crowding evidence during rush hour Rapid KL staff guided queue and temporary shuttle arrangement There are 13 comments in total author reply Show 2 replies Say something,1,incident_delay,synthetic_mock
lrtkelanajaya故障 - 小红书搜索 - Google Chrome,237,mock_post_237.png,lrtkelanajaya故障 - 小红书搜索 - Google Chrome,2026-02-22T11:57:00,"Xiaoxuan Talk Malaysia Official
focus on
General city transport post not related to outage or malfunction at Pasar Seni.
People shared regular commute and station photos
No emergency notice was posted
Malaysia transport update 2026-11-26
There are 15 comments in total
author
reply
Show 1 replies
Say something",General city transport post not related to outage or malfunction at Pasar Seni People shared regular commute and station photos No emergency notice was posted Malaysia transport update 2026 11 26 There are 15 comments in total author reply Show 1 replies Say something,0,normal_general,synthetic_mock
🇲🇾LRT KelanajayaLine通告，列车降速 - 小红书 - Google Chrome,238,mock_post_238.png,🇲🇾LRT KelanajayaLine通告，列车降速 - 小红书 - Google Chrome,2026-02-22T11:58:00,"KL daily commuter
focus on
LRT Kelana Jaya line had a signaling issue during peak hour and trains moved slowly at Universiti.
Passengers shared delay slip and crowding evidence during rush hour
Rapid KL staff guided queue and temporary shuttle arrangement
There are 12 comments in total
author
reply
Show 2 replies
Say something",LRT Kelana Jaya line had a signaling issue during peak hour and trains moved slowly at Universiti Passengers shared delay slip and crowding evidence during rush hour Rapid KL staff guided queue and temporary shuttle arrangement There are 12 comments in total author reply Show 2 replies Say something,1,incident_breakdown,synthetic_mock
mrtkajang问题 - 小红书搜索 - Google Chrome,239,mock_post_239.png,mrtkajang问题 - 小红书搜索 - Google Chrome,2026-02-22T11:59:00,"Ootashi store
focus on
Normal operation resumed and train intervals are back to schedule at KL Sentral.
People shared regular commute and station photos
No emergency notice was posted
There are 12 comments in total
author
reply
Show 2 replies
Say something",Normal operation resumed and train intervals are back to schedule at KL Sentral People shared regular commute and station photos No emergency notice was posted There are 12 comments in total author reply Show 2 replies Say something,0,normal_operation,synthetic_mock
lrt klcc - 小红书搜索 - Google Chrome,240,mock_post_240.png,lrt klcc - 小红书搜索 - Google Chrome,2026-02-22T12:00:00,"Ootashi store
focus on
LRT Kelana Jaya line had a signaling issue during peak hour and trains moved slowly at KL Sentral.
Passengers shared delay slip and crowding evidence during rush hour
Rapid KL staff guided queue and temporary shuttle arrangement
Malaysia transport update 2025-06-21
There are 9 comments in total
author
reply
Show 1 replies
Say something",LRT Kelana Jaya line had a signaling issue during peak hour and trains moved slowly at KL Sentral Passengers shared delay slip and crowding evidence during rush hour Rapid KL staff guided queue and temporary shuttle arrangement Malaysia transport update 2025 06 21 There are 9 comments in total author reply Show 1 replies Say something,1,incident_breakdown,synthetic_mock
mrtkajang问题 - 小红书搜索 - Google Chrome,241,mock_post_241.png,mrtkajang问题 - 小红书搜索 - Google Chrome,2026-02-22T12:01:00,"Rapid commuter diary
focus on
Normal operation resumed and train intervals are back to schedule at Pasar Seni.
People shared regular commute and station photos
No emergency notice was posted
Malaysia transport update 2026-02-09
There are 9 comments in total
author
reply
Show 3 replies
Say something",Normal operation resumed and train intervals are back to schedule at Pasar Seni People shared regular commute and station photos No emergency notice was posted Malaysia transport update 2026 02 09 There are 9 comments in total author reply Show 3 replies Say something,0,normal_operation,synthetic_mock
lrt klcc - 小红书搜索 - Google Chrome,242,mock_post_242.png,lrt klcc - 小红书搜索 - Google Chrome,2026-02-22T12:02:00,"Leisurely kitten
focus on
Rapid KL announced temporary service disruption between KLCC and Gombak with shuttle support at KL Sentral.
Passengers shared delay slip and crowding evidence during rush hour
Rapid KL staff guided queue and temporary shuttle arrangement
There are 16 comments in total
author
reply
Show 1 replies
Say something",Rapid KL announced temporary service disruption between KLCC and Gombak with shuttle support at KL Sentral Passengers shared delay slip and crowding evidence during rush hour Rapid KL staff guided queue and temporary shuttle arrangement There are 16 comments in total author reply Show 1 replies Say something,1,incident_service_disruption,synthetic_mock
mrt fault - 小红书搜索 - Google Chrome,243,mock_post_243.png,mrt fault - 小红书搜索 - Google Chrome,2026-02-22T12:03:00,"Rapid commuter diary
focus on
Service update says all lines are stable with no major delay this morning at KLCC.
People shared regular commute and station photos
No emergency notice was posted
Malaysia transport update 2026-08-03
There are 11 comments in total
author
reply
Show 3 replies
Say something",Service update says all lines are stable with no major delay this morning at KLCC People shared regular commute and station photos No emergency notice was posted Malaysia transport update 2026 08 03 There are 11 comments in total author reply Show 3 replies Say something,0,normal_update,synthetic_mock
地铁 马来西亚 - 小红书搜索 - Google Chrome,244,mock_post_244.png,地铁 马来西亚 - 小红书搜索 - Google Chrome,2026-02-22T12:04:00,"Little Red Potato 66A1
focus on
Kelana Jaya line maintenance phase affected frequency and caused crowding at stations at KLCC.
Passengers shared delay slip and crowding evidence during rush hour
Rapid KL staff guided queue and temporary shuttle arrangement
Malaysia transport update 2025-03-23
There are 6 comments in total
author
reply
Show 2 replies
Say something",Kelana Jaya line maintenance phase affected frequency and caused crowding at stations at KLCC Passengers shared delay slip and crowding evidence during rush hour Rapid KL staff guided queue and temporary shuttle arrangement Malaysia transport update 2025 03 23 There are 6 comments in total author reply Show 2 replies Say something,1,incident_maintenance_impact,synthetic_mock
lrt is bad again - Xiaohongshu search - Google Chrome,245,mock_post_245.png,lrt is bad again - Xiaohongshu search - Google Chrome,2026-02-22T12:05:00,"Ootashi store
focus on
Service update says all lines are stable with no major delay this morning at KLCC.
People shared regular commute and station photos
No emergency notice was posted
There are 8 comments in total
author
reply
Show 2 replies
Say something",Service update says all lines are stable with no major delay this morning at KLCC People shared regular commute and station photos No emergency notice was posted There are 8 comments in total author reply Show 2 replies Say something,0,normal_update,synthetic_mock
mrt - 小红书搜索 - Google Chrome,246,mock_post_246.png,mrt - 小红书搜索 - Google Chrome,2026-02-22T12:06:00,"Little Red Potato 66A1
focus on
Commuters reported long queue and train delay after track maintenance at Universiti station at Masjid Jamek.
Passengers shared delay slip and crowding evidence during rush hour
Rapid KL staff guided queue and temporary shuttle arrangement
Malaysia transport update 2026-03-20
There are 3 comments in total
author
reply
Show 1 replies
Say something",Commuters reported long queue and train delay after track maintenance at Universiti station at Masjid Jamek Passengers shared delay slip and crowding evidence during rush hour Rapid KL staff guided queue and temporary shuttle arrangement Malaysia transport update 2026 03 20 There are 3 comments in total author reply Show 1 replies Say something,1,incident_delay,synthetic_mock
🇲🇾LRT停运 注意了‼️ - 小红书 - Google Chrome,247,mock_post_247.png,🇲🇾LRT停运 注意了‼️ - 小红书 - Google Chrome,2026-02-22T12:07:00,"Little Red Potato 66A1
focus on
No disruption observed and transfer between lines completed without waiting at Ampang Park.
People shared regular commute and station photos
No emergency notice was posted
Malaysia transport update 2025-10-03
There are 5 comments in total
author
reply
Show 2 replies
Say something",No disruption observed and transfer between lines completed without waiting at Ampang Park People shared regular commute and station photos No emergency notice was posted Malaysia transport update 2025 10 03 There are 5 comments in total author reply Show 2 replies Say something,0,normal_no_incident,synthetic_mock
地铁 马来西亚 - 小红书搜索 - Google Chrome,248,mock_post_248.png,地铁 马来西亚 - 小红书搜索 - Google Chrome,2026-02-22T12:08:00,"Rapid commuter diary
focus on
LRT Kelana Jaya line had a signaling issue during peak hour and trains moved slowly at Ampang Park.
Passengers shared delay slip and crowding evidence during rush hour
Rapid KL staff guided queue and temporary shuttle arrangement
There are 12 comments in total
author
reply
Show 1 replies
Say something",LRT Kelana Jaya line had a signaling issue during peak hour and trains moved slowly at Ampang Park Passengers shared delay slip and crowding evidence during rush hour Rapid KL staff guided queue and temporary shuttle arrangement There are 12 comments in total author reply Show 1 replies Say something,1,incident_breakdown,synthetic_mock
地铁 马来西亚 - 小红书搜索 - Google Chrome,249,mock_post_249.png,地铁 马来西亚 - 小红书搜索 - Google Chrome,2026-02-22T12:09:00,"Ootashi store
focus on
General city transport post not related to outage or malfunction at KL Sentral.
People shared regular commute and station photos
No emergency notice was posted
There are 5 comments in total
author
reply
Show 2 replies
Say something",General city transport post not related to outage or malfunction at KL Sentral People shared regular commute and station photos No emergency notice was posted There are 5 comments in total author reply Show 2 replies Say something,0,normal_general,synthetic_mock
地铁 马来西亚 - 小红书搜索 - Google Chrome,250,mock_post_250.png,地铁 马来西亚 - 小红书搜索 - Google Chrome,2026-02-22T12:10:00,"Little Red Potato 66A1
focus on
LRT Kelana Jaya line had a signaling issue during peak hour and trains moved slowly at KLCC.
Passengers shared delay slip and crowding evidence during rush hour
Rapid KL staff guided queue and temporary shuttle arrangement
Malaysia transport update 2024-03-11
There are 8 comments in total
author
reply
Show 2 replies
Say something",LRT Kelana Jaya line had a signaling issue during peak hour and trains moved slowly at KLCC Passengers shared delay slip and crowding evidence during rush hour Rapid KL staff guided queue and temporary shuttle arrangement Malaysia transport update 2024 03 11 There are 8 comments in total author reply Show 2 replies Say something,1,incident_breakdown,synthetic_mock
地铁 马来西亚 - 小红书搜索 - Google Chrome,251,mock_post_251.png,地铁 马来西亚 - 小红书搜索 - Google Chrome,2026-02-22T12:11:00,"Leisurely kitten
focus on
Commuting to work was smooth and station crowd level was manageable today at KLCC.
People shared regular commute and station photos
No emergency notice was posted
Malaysia transport update 2026-05-05
There are 10 comments in total
author
reply
Show 3 replies
Say something",Commuting to work was smooth and station crowd level was manageable today at KLCC People shared regular commute and station photos No emergency notice was posted Malaysia transport update 2026 05 05 There are 10 comments in total author reply Show 3 replies Say something,0,normal_commute,synthetic_mock
lrt is bad again - Xiaohongshu search - Google Chrome,252,mock_post_252.png,lrt is bad again - Xiaohongshu search - Google Chrome,2026-02-22T12:12:00,"City transit watcher
focus on
LRT Kelana Jaya line had a signaling issue during peak hour and trains moved slowly at Masjid Jamek.
Passengers shared delay slip and crowding evidence during rush hour
Rapid KL staff guided queue and temporary shuttle arrangement
Malaysia transport update 2026-03-06
There are 11 comments in total
author
reply
Show 3 replies
Say something",LRT Kelana Jaya line had a signaling issue during peak hour and trains moved slowly at Masjid Jamek Passengers shared delay slip and crowding evidence during rush hour Rapid KL staff guided queue and temporary shuttle arrangement Malaysia transport update 2026 03 06 There are 11 comments in total author reply Show 3 replies Say something,1,incident_breakdown,synthetic_mock
lrtkelanajaya线 - 小红书搜索 - Google Chrome,253,mock_post_253.png,lrtkelanajaya线 - 小红书搜索 - Google Chrome,2026-02-22T12:13:00,"Xiaoxuan Talk Malaysia Official
focus on
Normal operation resumed and train intervals are back to schedule at KLCC.
People shared regular commute and station photos
No emergency notice was posted
There are 9 comments in total
author
reply
Show 3 replies
Say something",Normal operation resumed and train intervals are back to schedule at KLCC People shared regular commute and station photos No emergency notice was posted There are 9 comments in total author reply Show 3 replies Say something,0,normal_operation,synthetic_mock
地铁 马来西亚 - 小红书搜索 - Google Chrome,254,mock_post_254.png,地铁 马来西亚 - 小红书搜索 - Google Chrome,2026-02-22T12:14:00,"Little Red Potato 66A1
focus on
Passengers were asked to get off at Pasar Seni due to train fault and wait for replacement at Wangsa Maju.
Passengers shared delay slip and crowding evidence during rush hour
Rapid KL staff guided queue and temporary shuttle arrangement
There are 16 comments in total
author
reply
Show 3 replies
Say something",Passengers were asked to get off at Pasar Seni due to train fault and wait for replacement at Wangsa Maju Passengers shared delay slip and crowding evidence during rush hour Rapid KL staff guided queue and temporary shuttle arrangement There are 16 comments in total author reply Show 3 replies Say something,1,incident_train_fault,synthetic_mock
lrt is bad again - Xiaohongshu search - Google Chrome,255,mock_post_255.png,lrt is bad again - Xiaohongshu search - Google Chrome,2026-02-22T12:15:00,"Rapid commuter diary
focus on
Commuting to work was smooth and station crowd level was manageable today at Gombak.
People shared regular commute and station photos
No emergency notice was posted
Malaysia transport update 2026-07-10
There are 15 comments in total
author
reply
Show 1 replies
Say something",Commuting to work was smooth and station crowd level was manageable today at Gombak People shared regular commute and station photos No emergency notice was posted Malaysia transport update 2026 07 10 There are 15 comments in total author reply Show 1 replies Say something,0,normal_commute,synthetic_mock
mrt fault - 小红书搜索 - Google Chrome,256,mock_post_256.png,mrt fault - 小红书搜索 - Google Chrome,2026-02-22T12:16:00,"Rapid commuter diary
focus on
Rapid KL announced temporary service disruption between KLCC and Gombak with shuttle support at Ampang Park.
Passengers shared delay slip and crowding evidence during rush hour
Rapid KL staff guided queue and temporary shuttle arrangement
Malaysia transport update 2024-06-20
There are 5 comments in total
author
reply
Show 2 replies
Say something",Rapid KL announced temporary service disruption between KLCC and Gombak with shuttle support at Ampang Park Passengers shared delay slip and crowding evidence during rush hour Rapid KL staff guided queue and temporary shuttle arrangement Malaysia transport update 2024 06 20 There are 5 comments in total author reply Show 2 replies Say something,1,incident_service_disruption,synthetic_mock
lrtkelanajaya线 - 小红书搜索 - Google Chrome,257,mock_post_257.png,lrtkelanajaya线 - 小红书搜索 - Google Chrome,2026-02-22T12:17:00,"Rapid commuter diary
focus on
General city transport post not related to outage or malfunction at Putra Heights.
People shared regular commute and station photos
No emergency notice was posted
Malaysia transport update 2025-09-18
There are 4 comments in total
author
reply
Show 2 replies
Say something",General city transport post not related to outage or malfunction at Putra Heights People shared regular commute and station photos No emergency notice was posted Malaysia transport update 2025 09 18 There are 4 comments in total author reply Show 2 replies Say something,0,normal_general,synthetic_mock
🇲🇾LRT KelanajayaLine通告，列车降速 - 小红书 - Google Chrome,258,mock_post_258.png,🇲🇾LRT KelanajayaLine通告，列车降速 - 小红书 - Google Chrome,2026-02-22T12:18:00,"Leisurely kitten
focus on
Power trip caused brief outage and service resumed after technicians completed repair at KLCC.
Passengers shared delay slip and crowding evidence during rush hour
Rapid KL staff guided queue and temporary shuttle arrangement
Malaysia transport update 2024-02-02
There are 10 comments in total
author
reply
Show 2 replies
Say something",Power trip caused brief outage and service resumed after technicians completed repair at KLCC Passengers shared delay slip and crowding evidence during rush hour Rapid KL staff guided queue and temporary shuttle arrangement Malaysia transport update 2024 02 02 There are 10 comments in total author reply Show 2 replies Say something,1,incident_power_outage,synthetic_mock
mrt fault - 小红书搜索 - Google Chrome,259,mock_post_259.png,mrt fault - 小红书搜索 - Google Chrome,2026-02-22T12:19:00,"KL daily commuter
focus on
No disruption observed and transfer between lines completed without waiting at Universiti.
People shared regular commute and station photos
No emergency notice was posted
There are 11 comments in total
author
reply
Show 3 replies
Say something",No disruption observed and transfer between lines completed without waiting at Universiti People shared regular commute and station photos No emergency notice was posted There are 11 comments in total author reply Show 3 replies Say something,0,normal_no_incident,synthetic_mock
mrt - 小红书搜索 - Google Chrome,260,mock_post_260.png,mrt - 小红书搜索 - Google Chrome,2026-02-22T12:20:00,"Rapid commuter diary
focus on
Rapid KL announced temporary service disruption between KLCC and Gombak with shuttle support at Pasar Seni.
Passengers shared delay slip and crowding evidence during rush hour
Rapid KL staff guided queue and temporary shuttle arrangement
There are 15 comments in total
author
reply
Show 2 replies
Say something",Rapid KL announced temporary service disruption between KLCC and Gombak with shuttle support at Pasar Seni Passengers shared delay slip and crowding evidence during rush hour Rapid KL staff guided queue and temporary shuttle arrangement There are 15 comments in total author reply Show 2 replies Say something,1,incident_service_disruption,synthetic_mock
lrtkelanajaya线 - 小红书搜索 - Google Chrome,261,mock_post_261.png,lrtkelanajaya线 - 小红书搜索 - Google Chrome,2026-02-22T12:21:00,"Xiaoxuan Talk Malaysia Official
focus on
No disruption observed and transfer between lines completed without waiting at Kelana Jaya.
People shared regular commute and station photos
No emergency notice was posted
There are 17 comments in total
author
reply
Show 2 replies
Say something",No disruption observed and transfer between lines completed without waiting at Kelana Jaya People shared regular commute and station photos No emergency notice was posted There are 17 comments in total author reply Show 2 replies Say something,0,normal_no_incident,synthetic_mock
地铁 马来西亚 - 小红书搜索 - Google Chrome,262,mock_post_262.png,地铁 马来西亚 - 小红书搜索 - Google Chrome,2026-02-22T12:22:00,"Leisurely kitten
focus on
Rapid KL announced temporary service disruption between KLCC and Gombak with shuttle support at KL Sentral.
Passengers shared delay slip and crowding evidence during rush hour
Rapid KL staff guided queue and temporary shuttle arrangement
Malaysia transport update 2025-08-20
There are 16 comments in total
author
reply
Show 2 replies
Say something",Rapid KL announced temporary service disruption between KLCC and Gombak with shuttle support at KL Sentral Passengers shared delay slip and crowding evidence during rush hour Rapid KL staff guided queue and temporary shuttle arrangement Malaysia transport update 2025 08 20 There are 16 comments in total author reply Show 2 replies Say something,1,incident_service_disruption,synthetic_mock
lrt is bad again - Xiaohongshu search - Google Chrome,263,mock_post_263.png,lrt is bad again - Xiaohongshu search - Google Chrome,2026-02-22T12:23:00,"Rapid commuter diary
focus on
Normal operation resumed and train intervals are back to schedule at KLCC.
People shared regular commute and station photos
No emergency notice was posted
Malaysia transport update 2025-12-12
There are 13 comments in total
author
reply
Show 2 replies
Say something",Normal operation resumed and train intervals are back to schedule at KLCC People shared regular commute and station photos No emergency notice was posted Malaysia transport update 2025 12 12 There are 13 comments in total author reply Show 2 replies Say something,0,normal_operation,synthetic_mock
mrt - 小红书搜索 - Google Chrome,264,mock_post_264.png,mrt - 小红书搜索 - Google Chrome,2026-02-22T12:24:00,"Little Red Potato 66A1
focus on
Power trip caused brief outage and service resumed after technicians completed repair at Kelana Jaya.
Passengers shared delay slip and crowding evidence during rush hour
Rapid KL staff guided queue and temporary shuttle arrangement
There are 12 comments in total
author
reply
Show 3 replies
Say something",Power trip caused brief outage and service resumed after technicians completed repair at Kelana Jaya Passengers shared delay slip and crowding evidence during rush hour Rapid KL staff guided queue and temporary shuttle arrangement There are 12 comments in total author reply Show 3 replies Say something,1,incident_power_outage,synthetic_mock
lrt klcc - 小红书搜索 - Google Chrome,265,mock_post_265.png,lrt klcc - 小红书搜索 - Google Chrome,2026-02-22T12:25:00,"Little Red Potato 66A1
focus on
Normal operation resumed and train intervals are back to schedule at Wangsa Maju.
People shared regular commute and station photos
No emergency notice was posted
Malaysia transport update 2026-05-27
There are 4 comments in total
author
reply
Show 1 replies
Say something",Normal operation resumed and train intervals are back to schedule at Wangsa Maju People shared regular commute and station photos No emergency notice was posted Malaysia transport update 2026 05 27 There are 4 comments in total author reply Show 1 replies Say something,0,normal_operation,synthetic_mock
lrtkelanajaya故障 - 小红书搜索 - Google Chrome,266,mock_post_266.png,lrtkelanajaya故障 - 小红书搜索 - Google Chrome,2026-02-22T12:26:00,"KL daily commuter
focus on
Power trip caused brief outage and service resumed after technicians completed repair at Putra Heights.
Passengers shared delay slip and crowding evidence during rush hour
Rapid KL staff guided queue and temporary shuttle arrangement
There are 18 comments in total
author
reply
Show 2 replies
Say something",Power trip caused brief outage and service resumed after technicians completed repair at Putra Heights Passengers shared delay slip and crowding evidence during rush hour Rapid KL staff guided queue and temporary shuttle arrangement There are 18 comments in total author reply Show 2 replies Say something,1,incident_power_outage,synthetic_mock
mrt fault - 小红书搜索 - Google Chrome,267,mock_post_267.png,mrt fault - 小红书搜索 - Google Chrome,2026-02-22T12:27:00,"Little Red Potato 66A1
focus on
Service update says all lines are stable with no major delay this morning at KL Sentral.
People shared regular commute and station photos
No emergency notice was posted
Malaysia transport update 2024-01-02
There are 5 comments in total
author
reply
Show 3 replies
Say something",Service update says all lines are stable with no major delay this morning at KL Sentral People shared regular commute and station photos No emergency notice was posted Malaysia transport update 2024 01 02 There are 5 comments in total author reply Show 3 replies Say something,0,normal_update,synthetic_mock
mrt kajang - 小红书搜索 - Google Chrome,268,mock_post_268.png,mrt kajang - 小红书搜索 - Google Chrome,2026-02-22T12:28:00,"Rapid commuter diary
focus on
Power trip caused brief outage and service resumed after technicians completed repair at Masjid Jamek.
Passengers shared delay slip and crowding evidence during rush hour
Rapid KL staff guided queue and temporary shuttle arrangement
Malaysia transport update 2026-03-11
There are 11 comments in total
author
reply
Show 1 replies
Say something",Power trip caused brief outage and service resumed after technicians completed repair at Masjid Jamek Passengers shared delay slip and crowding evidence during rush hour Rapid KL staff guided queue and temporary shuttle arrangement Malaysia transport update 2026 03 11 There are 11 comments in total author reply Show 1 replies Say something,1,incident_power_outage,synthetic_mock
lrt is bad again - Xiaohongshu search - Google Chrome,269,mock_post_269.png,lrt is bad again - Xiaohongshu search - Google Chrome,2026-02-22T12:29:00,"Little Red Potato 66A1
focus on
Routine travel post about route tips and fare sharing at Gombak.
People shared regular commute and station photos
No emergency notice was posted
Malaysia transport update 2026-09-16
There are 10 comments in total
author
reply
Show 2 replies
Say something",Routine travel post about route tips and fare sharing at Gombak People shared regular commute and station photos No emergency notice was posted Malaysia transport update 2026 09 16 There are 10 comments in total author reply Show 2 replies Say something,0,normal_travel_tip,synthetic_mock
mrtkajang问题 - 小红书搜索 - Google Chrome,270,mock_post_270.png,mrtkajang问题 - 小红书搜索 - Google Chrome,2026-02-22T12:30:00,"City transit watcher
focus on
Commuters reported long queue and train delay after track maintenance at Universiti station at Putra Heights.
Passengers shared delay slip and crowding evidence during rush hour
Rapid KL staff guided queue and temporary shuttle arrangement
Malaysia transport update 2025-10-10
There are 1 comments in total
author
reply
Show 3 replies
Say something",Commuters reported long queue and train delay after track maintenance at Universiti station at Putra Heights Passengers shared delay slip and crowding evidence during rush hour Rapid KL staff guided queue and temporary shuttle arrangement Malaysia transport update 2025 10 10 There are 1 comments in total author reply Show 3 replies Say something,1,incident_delay,synthetic_mock
🇲🇾LRT停运 注意了‼️ - 小红书 - Google Chrome,271,mock_post_271.png,🇲🇾LRT停运 注意了‼️ - 小红书 - Google Chrome,2026-02-22T12:31:00,"Little Red Potato 66A1
focus on
Commuting to work was smooth and station crowd level was manageable today at KL Sentral.
People shared regular commute and station photos
No emergency notice was posted
Malaysia transport update 2024-10-16
There are 6 comments in total
author
reply
Show 3 replies
Say something",Commuting to work was smooth and station crowd level was manageable today at KL Sentral People shared regular commute and station photos No emergency notice was posted Malaysia transport update 2024 10 16 There are 6 comments in total author reply Show 3 replies Say something,0,normal_commute,synthetic_mock
lrtkelanajaya线 - 小红书搜索 - Google Chrome,272,mock_post_272.png,lrtkelanajaya线 - 小红书搜索 - Google Chrome,2026-02-22T12:32:00,"KL daily commuter
focus on
Kelana Jaya line maintenance phase affected frequency and caused crowding at stations at KL Sentral.
Passengers shared delay slip and crowding evidence during rush hour
Rapid KL staff guided queue and temporary shuttle arrangement
There are 5 comments in total
author
reply
Show 3 replies
Say something",Kelana Jaya line maintenance phase affected frequency and caused crowding at stations at KL Sentral Passengers shared delay slip and crowding evidence during rush hour Rapid KL staff guided queue and temporary shuttle arrangement There are 5 comments in total author reply Show 3 replies Say something,1,incident_maintenance_impact,synthetic_mock
mrt kajang - 小红书搜索 - Google Chrome,273,mock_post_273.png,mrt kajang - 小红书搜索 - Google Chrome,2026-02-22T12:33:00,"City transit watcher
focus on
Normal operation resumed and train intervals are back to schedule at KL Sentral.
People shared regular commute and station photos
No emergency notice was posted
Malaysia transport update 2024-08-11
There are 14 comments in total
author
reply
Show 1 replies
Say something",Normal operation resumed and train intervals are back to schedule at KL Sentral People shared regular commute and station photos No emergency notice was posted Malaysia transport update 2024 08 11 There are 14 comments in total author reply Show 1 replies Say something,0,normal_operation,synthetic_mock
lrtkelanajaya故障 - 小红书搜索 - Google Chrome,274,mock_post_274.png,lrtkelanajaya故障 - 小红书搜索 - Google Chrome,2026-02-22T12:34:00,"Rapid commuter diary
focus on
Kelana Jaya line maintenance phase affected frequency and caused crowding at stations at Universiti.
Passengers shared delay slip and crowding evidence during rush hour
Rapid KL staff guided queue and temporary shuttle arrangement
Malaysia transport update 2026-08-28
There are 2 comments in total
author
reply
Show 3 replies
Say something",Kelana Jaya line maintenance phase affected frequency and caused crowding at stations at Universiti Passengers shared delay slip and crowding evidence during rush hour Rapid KL staff guided queue and temporary shuttle arrangement Malaysia transport update 2026 08 28 There are 2 comments in total author reply Show 3 replies Say something,1,incident_maintenance_impact,synthetic_mock
lrtkelanajaya故障 - 小红书搜索 - Google Chrome,275,mock_post_275.png,lrtkelanajaya故障 - 小红书搜索 - Google Chrome,2026-02-22T12:35:00,"Little Red Potato 66A1
focus on
Routine travel post about route tips and fare sharing at Universiti.
People shared regular commute and station photos
No emergency notice was posted
Malaysia transport update 2026-08-17
There are 13 comments in total
author
reply
Show 2 replies
Say something",Routine travel post about route tips and fare sharing at Universiti People shared regular commute and station photos No emergency notice was posted Malaysia transport update 2026 08 17 There are 13 comments in total author reply Show 2 replies Say something,0,normal_travel_tip,synthetic_mock
mrtkajang问题 - 小红书搜索 - Google Chrome,276,mock_post_276.png,mrtkajang问题 - 小红书搜索 - Google Chrome,2026-02-22T12:36:00,"Leisurely kitten
focus on
Power trip caused brief outage and service resumed after technicians completed repair at Masjid Jamek.
Passengers shared delay slip and crowding evidence during rush hour
Rapid KL staff guided queue and temporary shuttle arrangement
Malaysia transport update 2026-12-22
There are 9 comments in total
author
reply
Show 3 replies
Say something",Power trip caused brief outage and service resumed after technicians completed repair at Masjid Jamek Passengers shared delay slip and crowding evidence during rush hour Rapid KL staff guided queue and temporary shuttle arrangement Malaysia transport update 2026 12 22 There are 9 comments in total author reply Show 3 replies Say something,1,incident_power_outage,synthetic_mock
mrt - 小红书搜索 - Google Chrome,277,mock_post_277.png,mrt - 小红书搜索 - Google Chrome,2026-02-22T12:37:00,"Leisurely kitten
focus on
Service update says all lines are stable with no major delay this morning at Universiti.
People shared regular commute and station photos
No emergency notice was posted
There are 8 comments in total
author
reply
Show 2 replies
Say something",Service update says all lines are stable with no major delay this morning at Universiti People shared regular commute and station photos No emergency notice was posted There are 8 comments in total author reply Show 2 replies Say something,0,normal_update,synthetic_mock
mrt fault - 小红书搜索 - Google Chrome,278,mock_post_278.png,mrt fault - 小红书搜索 - Google Chrome,2026-02-22T12:38:00,"City transit watcher
focus on
Kelana Jaya line maintenance phase affected frequency and caused crowding at stations at Universiti.
Passengers shared delay slip and crowding evidence during rush hour
Rapid KL staff guided queue and temporary shuttle arrangement
There are 11 comments in total
author
reply
Show 2 replies
Say something",Kelana Jaya line maintenance phase affected frequency and caused crowding at stations at Universiti Passengers shared delay slip and crowding evidence during rush hour Rapid KL staff guided queue and temporary shuttle arrangement There are 11 comments in total author reply Show 2 replies Say something,1,incident_maintenance_impact,synthetic_mock
lrtkelanajaya故障 - 小红书搜索 - Google Chrome,279,mock_post_279.png,lrtkelanajaya故障 - 小红书搜索 - Google Chrome,2026-02-22T12:39:00,"Leisurely kitten
focus on
Routine travel post about route tips and fare sharing at Gombak.
People shared regular commute and station photos
No emergency notice was posted
Malaysia transport update 2026-09-13
There are 13 comments in total
author
reply
Show 2 replies
Say something",Routine travel post about route tips and fare sharing at Gombak People shared regular commute and station photos No emergency notice was posted Malaysia transport update 2026 09 13 There are 13 comments in total author reply Show 2 replies Say something,0,normal_travel_tip,synthetic_mock
mrtkajang问题 - 小红书搜索 - Google Chrome,280,mock_post_280.png,mrtkajang问题 - 小红书搜索 - Google Chrome,2026-02-22T12:40:00,"Leisurely kitten
focus on
Commuters reported long queue and train delay after track maintenance at Universiti station at Kelana Jaya.
Passengers shared delay slip and crowding evidence during rush hour
Rapid KL staff guided queue and temporary shuttle arrangement
There are 3 comments in total
author
reply
Show 2 replies
Say something",Commuters reported long queue and train delay after track maintenance at Universiti station at Kelana Jaya Passengers shared delay slip and crowding evidence during rush hour Rapid KL staff guided queue and temporary shuttle arrangement There are 3 comments in total author reply Show 2 replies Say something,1,incident_delay,synthetic_mock
mrt - 小红书搜索 - Google Chrome,281,mock_post_281.png,mrt - 小红书搜索 - Google Chrome,2026-02-22T12:41:00,"City transit watcher
focus on
General city transport post not related to outage or malfunction at Gombak.
People shared regular commute and station photos
No emergency notice was posted
Malaysia transport update 2024-09-09
There are 18 comments in total
author
reply
Show 3 replies
Say something",General city transport post not related to outage or malfunction at Gombak People shared regular commute and station photos No emergency notice was posted Malaysia transport update 2024 09 09 There are 18 comments in total author reply Show 3 replies Say something,0,normal_general,synthetic_mock
lrt is bad again - Xiaohongshu search - Google Chrome,282,mock_post_282.png,lrt is bad again - Xiaohongshu search - Google Chrome,2026-02-22T12:42:00,"Little Red Potato 66A1
focus on
Rapid KL announced temporary service disruption between KLCC and Gombak with shuttle support at KLCC.
Passengers shared delay slip and crowding evidence during rush hour
Rapid KL staff guided queue and temporary shuttle arrangement
There are 8 comments in total
author
reply
Show 1 replies
Say something",Rapid KL announced temporary service disruption between KLCC and Gombak with shuttle support at KLCC Passengers shared delay slip and crowding evidence during rush hour Rapid KL staff guided queue and temporary shuttle arrangement There are 8 comments in total author reply Show 1 replies Say something,1,incident_service_disruption,synthetic_mock
mrt kajang - 小红书搜索 - Google Chrome,283,mock_post_283.png,mrt kajang - 小红书搜索 - Google Chrome,2026-02-22T12:43:00,"Ootashi store
focus on
General city transport post not related to outage or malfunction at Masjid Jamek.
People shared regular commute and station photos
No emergency notice was posted
There are 2 comments in total
author
reply
Show 1 replies
Say something",General city transport post not related to outage or malfunction at Masjid Jamek People shared regular commute and station photos No emergency notice was posted There are 2 comments in total author reply Show 1 replies Say something,0,normal_general,synthetic_mock
地铁 马来西亚 - 小红书搜索 - Google Chrome,284,mock_post_284.png,地铁 马来西亚 - 小红书搜索 - Google Chrome,2026-02-22T12:44:00,"Xiaoxuan Talk Malaysia Official
focus on
Commuters reported long queue and train delay after track maintenance at Universiti station at Ampang Park.
Passengers shared delay slip and crowding evidence during rush hour
Rapid KL staff guided queue and temporary shuttle arrangement
There are 5 comments in total
author
reply
Show 1 replies
Say something",Commuters reported long queue and train delay after track maintenance at Universiti station at Ampang Park Passengers shared delay slip and crowding evidence during rush hour Rapid KL staff guided queue and temporary shuttle arrangement There are 5 comments in total author reply Show 1 replies Say something,1,incident_delay,synthetic_mock
🇲🇾LRT停运 注意了‼️ - 小红书 - Google Chrome,285,mock_post_285.png,🇲🇾LRT停运 注意了‼️ - 小红书 - Google Chrome,2026-02-22T12:45:00,"City transit watcher
focus on
Service update says all lines are stable with no major delay this morning at Wangsa Maju.
People shared regular commute and station photos
No emergency notice was posted
There are 16 comments in total
author
reply
Show 2 replies
Say something",Service update says all lines are stable with no major delay this morning at Wangsa Maju People shared regular commute and station photos No emergency notice was posted There are 16 comments in total author reply Show 2 replies Say something,0,normal_update,synthetic_mock
lrt is bad again - Xiaohongshu search - Google Chrome,286,mock_post_286.png,lrt is bad again - Xiaohongshu search - Google Chrome,2026-02-22T12:46:00,"Leisurely kitten
focus on
Rapid KL announced temporary service disruption between KLCC and Gombak with shuttle support at Gombak.
Passengers shared delay slip and crowding evidence during rush hour
Rapid KL staff guided queue and temporary shuttle arrangement
Malaysia transport update 2024-02-21
There are 8 comments in total
author
reply
Show 3 replies
Say something",Rapid KL announced temporary service disruption between KLCC and Gombak with shuttle support at Gombak Passengers shared delay slip and crowding evidence during rush hour Rapid KL staff guided queue and temporary shuttle arrangement Malaysia transport update 2024 02 21 There are 8 comments in total author reply Show 3 replies Say something,1,incident_service_disruption,synthetic_mock
mrt - 小红书搜索 - Google Chrome,287,mock_post_287.png,mrt - 小红书搜索 - Google Chrome,2026-02-22T12:47:00,"KL daily commuter
focus on
Service update says all lines are stable with no major delay this morning at Wangsa Maju.
People shared regular commute and station photos
No emergency notice was posted
Malaysia transport update 2024-07-26
There are 16 comments in total
author
reply
Show 1 replies
Say something",Service update says all lines are stable with no major delay this morning at Wangsa Maju People shared regular commute and station photos No emergency notice was posted Malaysia transport update 2024 07 26 There are 16 comments in total author reply Show 1 replies Say something,0,normal_update,synthetic_mock
mrt - 小红书搜索 - Google Chrome,288,mock_post_288.png,mrt - 小红书搜索 - Google Chrome,2026-02-22T12:48:00,"Leisurely kitten
focus on
LRT Kelana Jaya line had a signaling issue during peak hour and trains moved slowly at Kelana Jaya.
Passengers shared delay slip and crowding evidence during rush hour
Rapid KL staff guided queue and temporary shuttle arrangement
There are 4 comments in total
author
reply
Show 2 replies
Say something",LRT Kelana Jaya line had a signaling issue during peak hour and trains moved slowly at Kelana Jaya Passengers shared delay slip and crowding evidence during rush hour Rapid KL staff guided queue and temporary shuttle arrangement There are 4 comments in total author reply Show 2 replies Say something,1,incident_breakdown,synthetic_mock
lrt klcc - 小红书搜索 - Google Chrome,289,mock_post_289.png,lrt klcc - 小红书搜索 - Google Chrome,2026-02-22T12:49:00,"Little Red Potato 66A1
focus on
No disruption observed and transfer between lines completed without waiting at Masjid Jamek.
People shared regular commute and station photos
No emergency notice was posted
Malaysia transport update 2024-09-15
There are 9 comments in total
author
reply
Show 1 replies
Say something",No disruption observed and transfer between lines completed without waiting at Masjid Jamek People shared regular commute and station photos No emergency notice was posted Malaysia transport update 2024 09 15 There are 9 comments in total author reply Show 1 replies Say something,0,normal_no_incident,synthetic_mock
mrt fault - 小红书搜索 - Google Chrome,290,mock_post_290.png,mrt fault - 小红书搜索 - Google Chrome,2026-02-22T12:50:00,"City transit watcher
focus on
Commuters reported long queue and train delay after track maintenance at Universiti station at Pasar Seni.
Passengers shared delay slip and crowding evidence during rush hour
Rapid KL staff guided queue and temporary shuttle arrangement
Malaysia transport update 2025-12-06
There are 1 comments in total
author
reply
Show 3 replies
Say something",Commuters reported long queue and train delay after track maintenance at Universiti station at Pasar Seni Passengers shared delay slip and crowding evidence during rush hour Rapid KL staff guided queue and temporary shuttle arrangement Malaysia transport update 2025 12 06 There are 1 comments in total author reply Show 3 replies Say something,1,incident_delay,synthetic_mock
🇲🇾LRT停运 注意了‼️ - 小红书 - Google Chrome,291,mock_post_291.png,🇲🇾LRT停运 注意了‼️ - 小红书 - Google Chrome,2026-02-22T12:51:00,"City transit watcher
focus on
Commuting to work was smooth and station crowd level was manageable today at KL Sentral.
People shared regular commute and station photos
No emergency notice was posted
There are 6 comments in total
author
reply
Show 3 replies
Say something",Commuting to work was smooth and station crowd level was manageable today at KL Sentral People shared regular commute and station photos No emergency notice was posted There are 6 comments in total author reply Show 3 replies Say something,0,normal_commute,synthetic_mock
mrtkajang问题 - 小红书搜索 - Google Chrome,292,mock_post_292.png,mrtkajang问题 - 小红书搜索 - Google Chrome,2026-02-22T12:52:00,"Little Red Potato 66A1
focus on
Power trip caused brief outage and service resumed after technicians completed repair at Wangsa Maju.
Passengers shared delay slip and crowding evidence during rush hour
Rapid KL staff guided queue and temporary shuttle arrangement
Malaysia transport update 2025-11-04
There are 6 comments in total
author
reply
Show 1 replies
Say something",Power trip caused brief outage and service resumed after technicians completed repair at Wangsa Maju Passengers shared delay slip and crowding evidence during rush hour Rapid KL staff guided queue and temporary shuttle arrangement Malaysia transport update 2025 11 04 There are 6 comments in total author reply Show 1 replies Say something,1,incident_power_outage,synthetic_mock
mrt - 小红书搜索 - Google Chrome,293,mock_post_293.png,mrt - 小红书搜索 - Google Chrome,2026-02-22T12:53:00,"Xiaoxuan Talk Malaysia Official
focus on
Commuting to work was smooth and station crowd level was manageable today at Universiti.
People shared regular commute and station photos
No emergency notice was posted
Malaysia transport update 2024-08-25
There are 9 comments in total
author
reply
Show 2 replies
Say something",Commuting to work was smooth and station crowd level was manageable today at Universiti People shared regular commute and station photos No emergency notice was posted Malaysia transport update 2024 08 25 There are 9 comments in total author reply Show 2 replies Say something,0,normal_commute,synthetic_mock
lrt klcc - 小红书搜索 - Google Chrome,294,mock_post_294.png,lrt klcc - 小红书搜索 - Google Chrome,2026-02-22T12:54:00,"Xiaoxuan Talk Malaysia Official
focus on
Passengers were asked to get off at Pasar Seni due to train fault and wait for replacement at KL Sentral.
Passengers shared delay slip and crowding evidence during rush hour
Rapid KL staff guided queue and temporary shuttle arrangement
Malaysia transport update 2025-12-08
There are 2 comments in total
author
reply
Show 3 replies
Say something",Passengers were asked to get off at Pasar Seni due to train fault and wait for replacement at KL Sentral Passengers shared delay slip and crowding evidence during rush hour Rapid KL staff guided queue and temporary shuttle arrangement Malaysia transport update 2025 12 08 There are 2 comments in total author reply Show 3 replies Say something,1,incident_train_fault,synthetic_mock
lrt klcc - 小红书搜索 - Google Chrome,295,mock_post_295.png,lrt klcc - 小红书搜索 - Google Chrome,2026-02-22T12:55:00,"Ootashi store
focus on
No disruption observed and transfer between lines completed without waiting at Gombak.
People shared regular commute and station photos
No emergency notice was posted
Malaysia transport update 2026-12-25
There are 10 comments in total
author
reply
Show 3 replies
Say something",No disruption observed and transfer between lines completed without waiting at Gombak People shared regular commute and station photos No emergency notice was posted Malaysia transport update 2026 12 25 There are 10 comments in total author reply Show 3 replies Say something,0,normal_no_incident,synthetic_mock
mrtkajang问题 - 小红书搜索 - Google Chrome,296,mock_post_296.png,mrtkajang问题 - 小红书搜索 - Google Chrome,2026-02-22T12:56:00,"Leisurely kitten
focus on
Kelana Jaya line maintenance phase affected frequency and caused crowding at stations at Gombak.
Passengers shared delay slip and crowding evidence during rush hour
Rapid KL staff guided queue and temporary shuttle arrangement
There are 8 comments in total
author
reply
Show 1 replies
Say something",Kelana Jaya line maintenance phase affected frequency and caused crowding at stations at Gombak Passengers shared delay slip and crowding evidence during rush hour Rapid KL staff guided queue and temporary shuttle arrangement There are 8 comments in total author reply Show 1 replies Say something,1,incident_maintenance_impact,synthetic_mock
地铁 马来西亚 - 小红书搜索 - Google Chrome,297,mock_post_297.png,地铁 马来西亚 - 小红书搜索 - Google Chrome,2026-02-22T12:57:00,"City transit watcher
focus on
Service update says all lines are stable with no major delay this morning at Ampang Park.
People shared regular commute and station photos
No emergency notice was posted
There are 12 comments in total
author
reply
Show 2 replies
Say something",Service update says all lines are stable with no major delay this morning at Ampang Park People shared regular commute and station photos No emergency notice was posted There are 12 comments in total author reply Show 2 replies Say something,0,normal_update,synthetic_mock
🇲🇾LRT停运 注意了‼️ - 小红书 - Google Chrome,298,mock_post_298.png,🇲🇾LRT停运 注意了‼️ - 小红书 - Google Chrome,2026-02-22T12:58:00,"KL daily commuter
focus on
Power trip caused brief outage and service resumed after technicians completed repair at Masjid Jamek.
Passengers shared delay slip and crowding evidence during rush hour
Rapid KL staff guided queue and temporary shuttle arrangement
There are 7 comments in total
author
reply
Show 1 replies
Say something",Power trip caused brief outage and service resumed after technicians completed repair at Masjid Jamek Passengers shared delay slip and crowding evidence during rush hour Rapid KL staff guided queue and temporary shuttle arrangement There are 7 comments in total author reply Show 1 replies Say something,1,incident_power_outage,synthetic_mock
地铁 马来西亚 - 小红书搜索 - Google Chrome,299,mock_post_299.png,地铁 马来西亚 - 小红书搜索 - Google Chrome,2026-02-22T12:59:00,"Little Red Potato 66A1
focus on
Routine travel post about route tips and fare sharing at KLCC.
People shared regular commute and station photos
No emergency notice was posted
Malaysia transport update 2026-06-03
There are 4 comments in total
author
reply
Show 1 replies
Say something",Routine travel post about route tips and fare sharing at KLCC People shared regular commute and station photos No emergency notice was posted Malaysia transport update 2026 06 03 There are 4 comments in total author reply Show 1 replies Say something,0,normal_travel_tip,synthetic_mock
lrt klcc - 小红书搜索 - Google Chrome,300,mock_post_300.png,lrt klcc - 小红书搜索 - Google Chrome,2026-02-22T13:00:00,"Little Red Potato 66A1
focus on
Passengers were asked to get off at Pasar Seni due to train fault and wait for replacement at Universiti.
Passengers shared delay slip and crowding evidence during rush hour
Rapid KL staff guided queue and temporary shuttle arrangement
Malaysia transport update 2024-06-28
There are 17 comments in total
author
reply
Show 2 replies
Say something",Passengers were asked to get off at Pasar Seni due to train fault and wait for replacement at Universiti Passengers shared delay slip and crowding evidence during rush hour Rapid KL staff guided queue and temporary shuttle arrangement Malaysia transport update 2024 06 28 There are 17 comments in total author reply Show 2 replies Say something,1,incident_train_fault,synthetic_mock
mrtkajang问题 - 小红书搜索 - Google Chrome,301,mock_post_301.png,mrtkajang问题 - 小红书搜索 - Google Chrome,2026-02-22T13:01:00,"City transit watcher
focus on
General city transport post not related to outage or malfunction at Universiti.
People shared regular commute and station photos
No emergency notice was posted
There are 3 comments in total
author
reply
Show 3 replies
Say something",General city transport post not related to outage or malfunction at Universiti People shared regular commute and station photos No emergency notice was posted There are 3 comments in total author reply Show 3 replies Say something,0,normal_general,synthetic_mock
🇲🇾LRT停运 注意了‼️ - 小红书 - Google Chrome,302,mock_post_302.png,🇲🇾LRT停运 注意了‼️ - 小红书 - Google Chrome,2026-02-22T13:02:00,"Ootashi store
focus on
LRT Kelana Jaya line had a signaling issue during peak hour and trains moved slowly at Ampang Park.
Passengers shared delay slip and crowding evidence during rush hour
Rapid KL staff guided queue and temporary shuttle arrangement
Malaysia transport update 2025-10-02
There are 18 comments in total
author
reply
Show 2 replies
Say something",LRT Kelana Jaya line had a signaling issue during peak hour and trains moved slowly at Ampang Park Passengers shared delay slip and crowding evidence during rush hour Rapid KL staff guided queue and temporary shuttle arrangement Malaysia transport update 2025 10 02 There are 18 comments in total author reply Show 2 replies Say something,1,incident_breakdown,synthetic_mock
mrt kajang - 小红书搜索 - Google Chrome,303,mock_post_303.png,mrt kajang - 小红书搜索 - Google Chrome,2026-02-22T13:03:00,"Rapid commuter diary
focus on
Commuting to work was smooth and station crowd level was manageable today at Kelana Jaya.
People shared regular commute and station photos
No emergency notice was posted
Malaysia transport update 2024-12-07
There are 3 comments in total
author
reply
Show 1 replies
Say something",Commuting to work was smooth and station crowd level was manageable today at Kelana Jaya People shared regular commute and station photos No emergency notice was posted Malaysia transport update 2024 12 07 There are 3 comments in total author reply Show 1 replies Say something,0,normal_commute,synthetic_mock
lrt is bad again - Xiaohongshu search - Google Chrome,304,mock_post_304.png,lrt is bad again - Xiaohongshu search - Google Chrome,2026-02-22T13:04:00,"Little Red Potato 66A1
focus on
Commuters reported long queue and train delay after track maintenance at Universiti station at KLCC.
Passengers shared delay slip and crowding evidence during rush hour
Rapid KL staff guided queue and temporary shuttle arrangement
There are 3 comments in total
author
reply
Show 2 replies
Say something",Commuters reported long queue and train delay after track maintenance at Universiti station at KLCC Passengers shared delay slip and crowding evidence during rush hour Rapid KL staff guided queue and temporary shuttle arrangement There are 3 comments in total author reply Show 2 replies Say something,1,incident_delay,synthetic_mock
mrt kajang - 小红书搜索 - Google Chrome,305,mock_post_305.png,mrt kajang - 小红书搜索 - Google Chrome,2026-02-22T13:05:00,"Ootashi store
focus on
Commuting to work was smooth and station crowd level was manageable today at Wangsa Maju.
People shared regular commute and station photos
No emergency notice was posted
There are 14 comments in total
author
reply
Show 2 replies
Say something",Commuting to work was smooth and station crowd level was manageable today at Wangsa Maju People shared regular commute and station photos No emergency notice was posted There are 14 comments in total author reply Show 2 replies Say something,0,normal_commute,synthetic_mock
lrtkelanajaya故障 - 小红书搜索 - Google Chrome,306,mock_post_306.png,lrtkelanajaya故障 - 小红书搜索 - Google Chrome,2026-02-22T13:06:00,"Rapid commuter diary
focus on
Power trip caused brief outage and service resumed after technicians completed repair at Wangsa Maju.
Passengers shared delay slip and crowding evidence during rush hour
Rapid KL staff guided queue and temporary shuttle arrangement
Malaysia transport update 2026-09-05
There are 12 comments in total
author
reply
Show 1 replies
Say something",Power trip caused brief outage and service resumed after technicians completed repair at Wangsa Maju Passengers shared delay slip and crowding evidence during rush hour Rapid KL staff guided queue and temporary shuttle arrangement Malaysia transport update 2026 09 05 There are 12 comments in total author reply Show 1 replies Say something,1,incident_power_outage,synthetic_mock
mrtkajang问题 - 小红书搜索 - Google Chrome,307,mock_post_307.png,mrtkajang问题 - 小红书搜索 - Google Chrome,2026-02-22T13:07:00,"Little Red Potato 66A1
focus on
Routine travel post about route tips and fare sharing at Wangsa Maju.
People shared regular commute and station photos
No emergency notice was posted
Malaysia transport update 2024-01-25
There are 1 comments in total
author
reply
Show 2 replies
Say something",Routine travel post about route tips and fare sharing at Wangsa Maju People shared regular commute and station photos No emergency notice was posted Malaysia transport update 2024 01 25 There are 1 comments in total author reply Show 2 replies Say something,0,normal_travel_tip,synthetic_mock
mrt - 小红书搜索 - Google Chrome,308,mock_post_308.png,mrt - 小红书搜索 - Google Chrome,2026-02-22T13:08:00,"Rapid commuter diary
focus on
Kelana Jaya line maintenance phase affected frequency and caused crowding at stations at Masjid Jamek.
Passengers shared delay slip and crowding evidence during rush hour
Rapid KL staff guided queue and temporary shuttle arrangement
Malaysia transport update 2024-04-15
There are 12 comments in total
author
reply
Show 1 replies
Say something",Kelana Jaya line maintenance phase affected frequency and caused crowding at stations at Masjid Jamek Passengers shared delay slip and crowding evidence during rush hour Rapid KL staff guided queue and temporary shuttle arrangement Malaysia transport update 2024 04 15 There are 12 comments in total author reply Show 1 replies Say something,1,incident_maintenance_impact,synthetic_mock
lrt is bad again - Xiaohongshu search - Google Chrome,309,mock_post_309.png,lrt is bad again - Xiaohongshu search - Google Chrome,2026-02-22T13:09:00,"Xiaoxuan Talk Malaysia Official
focus on
Service update says all lines are stable with no major delay this morning at KLCC.
People shared regular commute and station photos
No emergency notice was posted
There are 14 comments in total
author
reply
Show 3 replies
Say something",Service update says all lines are stable with no major delay this morning at KLCC People shared regular commute and station photos No emergency notice was posted There are 14 comments in total author reply Show 3 replies Say something,0,normal_update,synthetic_mock
lrt is bad again - Xiaohongshu search - Google Chrome,310,mock_post_310.png,lrt is bad again - Xiaohongshu search - Google Chrome,2026-02-22T13:10:00,"Xiaoxuan Talk Malaysia Official
focus on
Rapid KL announced temporary service disruption between KLCC and Gombak with shuttle support at Universiti.
Passengers shared delay slip and crowding evidence during rush hour
Rapid KL staff guided queue and temporary shuttle arrangement
Malaysia transport update 2024-08-20
There are 2 comments in total
author
reply
Show 1 replies
Say something",Rapid KL announced temporary service disruption between KLCC and Gombak with shuttle support at Universiti Passengers shared delay slip and crowding evidence during rush hour Rapid KL staff guided queue and temporary shuttle arrangement Malaysia transport update 2024 08 20 There are 2 comments in total author reply Show 1 replies Say something,1,incident_service_disruption,synthetic_mock
🇲🇾LRT KelanajayaLine通告，列车降速 - 小红书 - Google Chrome,311,mock_post_311.png,🇲🇾LRT KelanajayaLine通告，列车降速 - 小红书 - Google Chrome,2026-02-22T13:11:00,"Ootashi store
focus on
No disruption observed and transfer between lines completed without waiting at Ampang Park.
People shared regular commute and station photos
No emergency notice was posted
Malaysia transport update 2024-03-17
There are 10 comments in total
author
reply
Show 1 replies
Say something",No disruption observed and transfer between lines completed without waiting at Ampang Park People shared regular commute and station photos No emergency notice was posted Malaysia transport update 2024 03 17 There are 10 comments in total author reply Show 1 replies Say something,0,normal_no_incident,synthetic_mock
mrt - 小红书搜索 - Google Chrome,312,mock_post_312.png,mrt - 小红书搜索 - Google Chrome,2026-02-22T13:12:00,"Little Red Potato 66A1
focus on
Commuters reported long queue and train delay after track maintenance at Universiti station at KL Sentral.
Passengers shared delay slip and crowding evidence during rush hour
Rapid KL staff guided queue and temporary shuttle arrangement
There are 11 comments in total
author
reply
Show 1 replies
Say something",Commuters reported long queue and train delay after track maintenance at Universiti station at KL Sentral Passengers shared delay slip and crowding evidence during rush hour Rapid KL staff guided queue and temporary shuttle arrangement There are 11 comments in total author reply Show 1 replies Say something,1,incident_delay,synthetic_mock
🇲🇾LRT停运 注意了‼️ - 小红书 - Google Chrome,313,mock_post_313.png,🇲🇾LRT停运 注意了‼️ - 小红书 - Google Chrome,2026-02-22T13:13:00,"Ootashi store
focus on
Service update says all lines are stable with no major delay this morning at Masjid Jamek.
People shared regular commute and station photos
No emergency notice was posted
Malaysia transport update 2025-01-18
There are 6 comments in total
author
reply
Show 3 replies
Say something",Service update says all lines are stable with no major delay this morning at Masjid Jamek People shared regular commute and station photos No emergency notice was posted Malaysia transport update 2025 01 18 There are 6 comments in total author reply Show 3 replies Say something,0,normal_update,synthetic_mock
mrt fault - 小红书搜索 - Google Chrome,314,mock_post_314.png,mrt fault - 小红书搜索 - Google Chrome,2026-02-22T13:14:00,"Rapid commuter diary
focus on
Power trip caused brief outage and service resumed after technicians completed repair at Masjid Jamek.
Passengers shared delay slip and crowding evidence during rush hour
Rapid KL staff guided queue and temporary shuttle arrangement
Malaysia transport update 2025-11-22
There are 13 comments in total
author
reply
Show 3 replies
Say something",Power trip caused brief outage and service resumed after technicians completed repair at Masjid Jamek Passengers shared delay slip and crowding evidence during rush hour Rapid KL staff guided queue and temporary shuttle arrangement Malaysia transport update 2025 11 22 There are 13 comments in total author reply Show 3 replies Say something,1,incident_power_outage,synthetic_mock
lrtkelanajaya线 - 小红书搜索 - Google Chrome,315,mock_post_315.png,lrtkelanajaya线 - 小红书搜索 - Google Chrome,2026-02-22T13:15:00,"Rapid commuter diary
focus on
General city transport post not related to outage or malfunction at Wangsa Maju.
People shared regular commute and station photos
No emergency notice was posted
Malaysia transport update 2025-03-25
There are 18 comments in total
author
reply
Show 2 replies
Say something",General city transport post not related to outage or malfunction at Wangsa Maju People shared regular commute and station photos No emergency notice was posted Malaysia transport update 2025 03 25 There are 18 comments in total author reply Show 2 replies Say something,0,normal_general,synthetic_mock
地铁 马来西亚 - 小红书搜索 - Google Chrome,316,mock_post_316.png,地铁 马来西亚 - 小红书搜索 - Google Chrome,2026-02-22T13:16:00,"KL daily commuter
focus on
Rapid KL announced temporary service disruption between KLCC and Gombak with shuttle support at Gombak.
Passengers shared delay slip and crowding evidence during rush hour
Rapid KL staff guided queue and temporary shuttle arrangement
There are 15 comments in total
author
reply
Show 1 replies
Say something",Rapid KL announced temporary service disruption between KLCC and Gombak with shuttle support at Gombak Passengers shared delay slip and crowding evidence during rush hour Rapid KL staff guided queue and temporary shuttle arrangement There are 15 comments in total author reply Show 1 replies Say something,1,incident_service_disruption,synthetic_mock
🇲🇾LRT停运 注意了‼️ - 小红书 - Google Chrome,317,mock_post_317.png,🇲🇾LRT停运 注意了‼️ - 小红书 - Google Chrome,2026-02-22T13:17:00,"Little Red Potato 66A1
focus on
No disruption observed and transfer between lines completed without waiting at Wangsa Maju.
People shared regular commute and station photos
No emergency notice was posted
Malaysia transport update 2025-04-09
There are 7 comments in total
author
reply
Show 2 replies
Say something",No disruption observed and transfer between lines completed without waiting at Wangsa Maju People shared regular commute and station photos No emergency notice was posted Malaysia transport update 2025 04 09 There are 7 comments in total author reply Show 2 replies Say something,0,normal_no_incident,synthetic_mock
mrt - 小红书搜索 - Google Chrome,318,mock_post_318.png,mrt - 小红书搜索 - Google Chrome,2026-02-22T13:18:00,"KL daily commuter
focus on
LRT Kelana Jaya line had a signaling issue during peak hour and trains moved slowly at Ampang Park.
Passengers shared delay slip and crowding evidence during rush hour
Rapid KL staff guided queue and temporary shuttle arrangement
Malaysia transport update 2026-12-27
There are 7 comments in total
author
reply
Show 1 replies
Say something",LRT Kelana Jaya line had a signaling issue during peak hour and trains moved slowly at Ampang Park Passengers shared delay slip and crowding evidence during rush hour Rapid KL staff guided queue and temporary shuttle arrangement Malaysia transport update 2026 12 27 There are 7 comments in total author reply Show 1 replies Say something,1,incident_breakdown,synthetic_mock
mrtkajang问题 - 小红书搜索 - Google Chrome,319,mock_post_319.png,mrtkajang问题 - 小红书搜索 - Google Chrome,2026-02-22T13:19:00,"Little Red Potato 66A1
focus on
No disruption observed and transfer between lines completed without waiting at KL Sentral.
People shared regular commute and station photos
No emergency notice was posted
Malaysia transport update 2024-04-26
There are 18 comments in total
author
reply
Show 1 replies
Say something",No disruption observed and transfer between lines completed without waiting at KL Sentral People shared regular commute and station photos No emergency notice was posted Malaysia transport update 2024 04 26 There are 18 comments in total author reply Show 1 replies Say something,0,normal_no_incident,synthetic_mock
lrtkelanajaya线 - 小红书搜索 - Google Chrome,320,mock_post_320.png,lrtkelanajaya线 - 小红书搜索 - Google Chrome,2026-02-22T13:20:00,"Leisurely kitten
focus on
Rapid KL announced temporary service disruption between KLCC and Gombak with shuttle support at Putra Heights.
Passengers shared delay slip and crowding evidence during rush hour
Rapid KL staff guided queue and temporary shuttle arrangement
There are 1 comments in total
author
reply
Show 1 replies
Say something",Rapid KL announced temporary service disruption between KLCC and Gombak with shuttle support at Putra Heights Passengers shared delay slip and crowding evidence during rush hour Rapid KL staff guided queue and temporary shuttle arrangement There are 1 comments in total author reply Show 1 replies Say something,1,incident_service_disruption,synthetic_mock
🇲🇾LRT KelanajayaLine通告，列车降速 - 小红书 - Google Chrome,321,mock_post_321.png,🇲🇾LRT KelanajayaLine通告，列车降速 - 小红书 - Google Chrome,2026-02-22T13:21:00,"City transit watcher
focus on
General city transport post not related to outage or malfunction at KLCC.
People shared regular commute and station photos
No emergency notice was posted
There are 16 comments in total
author
reply
Show 1 replies
Say something",General city transport post not related to outage or malfunction at KLCC People shared regular commute and station photos No emergency notice was posted There are 16 comments in total author reply Show 1 replies Say something,0,normal_general,synthetic_mock
mrt - 小红书搜索 - Google Chrome,322,mock_post_322.png,mrt - 小红书搜索 - Google Chrome,2026-02-22T13:22:00,"Rapid commuter diary
focus on
Kelana Jaya line maintenance phase affected frequency and caused crowding at stations at Universiti.
Passengers shared delay slip and crowding evidence during rush hour
Rapid KL staff guided queue and temporary shuttle arrangement
There are 18 comments in total
author
reply
Show 2 replies
Say something",Kelana Jaya line maintenance phase affected frequency and caused crowding at stations at Universiti Passengers shared delay slip and crowding evidence during rush hour Rapid KL staff guided queue and temporary shuttle arrangement There are 18 comments in total author reply Show 2 replies Say something,1,incident_maintenance_impact,synthetic_mock
mrt fault - 小红书搜索 - Google Chrome,323,mock_post_323.png,mrt fault - 小红书搜索 - Google Chrome,2026-02-22T13:23:00,"Little Red Potato 66A1
focus on
No disruption observed and transfer between lines completed without waiting at Ampang Park.
People shared regular commute and station photos
No emergency notice was posted
There are 10 comments in total
author
reply
Show 2 replies
Say something",No disruption observed and transfer between lines completed without waiting at Ampang Park People shared regular commute and station photos No emergency notice was posted There are 10 comments in total author reply Show 2 replies Say something,0,normal_no_incident,synthetic_mock
mrt fault - 小红书搜索 - Google Chrome,324,mock_post_324.png,mrt fault - 小红书搜索 - Google Chrome,2026-02-22T13:24:00,"Rapid commuter diary
focus on
Passengers were asked to get off at Pasar Seni due to train fault and wait for replacement at Ampang Park.
Passengers shared delay slip and crowding evidence during rush hour
Rapid KL staff guided queue and temporary shuttle arrangement
Malaysia transport update 2026-08-25
There are 11 comments in total
author
reply
Show 1 replies
Say something",Passengers were asked to get off at Pasar Seni due to train fault and wait for replacement at Ampang Park Passengers shared delay slip and crowding evidence during rush hour Rapid KL staff guided queue and temporary shuttle arrangement Malaysia transport update 2026 08 25 There are 11 comments in total author reply Show 1 replies Say something,1,incident_train_fault,synthetic_mock
lrtkelanajaya故障 - 小红书搜索 - Google Chrome,325,mock_post_325.png,lrtkelanajaya故障 - 小红书搜索 - Google Chrome,2026-02-22T13:25:00,"Xiaoxuan Talk Malaysia Official
focus on
Commuting to work was smooth and station crowd level was manageable today at Wangsa Maju.
People shared regular commute and station photos
No emergency notice was posted
There are 8 comments in total
author
reply
Show 3 replies
Say something",Commuting to work was smooth and station crowd level was manageable today at Wangsa Maju People shared regular commute and station photos No emergency notice was posted There are 8 comments in total author reply Show 3 replies Say something,0,normal_commute,synthetic_mock
lrtkelanajaya故障 - 小红书搜索 - Google Chrome,326,mock_post_326.png,lrtkelanajaya故障 - 小红书搜索 - Google Chrome,2026-02-22T13:26:00,"Little Red Potato 66A1
focus on
LRT Kelana Jaya line had a signaling issue during peak hour and trains moved slowly at Gombak.
Passengers shared delay slip and crowding evidence during rush hour
Rapid KL staff guided queue and temporary shuttle arrangement
There are 14 comments in total
author
reply
Show 2 replies
Say something",LRT Kelana Jaya line had a signaling issue during peak hour and trains moved slowly at Gombak Passengers shared delay slip and crowding evidence during rush hour Rapid KL staff guided queue and temporary shuttle arrangement There are 14 comments in total author reply Show 2 replies Say something,1,incident_breakdown,synthetic_mock
mrtkajang问题 - 小红书搜索 - Google Chrome,327,mock_post_327.png,mrtkajang问题 - 小红书搜索 - Google Chrome,2026-02-22T13:27:00,"Ootashi store
focus on
Service update says all lines are stable with no major delay this morning at Putra Heights.
People shared regular commute and station photos
No emergency notice was posted
Malaysia transport update 2024-08-18
There are 11 comments in total
author
reply
Show 2 replies
Say something",Service update says all lines are stable with no major delay this morning at Putra Heights People shared regular commute and station photos No emergency notice was posted Malaysia transport update 2024 08 18 There are 11 comments in total author reply Show 2 replies Say something,0,normal_update,synthetic_mock
lrtkelanajaya故障 - 小红书搜索 - Google Chrome,328,mock_post_328.png,lrtkelanajaya故障 - 小红书搜索 - Google Chrome,2026-02-22T13:28:00,"Rapid commuter diary
focus on
Kelana Jaya line maintenance phase affected frequency and caused crowding at stations at Ampang Park.
Passengers shared delay slip and crowding evidence during rush hour
Rapid KL staff guided queue and temporary shuttle arrangement
Malaysia transport update 2025-03-05
There are 18 comments in total
author
reply
Show 2 replies
Say something",Kelana Jaya line maintenance phase affected frequency and caused crowding at stations at Ampang Park Passengers shared delay slip and crowding evidence during rush hour Rapid KL staff guided queue and temporary shuttle arrangement Malaysia transport update 2025 03 05 There are 18 comments in total author reply Show 2 replies Say something,1,incident_maintenance_impact,synthetic_mock
lrtkelanajaya故障 - 小红书搜索 - Google Chrome,329,mock_post_329.png,lrtkelanajaya故障 - 小红书搜索 - Google Chrome,2026-02-22T13:29:00,"Little Red Potato 66A1
focus on
Routine travel post about route tips and fare sharing at Kelana Jaya.
People shared regular commute and station photos
No emergency notice was posted
Malaysia transport update 2024-11-02
There are 1 comments in total
author
reply
Show 2 replies
Say something",Routine travel post about route tips and fare sharing at Kelana Jaya People shared regular commute and station photos No emergency notice was posted Malaysia transport update 2024 11 02 There are 1 comments in total author reply Show 2 replies Say something,0,normal_travel_tip,synthetic_mock
地铁 马来西亚 - 小红书搜索 - Google Chrome,330,mock_post_330.png,地铁 马来西亚 - 小红书搜索 - Google Chrome,2026-02-22T13:30:00,"Xiaoxuan Talk Malaysia Official
focus on
Kelana Jaya line maintenance phase affected frequency and caused crowding at stations at Universiti.
Passengers shared delay slip and crowding evidence during rush hour
Rapid KL staff guided queue and temporary shuttle arrangement
There are 1 comments in total
author
reply
Show 1 replies
Say something",Kelana Jaya line maintenance phase affected frequency and caused crowding at stations at Universiti Passengers shared delay slip and crowding evidence during rush hour Rapid KL staff guided queue and temporary shuttle arrangement There are 1 comments in total author reply Show 1 replies Say something,1,incident_maintenance_impact,synthetic_mock
mrtkajang问题 - 小红书搜索 - Google Chrome,331,mock_post_331.png,mrtkajang问题 - 小红书搜索 - Google Chrome,2026-02-22T13:31:00,"Xiaoxuan Talk Malaysia Official
focus on
No disruption observed and transfer between lines completed without waiting at Putra Heights.
People shared regular commute and station photos
No emergency notice was posted
There are 16 comments in total
author
reply
Show 3 replies
Say something",No disruption observed and transfer between lines completed without waiting at Putra Heights People shared regular commute and station photos No emergency notice was posted There are 16 comments in total author reply Show 3 replies Say something,0,normal_no_incident,synthetic_mock
地铁 马来西亚 - 小红书搜索 - Google Chrome,332,mock_post_332.png,地铁 马来西亚 - 小红书搜索 - Google Chrome,2026-02-22T13:32:00,"Little Red Potato 66A1
focus on
LRT Kelana Jaya line had a signaling issue during peak hour and trains moved slowly at Kelana Jaya.
Passengers shared delay slip and crowding evidence during rush hour
Rapid KL staff guided queue and temporary shuttle arrangement
There are 1 comments in total
author
reply
Show 1 replies
Say something",LRT Kelana Jaya line had a signaling issue during peak hour and trains moved slowly at Kelana Jaya Passengers shared delay slip and crowding evidence during rush hour Rapid KL staff guided queue and temporary shuttle arrangement There are 1 comments in total author reply Show 1 replies Say something,1,incident_breakdown,synthetic_mock
🇲🇾LRT停运 注意了‼️ - 小红书 - Google Chrome,333,mock_post_333.png,🇲🇾LRT停运 注意了‼️ - 小红书 - Google Chrome,2026-02-22T13:33:00,"Little Red Potato 66A1
focus on
General city transport post not related to outage or malfunction at Gombak.
People shared regular commute and station photos
No emergency notice was posted
There are 1 comments in total
author
reply
Show 3 replies
Say something",General city transport post not related to outage or malfunction at Gombak People shared regular commute and station photos No emergency notice was posted There are 1 comments in total author reply Show 3 replies Say something,0,normal_general,synthetic_mock
lrtkelanajaya线 - 小红书搜索 - Google Chrome,334,mock_post_334.png,lrtkelanajaya线 - 小红书搜索 - Google Chrome,2026-02-22T13:34:00,"Xiaoxuan Talk Malaysia Official
focus on
Power trip caused brief outage and service resumed after technicians completed repair at Pasar Seni.
Passengers shared delay slip and crowding evidence during rush hour
Rapid KL staff guided queue and temporary shuttle arrangement
There are 17 comments in total
author
reply
Show 1 replies
Say something",Power trip caused brief outage and service resumed after technicians completed repair at Pasar Seni Passengers shared delay slip and crowding evidence during rush hour Rapid KL staff guided queue and temporary shuttle arrangement There are 17 comments in total author reply Show 1 replies Say something,1,incident_power_outage,synthetic_mock
mrt fault - 小红书搜索 - Google Chrome,335,mock_post_335.png,mrt fault - 小红书搜索 - Google Chrome,2026-02-22T13:35:00,"Little Red Potato 66A1
focus on
Service update says all lines are stable with no major delay this morning at KL Sentral.
People shared regular commute and station photos
No emergency notice was posted
Malaysia transport update 2025-05-26
There are 13 comments in total
author
reply
Show 1 replies
Say something",Service update says all lines are stable with no major delay this morning at KL Sentral People shared regular commute and station photos No emergency notice was posted Malaysia transport update 2025 05 26 There are 13 comments in total author reply Show 1 replies Say something,0,normal_update,synthetic_mock
🇲🇾LRT停运 注意了‼️ - 小红书 - Google Chrome,336,mock_post_336.png,🇲🇾LRT停运 注意了‼️ - 小红书 - Google Chrome,2026-02-22T13:36:00,"Little Red Potato 66A1
focus on
Power trip caused brief outage and service resumed after technicians completed repair at Ampang Park.
Passengers shared delay slip and crowding evidence during rush hour
Rapid KL staff guided queue and temporary shuttle arrangement
Malaysia transport update 2026-04-10
There are 3 comments in total
author
reply
Show 3 replies
Say something",Power trip caused brief outage and service resumed after technicians completed repair at Ampang Park Passengers shared delay slip and crowding evidence during rush hour Rapid KL staff guided queue and temporary shuttle arrangement Malaysia transport update 2026 04 10 There are 3 comments in total author reply Show 3 replies Say something,1,incident_power_outage,synthetic_mock
lrtkelanajaya故障 - 小红书搜索 - Google Chrome,337,mock_post_337.png,lrtkelanajaya故障 - 小红书搜索 - Google Chrome,2026-02-22T13:37:00,"Rapid commuter diary
focus on
Normal operation resumed and train intervals are back to schedule at KLCC.
People shared regular commute and station photos
No emergency notice was posted
Malaysia transport update 2026-08-02
There are 1 comments in total
author
reply
Show 3 replies
Say something",Normal operation resumed and train intervals are back to schedule at KLCC People shared regular commute and station photos No emergency notice was posted Malaysia transport update 2026 08 02 There are 1 comments in total author reply Show 3 replies Say something,0,normal_operation,synthetic_mock
lrt is bad again - Xiaohongshu search - Google Chrome,338,mock_post_338.png,lrt is bad again - Xiaohongshu search - Google Chrome,2026-02-22T13:38:00,"KL daily commuter
focus on
LRT Kelana Jaya line had a signaling issue during peak hour and trains moved slowly at Ampang Park.
Passengers shared delay slip and crowding evidence during rush hour
Rapid KL staff guided queue and temporary shuttle arrangement
Malaysia transport update 2025-10-28
There are 4 comments in total
author
reply
Show 3 replies
Say something",LRT Kelana Jaya line had a signaling issue during peak hour and trains moved slowly at Ampang Park Passengers shared delay slip and crowding evidence during rush hour Rapid KL staff guided queue and temporary shuttle arrangement Malaysia transport update 2025 10 28 There are 4 comments in total author reply Show 3 replies Say something,1,incident_breakdown,synthetic_mock
lrt is bad again - Xiaohongshu search - Google Chrome,339,mock_post_339.png,lrt is bad again - Xiaohongshu search - Google Chrome,2026-02-22T13:39:00,"KL daily commuter
focus on
Service update says all lines are stable with no major delay this morning at Universiti.
People shared regular commute and station photos
No emergency notice was posted
There are 16 comments in total
author
reply
Show 2 replies
Say something",Service update says all lines are stable with no major delay this morning at Universiti People shared regular commute and station photos No emergency notice was posted There are 16 comments in total author reply Show 2 replies Say something,0,normal_update,synthetic_mock
mrt fault - 小红书搜索 - Google Chrome,340,mock_post_340.png,mrt fault - 小红书搜索 - Google Chrome,2026-02-22T13:40:00,"Little Red Potato 66A1
focus on
LRT Kelana Jaya line had a signaling issue during peak hour and trains moved slowly at Gombak.
Passengers shared delay slip and crowding evidence during rush hour
Rapid KL staff guided queue and temporary shuttle arrangement
There are 2 comments in total
author
reply
Show 1 replies
Say something",LRT Kelana Jaya line had a signaling issue during peak hour and trains moved slowly at Gombak Passengers shared delay slip and crowding evidence during rush hour Rapid KL staff guided queue and temporary shuttle arrangement There are 2 comments in total author reply Show 1 replies Say something,1,incident_breakdown,synthetic_mock
🇲🇾LRT KelanajayaLine通告，列车降速 - 小红书 - Google Chrome,341,mock_post_341.png,🇲🇾LRT KelanajayaLine通告，列车降速 - 小红书 - Google Chrome,2026-02-22T13:41:00,"Little Red Potato 66A1
focus on
Normal operation resumed and train intervals are back to schedule at Universiti.
People shared regular commute and station photos
No emergency notice was posted
Malaysia transport update 2026-07-03
There are 10 comments in total
author
reply
Show 1 replies
Say something",Normal operation resumed and train intervals are back to schedule at Universiti People shared regular commute and station photos No emergency notice was posted Malaysia transport update 2026 07 03 There are 10 comments in total author reply Show 1 replies Say something,0,normal_operation,synthetic_mock
mrt kajang - 小红书搜索 - Google Chrome,342,mock_post_342.png,mrt kajang - 小红书搜索 - Google Chrome,2026-02-22T13:42:00,"KL daily commuter
focus on
Rapid KL announced temporary service disruption between KLCC and Gombak with shuttle support at KL Sentral.
Passengers shared delay slip and crowding evidence during rush hour
Rapid KL staff guided queue and temporary shuttle arrangement
There are 18 comments in total
author
reply
Show 2 replies
Say something",Rapid KL announced temporary service disruption between KLCC and Gombak with shuttle support at KL Sentral Passengers shared delay slip and crowding evidence during rush hour Rapid KL staff guided queue and temporary shuttle arrangement There are 18 comments in total author reply Show 2 replies Say something,1,incident_service_disruption,synthetic_mock
mrt fault - 小红书搜索 - Google Chrome,343,mock_post_343.png,mrt fault - 小红书搜索 - Google Chrome,2026-02-22T13:43:00,"KL daily commuter
focus on
General city transport post not related to outage or malfunction at Pasar Seni.
People shared regular commute and station photos
No emergency notice was posted
There are 3 comments in total
author
reply
Show 3 replies
Say something",General city transport post not related to outage or malfunction at Pasar Seni People shared regular commute and station photos No emergency notice was posted There are 3 comments in total author reply Show 3 replies Say something,0,normal_general,synthetic_mock
lrt is bad again - Xiaohongshu search - Google Chrome,344,mock_post_344.png,lrt is bad again - Xiaohongshu search - Google Chrome,2026-02-22T13:44:00,"Rapid commuter diary
focus on
LRT Kelana Jaya line had a signaling issue during peak hour and trains moved slowly at KLCC.
Passengers shared delay slip and crowding evidence during rush hour
Rapid KL staff guided queue and temporary shuttle arrangement
Malaysia transport update 2024-06-20
There are 13 comments in total
author
reply
Show 2 replies
Say something",LRT Kelana Jaya line had a signaling issue during peak hour and trains moved slowly at KLCC Passengers shared delay slip and crowding evidence during rush hour Rapid KL staff guided queue and temporary shuttle arrangement Malaysia transport update 2024 06 20 There are 13 comments in total author reply Show 2 replies Say something,1,incident_breakdown,synthetic_mock
mrt fault - 小红书搜索 - Google Chrome,345,mock_post_345.png,mrt fault - 小红书搜索 - Google Chrome,2026-02-22T13:45:00,"KL daily commuter
focus on
General city transport post not related to outage or malfunction at Gombak.
People shared regular commute and station photos
No emergency notice was posted
There are 16 comments in total
author
reply
Show 1 replies
Say something",General city transport post not related to outage or malfunction at Gombak People shared regular commute and station photos No emergency notice was posted There are 16 comments in total author reply Show 1 replies Say something,0,normal_general,synthetic_mock
mrt - 小红书搜索 - Google Chrome,346,mock_post_346.png,mrt - 小红书搜索 - Google Chrome,2026-02-22T13:46:00,"Rapid commuter diary
focus on
Passengers were asked to get off at Pasar Seni due to train fault and wait for replacement at Wangsa Maju.
Passengers shared delay slip and crowding evidence during rush hour
Rapid KL staff guided queue and temporary shuttle arrangement
Malaysia transport update 2026-11-13
There are 3 comments in total
author
reply
Show 3 replies
Say something",Passengers were asked to get off at Pasar Seni due to train fault and wait for replacement at Wangsa Maju Passengers shared delay slip and crowding evidence during rush hour Rapid KL staff guided queue and temporary shuttle arrangement Malaysia transport update 2026 11 13 There are 3 comments in total author reply Show 3 replies Say something,1,incident_train_fault,synthetic_mock
mrt kajang - 小红书搜索 - Google Chrome,347,mock_post_347.png,mrt kajang - 小红书搜索 - Google Chrome,2026-02-22T13:47:00,"Xiaoxuan Talk Malaysia Official
focus on
Service update says all lines are stable with no major delay this morning at KLCC.
People shared regular commute and station photos
No emergency notice was posted
Malaysia transport update 2025-12-26
There are 5 comments in total
author
reply
Show 3 replies
Say something",Service update says all lines are stable with no major delay this morning at KLCC People shared regular commute and station photos No emergency notice was posted Malaysia transport update 2025 12 26 There are 5 comments in total author reply Show 3 replies Say something,0,normal_update,synthetic_mock
lrtkelanajaya故障 - 小红书搜索 - Google Chrome,348,mock_post_348.png,lrtkelanajaya故障 - 小红书搜索 - Google Chrome,2026-02-22T13:48:00,"Xiaoxuan Talk Malaysia Official
focus on
Commuters reported long queue and train delay after track maintenance at Universiti station at Putra Heights.
Passengers shared delay slip and crowding evidence during rush hour
Rapid KL staff guided queue and temporary shuttle arrangement
Malaysia transport update 2025-08-12
There are 9 comments in total
author
reply
Show 1 replies
Say something",Commuters reported long queue and train delay after track maintenance at Universiti station at Putra Heights Passengers shared delay slip and crowding evidence during rush hour Rapid KL staff guided queue and temporary shuttle arrangement Malaysia transport update 2025 08 12 There are 9 comments in total author reply Show 1 replies Say something,1,incident_delay,synthetic_mock
lrt klcc - 小红书搜索 - Google Chrome,349,mock_post_349.png,lrt klcc - 小红书搜索 - Google Chrome,2026-02-22T13:49:00,"Rapid commuter diary
focus on
Normal operation resumed and train intervals are back to schedule at Pasar Seni.
People shared regular commute and station photos
No emergency notice was posted
Malaysia transport update 2026-09-14
There are 4 comments in total
author
reply
Show 1 replies
Say something",Normal operation resumed and train intervals are back to schedule at Pasar Seni People shared regular commute and station photos No emergency notice was posted Malaysia transport update 2026 09 14 There are 4 comments in total author reply Show 1 replies Say something,0,normal_operation,synthetic_mock
lrt is bad again - Xiaohongshu search - Google Chrome,350,mock_post_350.png,lrt is bad again - Xiaohongshu search - Google Chrome,2026-02-22T13:50:00,"Xiaoxuan Talk Malaysia Official
focus on
Commuters reported long queue and train delay after track maintenance at Universiti station at Masjid Jamek.
Passengers shared delay slip and crowding evidence during rush hour
Rapid KL staff guided queue and temporary shuttle arrangement
There are 11 comments in total
author
reply
Show 2 replies
Say something",Commuters reported long queue and train delay after track maintenance at Universiti station at Masjid Jamek Passengers shared delay slip and crowding evidence during rush hour Rapid KL staff guided queue and temporary shuttle arrangement There are 11 comments in total author reply Show 2 replies Say something,1,incident_delay,synthetic_mock
🇲🇾LRT KelanajayaLine通告，列车降速 - 小红书 - Google Chrome,351,mock_post_351.png,🇲🇾LRT KelanajayaLine通告，列车降速 - 小红书 - Google Chrome,2026-02-22T13:51:00,"Rapid commuter diary
focus on
Commuting to work was smooth and station crowd level was manageable today at Wangsa Maju.
People shared regular commute and station photos
No emergency notice was posted
There are 18 comments in total
author
reply
Show 1 replies
Say something",Commuting to work was smooth and station crowd level was manageable today at Wangsa Maju People shared regular commute and station photos No emergency notice was posted There are 18 comments in total author reply Show 1 replies Say something,0,normal_commute,synthetic_mock
lrtkelanajaya故障 - 小红书搜索 - Google Chrome,352,mock_post_352.png,lrtkelanajaya故障 - 小红书搜索 - Google Chrome,2026-02-22T13:52:00,"City transit watcher
focus on
Passengers were asked to get off at Pasar Seni due to train fault and wait for replacement at Pasar Seni.
Passengers shared delay slip and crowding evidence during rush hour
Rapid KL staff guided queue and temporary shuttle arrangement
Malaysia transport update 2024-05-10
There are 9 comments in total
author
reply
Show 2 replies
Say something",Passengers were asked to get off at Pasar Seni due to train fault and wait for replacement at Pasar Seni Passengers shared delay slip and crowding evidence during rush hour Rapid KL staff guided queue and temporary shuttle arrangement Malaysia transport update 2024 05 10 There are 9 comments in total author reply Show 2 replies Say something,1,incident_train_fault,synthetic_mock
mrt - 小红书搜索 - Google Chrome,353,mock_post_353.png,mrt - 小红书搜索 - Google Chrome,2026-02-22T13:53:00,"Rapid commuter diary
focus on
Normal operation resumed and train intervals are back to schedule at Pasar Seni.
People shared regular commute and station photos
No emergency notice was posted
Malaysia transport update 2025-08-26
There are 3 comments in total
author
reply
Show 2 replies
Say something",Normal operation resumed and train intervals are back to schedule at Pasar Seni People shared regular commute and station photos No emergency notice was posted Malaysia transport update 2025 08 26 There are 3 comments in total author reply Show 2 replies Say something,0,normal_operation,synthetic_mock
lrtkelanajaya故障 - 小红书搜索 - Google Chrome,354,mock_post_354.png,lrtkelanajaya故障 - 小红书搜索 - Google Chrome,2026-02-22T13:54:00,"Little Red Potato 66A1
focus on
Rapid KL announced temporary service disruption between KLCC and Gombak with shuttle support at Ampang Park.
Passengers shared delay slip and crowding evidence during rush hour
Rapid KL staff guided queue and temporary shuttle arrangement
There are 15 comments in total
author
reply
Show 1 replies
Say something",Rapid KL announced temporary service disruption between KLCC and Gombak with shuttle support at Ampang Park Passengers shared delay slip and crowding evidence during rush hour Rapid KL staff guided queue and temporary shuttle arrangement There are 15 comments in total author reply Show 1 replies Say something,1,incident_service_disruption,synthetic_mock
mrt fault - 小红书搜索 - Google Chrome,355,mock_post_355.png,mrt fault - 小红书搜索 - Google Chrome,2026-02-22T13:55:00,"Rapid commuter diary
focus on
Commuting to work was smooth and station crowd level was manageable today at Kelana Jaya.
People shared regular commute and station photos
No emergency notice was posted
Malaysia transport update 2026-07-26
There are 11 comments in total
author
reply
Show 2 replies
Say something",Commuting to work was smooth and station crowd level was manageable today at Kelana Jaya People shared regular commute and station photos No emergency notice was posted Malaysia transport update 2026 07 26 There are 11 comments in total author reply Show 2 replies Say something,0,normal_commute,synthetic_mock
lrtkelanajaya故障 - 小红书搜索 - Google Chrome,356,mock_post_356.png,lrtkelanajaya故障 - 小红书搜索 - Google Chrome,2026-02-22T13:56:00,"Ootashi store
focus on
Power trip caused brief outage and service resumed after technicians completed repair at KL Sentral.
Passengers shared delay slip and crowding evidence during rush hour
Rapid KL staff guided queue and temporary shuttle arrangement
Malaysia transport update 2026-12-07
There are 16 comments in total
author
reply
Show 2 replies
Say something",Power trip caused brief outage and service resumed after technicians completed repair at KL Sentral Passengers shared delay slip and crowding evidence during rush hour Rapid KL staff guided queue and temporary shuttle arrangement Malaysia transport update 2026 12 07 There are 16 comments in total author reply Show 2 replies Say something,1,incident_power_outage,synthetic_mock
lrtkelanajaya线 - 小红书搜索 - Google Chrome,357,mock_post_357.png,lrtkelanajaya线 - 小红书搜索 - Google Chrome,2026-02-22T13:57:00,"Leisurely kitten
focus on
No disruption observed and transfer between lines completed without waiting at Putra Heights.
People shared regular commute and station photos
No emergency notice was posted
There are 16 comments in total
author
reply
Show 3 replies
Say something",No disruption observed and transfer between lines completed without waiting at Putra Heights People shared regular commute and station photos No emergency notice was posted There are 16 comments in total author reply Show 3 replies Say something,0,normal_no_incident,synthetic_mock
lrt klcc - 小红书搜索 - Google Chrome,358,mock_post_358.png,lrt klcc - 小红书搜索 - Google Chrome,2026-02-22T13:58:00,"Leisurely kitten
focus on
Commuters reported long queue and train delay after track maintenance at Universiti station at Wangsa Maju.
Passengers shared delay slip and crowding evidence during rush hour
Rapid KL staff guided queue and temporary shuttle arrangement
There are 13 comments in total
author
reply
Show 2 replies
Say something",Commuters reported long queue and train delay after track maintenance at Universiti station at Wangsa Maju Passengers shared delay slip and crowding evidence during rush hour Rapid KL staff guided queue and temporary shuttle arrangement There are 13 comments in total author reply Show 2 replies Say something,1,incident_delay,synthetic_mock
地铁 马来西亚 - 小红书搜索 - Google Chrome,359,mock_post_359.png,地铁 马来西亚 - 小红书搜索 - Google Chrome,2026-02-22T13:59:00,"Little Red Potato 66A1
focus on
Routine travel post about route tips and fare sharing at Universiti.
People shared regular commute and station photos
No emergency notice was posted
There are 6 comments in total
author
reply
Show 3 replies
Say something",Routine travel post about route tips and fare sharing at Universiti People shared regular commute and station photos No emergency notice was posted There are 6 comments in total author reply Show 3 replies Say something,0,normal_travel_tip,synthetic_mock
mrtkajang问题 - 小红书搜索 - Google Chrome,360,mock_post_360.png,mrtkajang问题 - 小红书搜索 - Google Chrome,2026-02-22T14:00:00,"City transit watcher
focus on
LRT Kelana Jaya line had a signaling issue during peak hour and trains moved slowly at Ampang Park.
Passengers shared delay slip and crowding evidence during rush hour
Rapid KL staff guided queue and temporary shuttle arrangement
Malaysia transport update 2025-12-03
There are 14 comments in total
author
reply
Show 3 replies
Say something",LRT Kelana Jaya line had a signaling issue during peak hour and trains moved slowly at Ampang Park Passengers shared delay slip and crowding evidence during rush hour Rapid KL staff guided queue and temporary shuttle arrangement Malaysia transport update 2025 12 03 There are 14 comments in total author reply Show 3 replies Say something,1,incident_breakdown,synthetic_mock
mrtkajang问题 - 小红书搜索 - Google Chrome,361,mock_post_361.png,mrtkajang问题 - 小红书搜索 - Google Chrome,2026-02-22T14:01:00,"Ootashi store
focus on
Service update says all lines are stable with no major delay this morning at Gombak.
People shared regular commute and station photos
No emergency notice was posted
Malaysia transport update 2024-12-14
There are 13 comments in total
author
reply
Show 1 replies
Say something",Service update says all lines are stable with no major delay this morning at Gombak People shared regular commute and station photos No emergency notice was posted Malaysia transport update 2024 12 14 There are 13 comments in total author reply Show 1 replies Say something,0,normal_update,synthetic_mock
mrt fault - 小红书搜索 - Google Chrome,362,mock_post_362.png,mrt fault - 小红书搜索 - Google Chrome,2026-02-22T14:02:00,"Little Red Potato 66A1
focus on
Passengers were asked to get off at Pasar Seni due to train fault and wait for replacement at Ampang Park.
Passengers shared delay slip and crowding evidence during rush hour
Rapid KL staff guided queue and temporary shuttle arrangement
Malaysia transport update 2026-12-14
There are 18 comments in total
author
reply
Show 1 replies
Say something",Passengers were asked to get off at Pasar Seni due to train fault and wait for replacement at Ampang Park Passengers shared delay slip and crowding evidence during rush hour Rapid KL staff guided queue and temporary shuttle arrangement Malaysia transport update 2026 12 14 There are 18 comments in total author reply Show 1 replies Say something,1,incident_train_fault,synthetic_mock
lrtkelanajaya线 - 小红书搜索 - Google Chrome,363,mock_post_363.png,lrtkelanajaya线 - 小红书搜索 - Google Chrome,2026-02-22T14:03:00,"Little Red Potato 66A1
focus on
General city transport post not related to outage or malfunction at Masjid Jamek.
People shared regular commute and station photos
No emergency notice was posted
There are 3 comments in total
author
reply
Show 1 replies
Say something",General city transport post not related to outage or malfunction at Masjid Jamek People shared regular commute and station photos No emergency notice was posted There are 3 comments in total author reply Show 1 replies Say something,0,normal_general,synthetic_mock
🇲🇾LRT停运 注意了‼️ - 小红书 - Google Chrome,364,mock_post_364.png,🇲🇾LRT停运 注意了‼️ - 小红书 - Google Chrome,2026-02-22T14:04:00,"Ootashi store
focus on
Kelana Jaya line maintenance phase affected frequency and caused crowding at stations at Putra Heights.
Passengers shared delay slip and crowding evidence during rush hour
Rapid KL staff guided queue and temporary shuttle arrangement
There are 2 comments in total
author
reply
Show 3 replies
Say something",Kelana Jaya line maintenance phase affected frequency and caused crowding at stations at Putra Heights Passengers shared delay slip and crowding evidence during rush hour Rapid KL staff guided queue and temporary shuttle arrangement There are 2 comments in total author reply Show 3 replies Say something,1,incident_maintenance_impact,synthetic_mock
lrtkelanajaya线 - 小红书搜索 - Google Chrome,365,mock_post_365.png,lrtkelanajaya线 - 小红书搜索 - Google Chrome,2026-02-22T14:05:00,"KL daily commuter
focus on
General city transport post not related to outage or malfunction at Wangsa Maju.
People shared regular commute and station photos
No emergency notice was posted
Malaysia transport update 2025-02-01
There are 4 comments in total
author
reply
Show 2 replies
Say something",General city transport post not related to outage or malfunction at Wangsa Maju People shared regular commute and station photos No emergency notice was posted Malaysia transport update 2025 02 01 There are 4 comments in total author reply Show 2 replies Say something,0,normal_general,synthetic_mock
mrt fault - 小红书搜索 - Google Chrome,366,mock_post_366.png,mrt fault - 小红书搜索 - Google Chrome,2026-02-22T14:06:00,"Little Red Potato 66A1
focus on
Passengers were asked to get off at Pasar Seni due to train fault and wait for replacement at Masjid Jamek.
Passengers shared delay slip and crowding evidence during rush hour
Rapid KL staff guided queue and temporary shuttle arrangement
There are 8 comments in total
author
reply
Show 2 replies
Say something",Passengers were asked to get off at Pasar Seni due to train fault and wait for replacement at Masjid Jamek Passengers shared delay slip and crowding evidence during rush hour Rapid KL staff guided queue and temporary shuttle arrangement There are 8 comments in total author reply Show 2 replies Say something,1,incident_train_fault,synthetic_mock
mrt fault - 小红书搜索 - Google Chrome,367,mock_post_367.png,mrt fault - 小红书搜索 - Google Chrome,2026-02-22T14:07:00,"KL daily commuter
focus on
No disruption observed and transfer between lines completed without waiting at Ampang Park.
People shared regular commute and station photos
No emergency notice was posted
There are 17 comments in total
author
reply
Show 1 replies
Say something",No disruption observed and transfer between lines completed without waiting at Ampang Park People shared regular commute and station photos No emergency notice was posted There are 17 comments in total author reply Show 1 replies Say something,0,normal_no_incident,synthetic_mock
mrt - 小红书搜索 - Google Chrome,368,mock_post_368.png,mrt - 小红书搜索 - Google Chrome,2026-02-22T14:08:00,"Xiaoxuan Talk Malaysia Official
focus on
LRT Kelana Jaya line had a signaling issue during peak hour and trains moved slowly at Ampang Park.
Passengers shared delay slip and crowding evidence during rush hour
Rapid KL staff guided queue and temporary shuttle arrangement
Malaysia transport update 2024-02-27
There are 5 comments in total
author
reply
Show 2 replies
Say something",LRT Kelana Jaya line had a signaling issue during peak hour and trains moved slowly at Ampang Park Passengers shared delay slip and crowding evidence during rush hour Rapid KL staff guided queue and temporary shuttle arrangement Malaysia transport update 2024 02 27 There are 5 comments in total author reply Show 2 replies Say something,1,incident_breakdown,synthetic_mock
mrtkajang问题 - 小红书搜索 - Google Chrome,369,mock_post_369.png,mrtkajang问题 - 小红书搜索 - Google Chrome,2026-02-22T14:09:00,"KL daily commuter
focus on
Commuting to work was smooth and station crowd level was manageable today at Ampang Park.
People shared regular commute and station photos
No emergency notice was posted
Malaysia transport update 2025-06-16
There are 4 comments in total
author
reply
Show 2 replies
Say something",Commuting to work was smooth and station crowd level was manageable today at Ampang Park People shared regular commute and station photos No emergency notice was posted Malaysia transport update 2025 06 16 There are 4 comments in total author reply Show 2 replies Say something,0,normal_commute,synthetic_mock
lrt klcc - 小红书搜索 - Google Chrome,370,mock_post_370.png,lrt klcc - 小红书搜索 - Google Chrome,2026-02-22T14:10:00,"Leisurely kitten
focus on
Commuters reported long queue and train delay after track maintenance at Universiti station at KLCC.
Passengers shared delay slip and crowding evidence during rush hour
Rapid KL staff guided queue and temporary shuttle arrangement
Malaysia transport update 2026-02-01
There are 11 comments in total
author
reply
Show 3 replies
Say something",Commuters reported long queue and train delay after track maintenance at Universiti station at KLCC Passengers shared delay slip and crowding evidence during rush hour Rapid KL staff guided queue and temporary shuttle arrangement Malaysia transport update 2026 02 01 There are 11 comments in total author reply Show 3 replies Say something,1,incident_delay,synthetic_mock
mrt kajang - 小红书搜索 - Google Chrome,371,mock_post_371.png,mrt kajang - 小红书搜索 - Google Chrome,2026-02-22T14:11:00,"City transit watcher
focus on
General city transport post not related to outage or malfunction at Pasar Seni.
People shared regular commute and station photos
No emergency notice was posted
Malaysia transport update 2024-09-06
There are 11 comments in total
author
reply
Show 3 replies
Say something",General city transport post not related to outage or malfunction at Pasar Seni People shared regular commute and station photos No emergency notice was posted Malaysia transport update 2024 09 06 There are 11 comments in total author reply Show 3 replies Say something,0,normal_general,synthetic_mock
lrt is bad again - Xiaohongshu search - Google Chrome,372,mock_post_372.png,lrt is bad again - Xiaohongshu search - Google Chrome,2026-02-22T14:12:00,"KL daily commuter
focus on
Power trip caused brief outage and service resumed after technicians completed repair at Universiti.
Passengers shared delay slip and crowding evidence during rush hour
Rapid KL staff guided queue and temporary shuttle arrangement
Malaysia transport update 2024-03-21
There are 14 comments in total
author
reply
Show 2 replies
Say something",Power trip caused brief outage and service resumed after technicians completed repair at Universiti Passengers shared delay slip and crowding evidence during rush hour Rapid KL staff guided queue and temporary shuttle arrangement Malaysia transport update 2024 03 21 There are 14 comments in total author reply Show 2 replies Say something,1,incident_power_outage,synthetic_mock
mrt - 小红书搜索 - Google Chrome,373,mock_post_373.png,mrt - 小红书搜索 - Google Chrome,2026-02-22T14:13:00,"Ootashi store
focus on
General city transport post not related to outage or malfunction at KL Sentral.
People shared regular commute and station photos
No emergency notice was posted
Malaysia transport update 2025-07-01
There are 7 comments in total
author
reply
Show 1 replies
Say something",General city transport post not related to outage or malfunction at KL Sentral People shared regular commute and station photos No emergency notice was posted Malaysia transport update 2025 07 01 There are 7 comments in total author reply Show 1 replies Say something,0,normal_general,synthetic_mock
mrtkajang问题 - 小红书搜索 - Google Chrome,374,mock_post_374.png,mrtkajang问题 - 小红书搜索 - Google Chrome,2026-02-22T14:14:00,"Little Red Potato 66A1
focus on
Kelana Jaya line maintenance phase affected frequency and caused crowding at stations at KLCC.
Passengers shared delay slip and crowding evidence during rush hour
Rapid KL staff guided queue and temporary shuttle arrangement
Malaysia transport update 2026-03-12
There are 11 comments in total
author
reply
Show 1 replies
Say something",Kelana Jaya line maintenance phase affected frequency and caused crowding at stations at KLCC Passengers shared delay slip and crowding evidence during rush hour Rapid KL staff guided queue and temporary shuttle arrangement Malaysia transport update 2026 03 12 There are 11 comments in total author reply Show 1 replies Say something,1,incident_maintenance_impact,synthetic_mock
mrt fault - 小红书搜索 - Google Chrome,375,mock_post_375.png,mrt fault - 小红书搜索 - Google Chrome,2026-02-22T14:15:00,"City transit watcher
focus on
Normal operation resumed and train intervals are back to schedule at Gombak.
People shared regular commute and station photos
No emergency notice was posted
There are 17 comments in total
author
reply
Show 3 replies
Say something",Normal operation resumed and train intervals are back to schedule at Gombak People shared regular commute and station photos No emergency notice was posted There are 17 comments in total author reply Show 3 replies Say something,0,normal_operation,synthetic_mock
lrtkelanajaya故障 - 小红书搜索 - Google Chrome,376,mock_post_376.png,lrtkelanajaya故障 - 小红书搜索 - Google Chrome,2026-02-22T14:16:00,"Little Red Potato 66A1
focus on
Passengers were asked to get off at Pasar Seni due to train fault and wait for replacement at Wangsa Maju.
Passengers shared delay slip and crowding evidence during rush hour
Rapid KL staff guided queue and temporary shuttle arrangement
Malaysia transport update 2024-06-12
There are 15 comments in total
author
reply
Show 3 replies
Say something",Passengers were asked to get off at Pasar Seni due to train fault and wait for replacement at Wangsa Maju Passengers shared delay slip and crowding evidence during rush hour Rapid KL staff guided queue and temporary shuttle arrangement Malaysia transport update 2024 06 12 There are 15 comments in total author reply Show 3 replies Say something,1,incident_train_fault,synthetic_mock
lrt klcc - 小红书搜索 - Google Chrome,377,mock_post_377.png,lrt klcc - 小红书搜索 - Google Chrome,2026-02-22T14:17:00,"Little Red Potato 66A1
focus on
General city transport post not related to outage or malfunction at Gombak.
People shared regular commute and station photos
No emergency notice was posted
There are 5 comments in total
author
reply
Show 2 replies
Say something",General city transport post not related to outage or malfunction at Gombak People shared regular commute and station photos No emergency notice was posted There are 5 comments in total author reply Show 2 replies Say something,0,normal_general,synthetic_mock
🇲🇾LRT KelanajayaLine通告，列车降速 - 小红书 - Google Chrome,378,mock_post_378.png,🇲🇾LRT KelanajayaLine通告，列车降速 - 小红书 - Google Chrome,2026-02-22T14:18:00,"Xiaoxuan Talk Malaysia Official
focus on
Rapid KL announced temporary service disruption between KLCC and Gombak with shuttle support at Gombak.
Passengers shared delay slip and crowding evidence during rush hour
Rapid KL staff guided queue and temporary shuttle arrangement
Malaysia transport update 2026-03-17
There are 13 comments in total
author
reply
Show 2 replies
Say something",Rapid KL announced temporary service disruption between KLCC and Gombak with shuttle support at Gombak Passengers shared delay slip and crowding evidence during rush hour Rapid KL staff guided queue and temporary shuttle arrangement Malaysia transport update 2026 03 17 There are 13 comments in total author reply Show 2 replies Say something,1,incident_service_disruption,synthetic_mock
lrtkelanajaya故障 - 小红书搜索 - Google Chrome,379,mock_post_379.png,lrtkelanajaya故障 - 小红书搜索 - Google Chrome,2026-02-22T14:19:00,"Rapid commuter diary
focus on
Service update says all lines are stable with no major delay this morning at KL Sentral.
People shared regular commute and station photos
No emergency notice was posted
Malaysia transport update 2025-11-18
There are 6 comments in total
author
reply
Show 3 replies
Say something",Service update says all lines are stable with no major delay this morning at KL Sentral People shared regular commute and station photos No emergency notice was posted Malaysia transport update 2025 11 18 There are 6 comments in total author reply Show 3 replies Say something,0,normal_update,synthetic_mock
mrtkajang问题 - 小红书搜索 - Google Chrome,380,mock_post_380.png,mrtkajang问题 - 小红书搜索 - Google Chrome,2026-02-22T14:20:00,"Ootashi store
focus on
Power trip caused brief outage and service resumed after technicians completed repair at Gombak.
Passengers shared delay slip and crowding evidence during rush hour
Rapid KL staff guided queue and temporary shuttle arrangement
Malaysia transport update 2025-10-02
There are 12 comments in total
author
reply
Show 1 replies
Say something",Power trip caused brief outage and service resumed after technicians completed repair at Gombak Passengers shared delay slip and crowding evidence during rush hour Rapid KL staff guided queue and temporary shuttle arrangement Malaysia transport update 2025 10 02 There are 12 comments in total author reply Show 1 replies Say something,1,incident_power_outage,synthetic_mock
🇲🇾LRT停运 注意了‼️ - 小红书 - Google Chrome,381,mock_post_381.png,🇲🇾LRT停运 注意了‼️ - 小红书 - Google Chrome,2026-02-22T14:21:00,"KL daily commuter
focus on
Service update says all lines are stable with no major delay this morning at Universiti.
People shared regular commute and station photos
No emergency notice was posted
Malaysia transport update 2026-09-21
There are 16 comments in total
author
reply
Show 2 replies
Say something",Service update says all lines are stable with no major delay this morning at Universiti People shared regular commute and station photos No emergency notice was posted Malaysia transport update 2026 09 21 There are 16 comments in total author reply Show 2 replies Say something,0,normal_update,synthetic_mock
lrt klcc - 小红书搜索 - Google Chrome,382,mock_post_382.png,lrt klcc - 小红书搜索 - Google Chrome,2026-02-22T14:22:00,"City transit watcher
focus on
Power trip caused brief outage and service resumed after technicians completed repair at Wangsa Maju.
Passengers shared delay slip and crowding evidence during rush hour
Rapid KL staff guided queue and temporary shuttle arrangement
There are 16 comments in total
author
reply
Show 1 replies
Say something",Power trip caused brief outage and service resumed after technicians completed repair at Wangsa Maju Passengers shared delay slip and crowding evidence during rush hour Rapid KL staff guided queue and temporary shuttle arrangement There are 16 comments in total author reply Show 1 replies Say something,1,incident_power_outage,synthetic_mock
mrt - 小红书搜索 - Google Chrome,383,mock_post_383.png,mrt - 小红书搜索 - Google Chrome,2026-02-22T14:23:00,"KL daily commuter
focus on
Routine travel post about route tips and fare sharing at Kelana Jaya.
People shared regular commute and station photos
No emergency notice was posted
There are 10 comments in total
author
reply
Show 1 replies
Say something",Routine travel post about route tips and fare sharing at Kelana Jaya People shared regular commute and station photos No emergency notice was posted There are 10 comments in total author reply Show 1 replies Say something,0,normal_travel_tip,synthetic_mock
地铁 马来西亚 - 小红书搜索 - Google Chrome,384,mock_post_384.png,地铁 马来西亚 - 小红书搜索 - Google Chrome,2026-02-22T14:24:00,"Leisurely kitten
focus on
Rapid KL announced temporary service disruption between KLCC and Gombak with shuttle support at Masjid Jamek.
Passengers shared delay slip and crowding evidence during rush hour
Rapid KL staff guided queue and temporary shuttle arrangement
Malaysia transport update 2025-10-24
There are 16 comments in total
author
reply
Show 3 replies
Say something",Rapid KL announced temporary service disruption between KLCC and Gombak with shuttle support at Masjid Jamek Passengers shared delay slip and crowding evidence during rush hour Rapid KL staff guided queue and temporary shuttle arrangement Malaysia transport update 2025 10 24 There are 16 comments in total author reply Show 3 replies Say something,1,incident_service_disruption,synthetic_mock
mrtkajang问题 - 小红书搜索 - Google Chrome,385,mock_post_385.png,mrtkajang问题 - 小红书搜索 - Google Chrome,2026-02-22T14:25:00,"Xiaoxuan Talk Malaysia Official
focus on
Normal operation resumed and train intervals are back to schedule at KL Sentral.
People shared regular commute and station photos
No emergency notice was posted
Malaysia transport update 2026-06-18
There are 2 comments in total
author
reply
Show 3 replies
Say something",Normal operation resumed and train intervals are back to schedule at KL Sentral People shared regular commute and station photos No emergency notice was posted Malaysia transport update 2026 06 18 There are 2 comments in total author reply Show 3 replies Say something,0,normal_operation,synthetic_mock
mrt - 小红书搜索 - Google Chrome,386,mock_post_386.png,mrt - 小红书搜索 - Google Chrome,2026-02-22T14:26:00,"Rapid commuter diary
focus on
Passengers were asked to get off at Pasar Seni due to train fault and wait for replacement at Universiti.
Passengers shared delay slip and crowding evidence during rush hour
Rapid KL staff guided queue and temporary shuttle arrangement
Malaysia transport update 2026-04-10
There are 2 comments in total
author
reply
Show 2 replies
Say something",Passengers were asked to get off at Pasar Seni due to train fault and wait for replacement at Universiti Passengers shared delay slip and crowding evidence during rush hour Rapid KL staff guided queue and temporary shuttle arrangement Malaysia transport update 2026 04 10 There are 2 comments in total author reply Show 2 replies Say something,1,incident_train_fault,synthetic_mock
lrtkelanajaya线 - 小红书搜索 - Google Chrome,387,mock_post_387.png,lrtkelanajaya线 - 小红书搜索 - Google Chrome,2026-02-22T14:27:00,"Rapid commuter diary
focus on
Commuting to work was smooth and station crowd level was manageable today at KLCC.
People shared regular commute and station photos
No emergency notice was posted
There are 4 comments in total
author
reply
Show 1 replies
Say something",Commuting to work was smooth and station crowd level was manageable today at KLCC People shared regular commute and station photos No emergency notice was posted There are 4 comments in total author reply Show 1 replies Say something,0,normal_commute,synthetic_mock
🇲🇾LRT KelanajayaLine通告，列车降速 - 小红书 - Google Chrome,388,mock_post_388.png,🇲🇾LRT KelanajayaLine通告，列车降速 - 小红书 - Google Chrome,2026-02-22T14:28:00,"City transit watcher
focus on
Kelana Jaya line maintenance phase affected frequency and caused crowding at stations at KL Sentral.
Passengers shared delay slip and crowding evidence during rush hour
Rapid KL staff guided queue and temporary shuttle arrangement
Malaysia transport update 2026-10-21
There are 14 comments in total
author
reply
Show 1 replies
Say something",Kelana Jaya line maintenance phase affected frequency and caused crowding at stations at KL Sentral Passengers shared delay slip and crowding evidence during rush hour Rapid KL staff guided queue and temporary shuttle arrangement Malaysia transport update 2026 10 21 There are 14 comments in total author reply Show 1 replies Say something,1,incident_maintenance_impact,synthetic_mock
🇲🇾LRT KelanajayaLine通告，列车降速 - 小红书 - Google Chrome,389,mock_post_389.png,🇲🇾LRT KelanajayaLine通告，列车降速 - 小红书 - Google Chrome,2026-02-22T14:29:00,"KL daily commuter
focus on
Service update says all lines are stable with no major delay this morning at Universiti.
People shared regular commute and station photos
No emergency notice was posted
Malaysia transport update 2024-10-12
There are 18 comments in total
author
reply
Show 2 replies
Say something",Service update says all lines are stable with no major delay this morning at Universiti People shared regular commute and station photos No emergency notice was posted Malaysia transport update 2024 10 12 There are 18 comments in total author reply Show 2 replies Say something,0,normal_update,synthetic_mock
🇲🇾LRT KelanajayaLine通告，列车降速 - 小红书 - Google Chrome,390,mock_post_390.png,🇲🇾LRT KelanajayaLine通告，列车降速 - 小红书 - Google Chrome,2026-02-22T14:30:00,"Leisurely kitten
focus on
Passengers were asked to get off at Pasar Seni due to train fault and wait for replacement at Pasar Seni.
Passengers shared delay slip and crowding evidence during rush hour
Rapid KL staff guided queue and temporary shuttle arrangement
There are 10 comments in total
author
reply
Show 2 replies
Say something",Passengers were asked to get off at Pasar Seni due to train fault and wait for replacement at Pasar Seni Passengers shared delay slip and crowding evidence during rush hour Rapid KL staff guided queue and temporary shuttle arrangement There are 10 comments in total author reply Show 2 replies Say something,1,incident_train_fault,synthetic_mock
lrt is bad again - Xiaohongshu search - Google Chrome,391,mock_post_391.png,lrt is bad again - Xiaohongshu search - Google Chrome,2026-02-22T14:31:00,"City transit watcher
focus on
Commuting to work was smooth and station crowd level was manageable today at Masjid Jamek.
People shared regular commute and station photos
No emergency notice was posted
There are 5 comments in total
author
reply
Show 2 replies
Say something",Commuting to work was smooth and station crowd level was manageable today at Masjid Jamek People shared regular commute and station photos No emergency notice was posted There are 5 comments in total author reply Show 2 replies Say something,0,normal_commute,synthetic_mock
mrt fault - 小红书搜索 - Google Chrome,392,mock_post_392.png,mrt fault - 小红书搜索 - Google Chrome,2026-02-22T14:32:00,"City transit watcher
focus on
Commuters reported long queue and train delay after track maintenance at Universiti station at Pasar Seni.
Passengers shared delay slip and crowding evidence during rush hour
Rapid KL staff guided queue and temporary shuttle arrangement
There are 8 comments in total
author
reply
Show 1 replies
Say something",Commuters reported long queue and train delay after track maintenance at Universiti station at Pasar Seni Passengers shared delay slip and crowding evidence during rush hour Rapid KL staff guided queue and temporary shuttle arrangement There are 8 comments in total author reply Show 1 replies Say something,1,incident_delay,synthetic_mock
mrtkajang问题 - 小红书搜索 - Google Chrome,393,mock_post_393.png,mrtkajang问题 - 小红书搜索 - Google Chrome,2026-02-22T14:33:00,"Rapid commuter diary
focus on
Service update says all lines are stable with no major delay this morning at Wangsa Maju.
People shared regular commute and station photos
No emergency notice was posted
Malaysia transport update 2026-05-21
There are 14 comments in total
author
reply
Show 2 replies
Say something",Service update says all lines are stable with no major delay this morning at Wangsa Maju People shared regular commute and station photos No emergency notice was posted Malaysia transport update 2026 05 21 There are 14 comments in total author reply Show 2 replies Say something,0,normal_update,synthetic_mock
mrt fault - 小红书搜索 - Google Chrome,394,mock_post_394.png,mrt fault - 小红书搜索 - Google Chrome,2026-02-22T14:34:00,"Rapid commuter diary
focus on
LRT Kelana Jaya line had a signaling issue during peak hour and trains moved slowly at KLCC.
Passengers shared delay slip and crowding evidence during rush hour
Rapid KL staff guided queue and temporary shuttle arrangement
Malaysia transport update 2025-12-12
There are 15 comments in total
author
reply
Show 2 replies
Say something",LRT Kelana Jaya line had a signaling issue during peak hour and trains moved slowly at KLCC Passengers shared delay slip and crowding evidence during rush hour Rapid KL staff guided queue and temporary shuttle arrangement Malaysia transport update 2025 12 12 There are 15 comments in total author reply Show 2 replies Say something,1,incident_breakdown,synthetic_mock
mrtkajang问题 - 小红书搜索 - Google Chrome,395,mock_post_395.png,mrtkajang问题 - 小红书搜索 - Google Chrome,2026-02-22T14:35:00,"KL daily commuter
focus on
Routine travel post about route tips and fare sharing at Kelana Jaya.
People shared regular commute and station photos
No emergency notice was posted
There are 3 comments in total
author
reply
Show 3 replies
Say something",Routine travel post about route tips and fare sharing at Kelana Jaya People shared regular commute and station photos No emergency notice was posted There are 3 comments in total author reply Show 3 replies Say something,0,normal_travel_tip,synthetic_mock
mrtkajang问题 - 小红书搜索 - Google Chrome,396,mock_post_396.png,mrtkajang问题 - 小红书搜索 - Google Chrome,2026-02-22T14:36:00,"KL daily commuter
focus on
Kelana Jaya line maintenance phase affected frequency and caused crowding at stations at Putra Heights.
Passengers shared delay slip and crowding evidence during rush hour
Rapid KL staff guided queue and temporary shuttle arrangement
Malaysia transport update 2026-07-07
There are 14 comments in total
author
reply
Show 1 replies
Say something",Kelana Jaya line maintenance phase affected frequency and caused crowding at stations at Putra Heights Passengers shared delay slip and crowding evidence during rush hour Rapid KL staff guided queue and temporary shuttle arrangement Malaysia transport update 2026 07 07 There are 14 comments in total author reply Show 1 replies Say something,1,incident_maintenance_impact,synthetic_mock
🇲🇾LRT停运 注意了‼️ - 小红书 - Google Chrome,397,mock_post_397.png,🇲🇾LRT停运 注意了‼️ - 小红书 - Google Chrome,2026-02-22T14:37:00,"KL daily commuter
focus on
Commuting to work was smooth and station crowd level was manageable today at Putra Heights.
People shared regular commute and station photos
No emergency notice was posted
Malaysia transport update 2026-10-05
There are 16 comments in total
author
reply
Show 2 replies
Say something",Commuting to work was smooth and station crowd level was manageable today at Putra Heights People shared regular commute and station photos No emergency notice was posted Malaysia transport update 2026 10 05 There are 16 comments in total author reply Show 2 replies Say something,0,normal_commute,synthetic_mock
lrt klcc - 小红书搜索 - Google Chrome,398,mock_post_398.png,lrt klcc - 小红书搜索 - Google Chrome,2026-02-22T14:38:00,"Xiaoxuan Talk Malaysia Official
focus on
LRT Kelana Jaya line had a signaling issue during peak hour and trains moved slowly at Kelana Jaya.
Passengers shared delay slip and crowding evidence during rush hour
Rapid KL staff guided queue and temporary shuttle arrangement
There are 15 comments in total
author
reply
Show 1 replies
Say something",LRT Kelana Jaya line had a signaling issue during peak hour and trains moved slowly at Kelana Jaya Passengers shared delay slip and crowding evidence during rush hour Rapid KL staff guided queue and temporary shuttle arrangement There are 15 comments in total author reply Show 1 replies Say something,1,incident_breakdown,synthetic_mock
mrt - 小红书搜索 - Google Chrome,399,mock_post_399.png,mrt - 小红书搜索 - Google Chrome,2026-02-22T14:39:00,"Rapid commuter diary
focus on
Service update says all lines are stable with no major delay this morning at Ampang Park.
People shared regular commute and station photos
No emergency notice was posted
Malaysia transport update 2025-04-23
There are 5 comments in total
author
reply
Show 3 replies
Say something",Service update says all lines are stable with no major delay this morning at Ampang Park People shared regular commute and station photos No emergency notice was posted Malaysia transport update 2025 04 23 There are 5 comments in total author reply Show 3 replies Say something,0,normal_update,synthetic_mock
mrt fault - 小红书搜索 - Google Chrome,400,mock_post_400.png,mrt fault - 小红书搜索 - Google Chrome,2026-02-22T14:40:00,"Xiaoxuan Talk Malaysia Official
focus on
Rapid KL announced temporary service disruption between KLCC and Gombak with shuttle support at Gombak.
Passengers shared delay slip and crowding evidence during rush hour
Rapid KL staff guided queue and temporary shuttle arrangement
There are 9 comments in total
author
reply
Show 1 replies
Say something",Rapid KL announced temporary service disruption between KLCC and Gombak with shuttle support at Gombak Passengers shared delay slip and crowding evidence during rush hour Rapid KL staff guided queue and temporary shuttle arrangement There are 9 comments in total author reply Show 1 replies Say something,1,incident_service_disruption,synthetic_mock
🇲🇾LRT停运 注意了‼️ - 小红书 - Google Chrome,401,mock_post_401.png,🇲🇾LRT停运 注意了‼️ - 小红书 - Google Chrome,2026-02-22T14:41:00,"Xiaoxuan Talk Malaysia Official
focus on
General city transport post not related to outage or malfunction at Pasar Seni.
People shared regular commute and station photos
No emergency notice was posted
Malaysia transport update 2025-12-23
There are 8 comments in total
author
reply
Show 2 replies
Say something",General city transport post not related to outage or malfunction at Pasar Seni People shared regular commute and station photos No emergency notice was posted Malaysia transport update 2025 12 23 There are 8 comments in total author reply Show 2 replies Say something,0,normal_general,synthetic_mock
🇲🇾LRT停运 注意了‼️ - 小红书 - Google Chrome,402,mock_post_402.png,🇲🇾LRT停运 注意了‼️ - 小红书 - Google Chrome,2026-02-22T14:42:00,"Xiaoxuan Talk Malaysia Official
focus on
LRT Kelana Jaya line had a signaling issue during peak hour and trains moved slowly at KLCC.
Passengers shared delay slip and crowding evidence during rush hour
Rapid KL staff guided queue and temporary shuttle arrangement
Malaysia transport update 2024-03-19
There are 8 comments in total
author
reply
Show 3 replies
Say something",LRT Kelana Jaya line had a signaling issue during peak hour and trains moved slowly at KLCC Passengers shared delay slip and crowding evidence during rush hour Rapid KL staff guided queue and temporary shuttle arrangement Malaysia transport update 2024 03 19 There are 8 comments in total author reply Show 3 replies Say something,1,incident_breakdown,synthetic_mock
lrtkelanajaya故障 - 小红书搜索 - Google Chrome,403,mock_post_403.png,lrtkelanajaya故障 - 小红书搜索 - Google Chrome,2026-02-22T14:43:00,"Xiaoxuan Talk Malaysia Official
focus on
No disruption observed and transfer between lines completed without waiting at Kelana Jaya.
People shared regular commute and station photos
No emergency notice was posted
There are 4 comments in total
author
reply
Show 2 replies
Say something",No disruption observed and transfer between lines completed without waiting at Kelana Jaya People shared regular commute and station photos No emergency notice was posted There are 4 comments in total author reply Show 2 replies Say something,0,normal_no_incident,synthetic_mock
mrt - 小红书搜索 - Google Chrome,404,mock_post_404.png,mrt - 小红书搜索 - Google Chrome,2026-02-22T14:44:00,"Ootashi store
focus on
Power trip caused brief outage and service resumed after technicians completed repair at KLCC.
Passengers shared delay slip and crowding evidence during rush hour
Rapid KL staff guided queue and temporary shuttle arrangement
Malaysia transport update 2026-02-04
There are 11 comments in total
author
reply
Show 2 replies
Say something",Power trip caused brief outage and service resumed after technicians completed repair at KLCC Passengers shared delay slip and crowding evidence during rush hour Rapid KL staff guided queue and temporary shuttle arrangement Malaysia transport update 2026 02 04 There are 11 comments in total author reply Show 2 replies Say something,1,incident_power_outage,synthetic_mock
🇲🇾LRT停运 注意了‼️ - 小红书 - Google Chrome,405,mock_post_405.png,🇲🇾LRT停运 注意了‼️ - 小红书 - Google Chrome,2026-02-22T14:45:00,"KL daily commuter
focus on
Service update says all lines are stable with no major delay this morning at Wangsa Maju.
People shared regular commute and station photos
No emergency notice was posted
There are 5 comments in total
author
reply
Show 3 replies
Say something",Service update says all lines are stable with no major delay this morning at Wangsa Maju People shared regular commute and station photos No emergency notice was posted There are 5 comments in total author reply Show 3 replies Say something,0,normal_update,synthetic_mock
mrt fault - 小红书搜索 - Google Chrome,406,mock_post_406.png,mrt fault - 小红书搜索 - Google Chrome,2026-02-22T14:46:00,"Little Red Potato 66A1
focus on
Rapid KL announced temporary service disruption between KLCC and Gombak with shuttle support at KLCC.
Passengers shared delay slip and crowding evidence during rush hour
Rapid KL staff guided queue and temporary shuttle arrangement
There are 6 comments in total
author
reply
Show 2 replies
Say something",Rapid KL announced temporary service disruption between KLCC and Gombak with shuttle support at KLCC Passengers shared delay slip and crowding evidence during rush hour Rapid KL staff guided queue and temporary shuttle arrangement There are 6 comments in total author reply Show 2 replies Say something,1,incident_service_disruption,synthetic_mock
🇲🇾LRT停运 注意了‼️ - 小红书 - Google Chrome,407,mock_post_407.png,🇲🇾LRT停运 注意了‼️ - 小红书 - Google Chrome,2026-02-22T14:47:00,"City transit watcher
focus on
General city transport post not related to outage or malfunction at Universiti.
People shared regular commute and station photos
No emergency notice was posted
There are 14 comments in total
author
reply
Show 3 replies
Say something",General city transport post not related to outage or malfunction at Universiti People shared regular commute and station photos No emergency notice was posted There are 14 comments in total author reply Show 3 replies Say something,0,normal_general,synthetic_mock
🇲🇾LRT KelanajayaLine通告，列车降速 - 小红书 - Google Chrome,408,mock_post_408.png,🇲🇾LRT KelanajayaLine通告，列车降速 - 小红书 - Google Chrome,2026-02-22T14:48:00,"Xiaoxuan Talk Malaysia Official
focus on
Power trip caused brief outage and service resumed after technicians completed repair at Universiti.
Passengers shared delay slip and crowding evidence during rush hour
Rapid KL staff guided queue and temporary shuttle arrangement
There are 5 comments in total
author
reply
Show 1 replies
Say something",Power trip caused brief outage and service resumed after technicians completed repair at Universiti Passengers shared delay slip and crowding evidence during rush hour Rapid KL staff guided queue and temporary shuttle arrangement There are 5 comments in total author reply Show 1 replies Say something,1,incident_power_outage,synthetic_mock
lrtkelanajaya线 - 小红书搜索 - Google Chrome,409,mock_post_409.png,lrtkelanajaya线 - 小红书搜索 - Google Chrome,2026-02-22T14:49:00,"Leisurely kitten
focus on
General city transport post not related to outage or malfunction at Wangsa Maju.
People shared regular commute and station photos
No emergency notice was posted
There are 11 comments in total
author
reply
Show 1 replies
Say something",General city transport post not related to outage or malfunction at Wangsa Maju People shared regular commute and station photos No emergency notice was posted There are 11 comments in total author reply Show 1 replies Say something,0,normal_general,synthetic_mock
lrt is bad again - Xiaohongshu search - Google Chrome,410,mock_post_410.png,lrt is bad again - Xiaohongshu search - Google Chrome,2026-02-22T14:50:00,"Ootashi store
focus on
Commuters reported long queue and train delay after track maintenance at Universiti station at KLCC.
Passengers shared delay slip and crowding evidence during rush hour
Rapid KL staff guided queue and temporary shuttle arrangement
There are 10 comments in total
author
reply
Show 3 replies
Say something",Commuters reported long queue and train delay after track maintenance at Universiti station at KLCC Passengers shared delay slip and crowding evidence during rush hour Rapid KL staff guided queue and temporary shuttle arrangement There are 10 comments in total author reply Show 3 replies Say something,1,incident_delay,synthetic_mock
🇲🇾LRT停运 注意了‼️ - 小红书 - Google Chrome,411,mock_post_411.png,🇲🇾LRT停运 注意了‼️ - 小红书 - Google Chrome,2026-02-22T14:51:00,"Ootashi store
focus on
General city transport post not related to outage or malfunction at Gombak.
People shared regular commute and station photos
No emergency notice was posted
Malaysia transport update 2026-04-24
There are 13 comments in total
author
reply
Show 2 replies
Say something",General city transport post not related to outage or malfunction at Gombak People shared regular commute and station photos No emergency notice was posted Malaysia transport update 2026 04 24 There are 13 comments in total author reply Show 2 replies Say something,0,normal_general,synthetic_mock
lrt is bad again - Xiaohongshu search - Google Chrome,412,mock_post_412.png,lrt is bad again - Xiaohongshu search - Google Chrome,2026-02-22T14:52:00,"Rapid commuter diary
focus on
LRT Kelana Jaya line had a signaling issue during peak hour and trains moved slowly at Universiti.
Passengers shared delay slip and crowding evidence during rush hour
Rapid KL staff guided queue and temporary shuttle arrangement
Malaysia transport update 2024-08-21
There are 3 comments in total
author
reply
Show 3 replies
Say something",LRT Kelana Jaya line had a signaling issue during peak hour and trains moved slowly at Universiti Passengers shared delay slip and crowding evidence during rush hour Rapid KL staff guided queue and temporary shuttle arrangement Malaysia transport update 2024 08 21 There are 3 comments in total author reply Show 3 replies Say something,1,incident_breakdown,synthetic_mock
lrtkelanajaya故障 - 小红书搜索 - Google Chrome,413,mock_post_413.png,lrtkelanajaya故障 - 小红书搜索 - Google Chrome,2026-02-22T14:53:00,"Ootashi store
focus on
Commuting to work was smooth and station crowd level was manageable today at Putra Heights.
People shared regular commute and station photos
No emergency notice was posted
Malaysia transport update 2026-07-12
There are 18 comments in total
author
reply
Show 3 replies
Say something",Commuting to work was smooth and station crowd level was manageable today at Putra Heights People shared regular commute and station photos No emergency notice was posted Malaysia transport update 2026 07 12 There are 18 comments in total author reply Show 3 replies Say something,0,normal_commute,synthetic_mock
lrtkelanajaya线 - 小红书搜索 - Google Chrome,414,mock_post_414.png,lrtkelanajaya线 - 小红书搜索 - Google Chrome,2026-02-22T14:54:00,"Xiaoxuan Talk Malaysia Official
focus on
Power trip caused brief outage and service resumed after technicians completed repair at KLCC.
Passengers shared delay slip and crowding evidence during rush hour
Rapid KL staff guided queue and temporary shuttle arrangement
There are 1 comments in total
author
reply
Show 2 replies
Say something",Power trip caused brief outage and service resumed after technicians completed repair at KLCC Passengers shared delay slip and crowding evidence during rush hour Rapid KL staff guided queue and temporary shuttle arrangement There are 1 comments in total author reply Show 2 replies Say something,1,incident_power_outage,synthetic_mock
mrt kajang - 小红书搜索 - Google Chrome,415,mock_post_415.png,mrt kajang - 小红书搜索 - Google Chrome,2026-02-22T14:55:00,"KL daily commuter
focus on
Normal operation resumed and train intervals are back to schedule at Kelana Jaya.
People shared regular commute and station photos
No emergency notice was posted
Malaysia transport update 2025-11-23
There are 17 comments in total
author
reply
Show 2 replies
Say something",Normal operation resumed and train intervals are back to schedule at Kelana Jaya People shared regular commute and station photos No emergency notice was posted Malaysia transport update 2025 11 23 There are 17 comments in total author reply Show 2 replies Say something,0,normal_operation,synthetic_mock
lrtkelanajaya故障 - 小红书搜索 - Google Chrome,416,mock_post_416.png,lrtkelanajaya故障 - 小红书搜索 - Google Chrome,2026-02-22T14:56:00,"Xiaoxuan Talk Malaysia Official
focus on
Kelana Jaya line maintenance phase affected frequency and caused crowding at stations at Wangsa Maju.
Passengers shared delay slip and crowding evidence during rush hour
Rapid KL staff guided queue and temporary shuttle arrangement
There are 18 comments in total
author
reply
Show 3 replies
Say something",Kelana Jaya line maintenance phase affected frequency and caused crowding at stations at Wangsa Maju Passengers shared delay slip and crowding evidence during rush hour Rapid KL staff guided queue and temporary shuttle arrangement There are 18 comments in total author reply Show 3 replies Say something,1,incident_maintenance_impact,synthetic_mock
🇲🇾LRT KelanajayaLine通告，列车降速 - 小红书 - Google Chrome,417,mock_post_417.png,🇲🇾LRT KelanajayaLine通告，列车降速 - 小红书 - Google Chrome,2026-02-22T14:57:00,"Leisurely kitten
focus on
Commuting to work was smooth and station crowd level was manageable today at KLCC.
People shared regular commute and station photos
No emergency notice was posted
Malaysia transport update 2024-03-18
There are 11 comments in total
author
reply
Show 2 replies
Say something",Commuting to work was smooth and station crowd level was manageable today at KLCC People shared regular commute and station photos No emergency notice was posted Malaysia transport update 2024 03 18 There are 11 comments in total author reply Show 2 replies Say something,0,normal_commute,synthetic_mock
lrtkelanajaya线 - 小红书搜索 - Google Chrome,418,mock_post_418.png,lrtkelanajaya线 - 小红书搜索 - Google Chrome,2026-02-22T14:58:00,"Leisurely kitten
focus on
Kelana Jaya line maintenance phase affected frequency and caused crowding at stations at KLCC.
Passengers shared delay slip and crowding evidence during rush hour
Rapid KL staff guided queue and temporary shuttle arrangement
There are 8 comments in total
author
reply
Show 1 replies
Say something",Kelana Jaya line maintenance phase affected frequency and caused crowding at stations at KLCC Passengers shared delay slip and crowding evidence during rush hour Rapid KL staff guided queue and temporary shuttle arrangement There are 8 comments in total author reply Show 1 replies Say something,1,incident_maintenance_impact,synthetic_mock
lrt is bad again - Xiaohongshu search - Google Chrome,419,mock_post_419.png,lrt is bad again - Xiaohongshu search - Google Chrome,2026-02-22T14:59:00,"Xiaoxuan Talk Malaysia Official
focus on
Normal operation resumed and train intervals are back to schedule at Wangsa Maju.
People shared regular commute and station photos
No emergency notice was posted
Malaysia transport update 2026-01-10
There are 6 comments in total
author
reply
Show 1 replies
Say something",Normal operation resumed and train intervals are back to schedule at Wangsa Maju People shared regular commute and station photos No emergency notice was posted Malaysia transport update 2026 01 10 There are 6 comments in total author reply Show 1 replies Say something,0,normal_operation,synthetic_mock
mrt - 小红书搜索 - Google Chrome,420,mock_post_420.png,mrt - 小红书搜索 - Google Chrome,2026-02-22T15:00:00,"City transit watcher
focus on
Kelana Jaya line maintenance phase affected frequency and caused crowding at stations at Pasar Seni.
Passengers shared delay slip and crowding evidence during rush hour
Rapid KL staff guided queue and temporary shuttle arrangement
Malaysia transport update 2025-06-17
There are 17 comments in total
author
reply
Show 3 replies
Say something",Kelana Jaya line maintenance phase affected frequency and caused crowding at stations at Pasar Seni Passengers shared delay slip and crowding evidence during rush hour Rapid KL staff guided queue and temporary shuttle arrangement Malaysia transport update 2025 06 17 There are 17 comments in total author reply Show 3 replies Say something,1,incident_maintenance_impact,synthetic_mock
lrt klcc - 小红书搜索 - Google Chrome,421,mock_post_421.png,lrt klcc - 小红书搜索 - Google Chrome,2026-02-22T15:01:00,"Ootashi store
focus on
Service update says all lines are stable with no major delay this morning at Putra Heights.
People shared regular commute and station photos
No emergency notice was posted
There are 9 comments in total
author
reply
Show 3 replies
Say something",Service update says all lines are stable with no major delay this morning at Putra Heights People shared regular commute and station photos No emergency notice was posted There are 9 comments in total author reply Show 3 replies Say something,0,normal_update,synthetic_mock
mrtkajang问题 - 小红书搜索 - Google Chrome,422,mock_post_422.png,mrtkajang问题 - 小红书搜索 - Google Chrome,2026-02-22T15:02:00,"KL daily commuter
focus on
LRT Kelana Jaya line had a signaling issue during peak hour and trains moved slowly at Putra Heights.
Passengers shared delay slip and crowding evidence during rush hour
Rapid KL staff guided queue and temporary shuttle arrangement
Malaysia transport update 2026-02-09
There are 3 comments in total
author
reply
Show 2 replies
Say something",LRT Kelana Jaya line had a signaling issue during peak hour and trains moved slowly at Putra Heights Passengers shared delay slip and crowding evidence during rush hour Rapid KL staff guided queue and temporary shuttle arrangement Malaysia transport update 2026 02 09 There are 3 comments in total author reply Show 2 replies Say something,1,incident_breakdown,synthetic_mock
lrt klcc - 小红书搜索 - Google Chrome,423,mock_post_423.png,lrt klcc - 小红书搜索 - Google Chrome,2026-02-22T15:03:00,"Xiaoxuan Talk Malaysia Official
focus on
Routine travel post about route tips and fare sharing at Putra Heights.
People shared regular commute and station photos
No emergency notice was posted
Malaysia transport update 2026-03-12
There are 6 comments in total
author
reply
Show 2 replies
Say something",Routine travel post about route tips and fare sharing at Putra Heights People shared regular commute and station photos No emergency notice was posted Malaysia transport update 2026 03 12 There are 6 comments in total author reply Show 2 replies Say something,0,normal_travel_tip,synthetic_mock
lrt is bad again - Xiaohongshu search - Google Chrome,424,mock_post_424.png,lrt is bad again - Xiaohongshu search - Google Chrome,2026-02-22T15:04:00,"Ootashi store
focus on
Passengers were asked to get off at Pasar Seni due to train fault and wait for replacement at KLCC.
Passengers shared delay slip and crowding evidence during rush hour
Rapid KL staff guided queue and temporary shuttle arrangement
There are 1 comments in total
author
reply
Show 1 replies
Say something",Passengers were asked to get off at Pasar Seni due to train fault and wait for replacement at KLCC Passengers shared delay slip and crowding evidence during rush hour Rapid KL staff guided queue and temporary shuttle arrangement There are 1 comments in total author reply Show 1 replies Say something,1,incident_train_fault,synthetic_mock
🇲🇾LRT停运 注意了‼️ - 小红书 - Google Chrome,425,mock_post_425.png,🇲🇾LRT停运 注意了‼️ - 小红书 - Google Chrome,2026-02-22T15:05:00,"Rapid commuter diary
focus on
Service update says all lines are stable with no major delay this morning at Kelana Jaya.
People shared regular commute and station photos
No emergency notice was posted
Malaysia transport update 2024-03-28
There are 2 comments in total
author
reply
Show 3 replies
Say something",Service update says all lines are stable with no major delay this morning at Kelana Jaya People shared regular commute and station photos No emergency notice was posted Malaysia transport update 2024 03 28 There are 2 comments in total author reply Show 3 replies Say something,0,normal_update,synthetic_mock
mrt fault - 小红书搜索 - Google Chrome,426,mock_post_426.png,mrt fault - 小红书搜索 - Google Chrome,2026-02-22T15:06:00,"Leisurely kitten
focus on
Power trip caused brief outage and service resumed after technicians completed repair at Universiti.
Passengers shared delay slip and crowding evidence during rush hour
Rapid KL staff guided queue and temporary shuttle arrangement
Malaysia transport update 2026-06-09
There are 3 comments in total
author
reply
Show 3 replies
Say something",Power trip caused brief outage and service resumed after technicians completed repair at Universiti Passengers shared delay slip and crowding evidence during rush hour Rapid KL staff guided queue and temporary shuttle arrangement Malaysia transport update 2026 06 09 There are 3 comments in total author reply Show 3 replies Say something,1,incident_power_outage,synthetic_mock
地铁 马来西亚 - 小红书搜索 - Google Chrome,427,mock_post_427.png,地铁 马来西亚 - 小红书搜索 - Google Chrome,2026-02-22T15:07:00,"City transit watcher
focus on
Normal operation resumed and train intervals are back to schedule at Masjid Jamek.
People shared regular commute and station photos
No emergency notice was posted
There are 6 comments in total
author
reply
Show 1 replies
Say something",Normal operation resumed and train intervals are back to schedule at Masjid Jamek People shared regular commute and station photos No emergency notice was posted There are 6 comments in total author reply Show 1 replies Say something,0,normal_operation,synthetic_mock
mrt fault - 小红书搜索 - Google Chrome,428,mock_post_428.png,mrt fault - 小红书搜索 - Google Chrome,2026-02-22T15:08:00,"Xiaoxuan Talk Malaysia Official
focus on
LRT Kelana Jaya line had a signaling issue during peak hour and trains moved slowly at Wangsa Maju.
Passengers shared delay slip and crowding evidence during rush hour
Rapid KL staff guided queue and temporary shuttle arrangement
There are 10 comments in total
author
reply
Show 2 replies
Say something",LRT Kelana Jaya line had a signaling issue during peak hour and trains moved slowly at Wangsa Maju Passengers shared delay slip and crowding evidence during rush hour Rapid KL staff guided queue and temporary shuttle arrangement There are 10 comments in total author reply Show 2 replies Say something,1,incident_breakdown,synthetic_mock
🇲🇾LRT KelanajayaLine通告，列车降速 - 小红书 - Google Chrome,429,mock_post_429.png,🇲🇾LRT KelanajayaLine通告，列车降速 - 小红书 - Google Chrome,2026-02-22T15:09:00,"Rapid commuter diary
focus on
Normal operation resumed and train intervals are back to schedule at Masjid Jamek.
People shared regular commute and station photos
No emergency notice was posted
Malaysia transport update 2024-05-19
There are 10 comments in total
author
reply
Show 3 replies
Say something",Normal operation resumed and train intervals are back to schedule at Masjid Jamek People shared regular commute and station photos No emergency notice was posted Malaysia transport update 2024 05 19 There are 10 comments in total author reply Show 3 replies Say something,0,normal_operation,synthetic_mock
地铁 马来西亚 - 小红书搜索 - Google Chrome,430,mock_post_430.png,地铁 马来西亚 - 小红书搜索 - Google Chrome,2026-02-22T15:10:00,"Leisurely kitten
focus on
Rapid KL announced temporary service disruption between KLCC and Gombak with shuttle support at Ampang Park.
Passengers shared delay slip and crowding evidence during rush hour
Rapid KL staff guided queue and temporary shuttle arrangement
There are 16 comments in total
author
reply
Show 1 replies
Say something",Rapid KL announced temporary service disruption between KLCC and Gombak with shuttle support at Ampang Park Passengers shared delay slip and crowding evidence during rush hour Rapid KL staff guided queue and temporary shuttle arrangement There are 16 comments in total author reply Show 1 replies Say something,1,incident_service_disruption,synthetic_mock
地铁 马来西亚 - 小红书搜索 - Google Chrome,431,mock_post_431.png,地铁 马来西亚 - 小红书搜索 - Google Chrome,2026-02-22T15:11:00,"Xiaoxuan Talk Malaysia Official
focus on
Service update says all lines are stable with no major delay this morning at Pasar Seni.
People shared regular commute and station photos
No emergency notice was posted
There are 1 comments in total
author
reply
Show 1 replies
Say something",Service update says all lines are stable with no major delay this morning at Pasar Seni People shared regular commute and station photos No emergency notice was posted There are 1 comments in total author reply Show 1 replies Say something,0,normal_update,synthetic_mock
lrtkelanajaya线 - 小红书搜索 - Google Chrome,432,mock_post_432.png,lrtkelanajaya线 - 小红书搜索 - Google Chrome,2026-02-22T15:12:00,"Leisurely kitten
focus on
Commuters reported long queue and train delay after track maintenance at Universiti station at Kelana Jaya.
Passengers shared delay slip and crowding evidence during rush hour
Rapid KL staff guided queue and temporary shuttle arrangement
Malaysia transport update 2026-07-28
There are 10 comments in total
author
reply
Show 1 replies
Say something",Commuters reported long queue and train delay after track maintenance at Universiti station at Kelana Jaya Passengers shared delay slip and crowding evidence during rush hour Rapid KL staff guided queue and temporary shuttle arrangement Malaysia transport update 2026 07 28 There are 10 comments in total author reply Show 1 replies Say something,1,incident_delay,synthetic_mock
lrt is bad again - Xiaohongshu search - Google Chrome,433,mock_post_433.png,lrt is bad again - Xiaohongshu search - Google Chrome,2026-02-22T15:13:00,"Rapid commuter diary
focus on
Routine travel post about route tips and fare sharing at Universiti.
People shared regular commute and station photos
No emergency notice was posted
Malaysia transport update 2024-03-23
There are 9 comments in total
author
reply
Show 1 replies
Say something",Routine travel post about route tips and fare sharing at Universiti People shared regular commute and station photos No emergency notice was posted Malaysia transport update 2024 03 23 There are 9 comments in total author reply Show 1 replies Say something,0,normal_travel_tip,synthetic_mock
lrt klcc - 小红书搜索 - Google Chrome,434,mock_post_434.png,lrt klcc - 小红书搜索 - Google Chrome,2026-02-22T15:14:00,"Rapid commuter diary
focus on
Rapid KL announced temporary service disruption between KLCC and Gombak with shuttle support at Masjid Jamek.
Passengers shared delay slip and crowding evidence during rush hour
Rapid KL staff guided queue and temporary shuttle arrangement
There are 12 comments in total
author
reply
Show 2 replies
Say something",Rapid KL announced temporary service disruption between KLCC and Gombak with shuttle support at Masjid Jamek Passengers shared delay slip and crowding evidence during rush hour Rapid KL staff guided queue and temporary shuttle arrangement There are 12 comments in total author reply Show 2 replies Say something,1,incident_service_disruption,synthetic_mock
🇲🇾LRT停运 注意了‼️ - 小红书 - Google Chrome,435,mock_post_435.png,🇲🇾LRT停运 注意了‼️ - 小红书 - Google Chrome,2026-02-22T15:15:00,"Little Red Potato 66A1
focus on
Routine travel post about route tips and fare sharing at KLCC.
People shared regular commute and station photos
No emergency notice was posted
Malaysia transport update 2025-02-19
There are 2 comments in total
author
reply
Show 2 replies
Say something",Routine travel post about route tips and fare sharing at KLCC People shared regular commute and station photos No emergency notice was posted Malaysia transport update 2025 02 19 There are 2 comments in total author reply Show 2 replies Say something,0,normal_travel_tip,synthetic_mock
mrtkajang问题 - 小红书搜索 - Google Chrome,436,mock_post_436.png,mrtkajang问题 - 小红书搜索 - Google Chrome,2026-02-22T15:16:00,"Leisurely kitten
focus on
Rapid KL announced temporary service disruption between KLCC and Gombak with shuttle support at Universiti.
Passengers shared delay slip and crowding evidence during rush hour
Rapid KL staff guided queue and temporary shuttle arrangement
Malaysia transport update 2025-07-23
There are 11 comments in total
author
reply
Show 2 replies
Say something",Rapid KL announced temporary service disruption between KLCC and Gombak with shuttle support at Universiti Passengers shared delay slip and crowding evidence during rush hour Rapid KL staff guided queue and temporary shuttle arrangement Malaysia transport update 2025 07 23 There are 11 comments in total author reply Show 2 replies Say something,1,incident_service_disruption,synthetic_mock
lrt klcc - 小红书搜索 - Google Chrome,437,mock_post_437.png,lrt klcc - 小红书搜索 - Google Chrome,2026-02-22T15:17:00,"Xiaoxuan Talk Malaysia Official
focus on
Commuting to work was smooth and station crowd level was manageable today at Universiti.
People shared regular commute and station photos
No emergency notice was posted
There are 5 comments in total
author
reply
Show 3 replies
Say something",Commuting to work was smooth and station crowd level was manageable today at Universiti People shared regular commute and station photos No emergency notice was posted There are 5 comments in total author reply Show 3 replies Say something,0,normal_commute,synthetic_mock
lrtkelanajaya线 - 小红书搜索 - Google Chrome,438,mock_post_438.png,lrtkelanajaya线 - 小红书搜索 - Google Chrome,2026-02-22T15:18:00,"Ootashi store
focus on
Rapid KL announced temporary service disruption between KLCC and Gombak with shuttle support at KLCC.
Passengers shared delay slip and crowding evidence during rush hour
Rapid KL staff guided queue and temporary shuttle arrangement
Malaysia transport update 2025-07-04
There are 18 comments in total
author
reply
Show 2 replies
Say something",Rapid KL announced temporary service disruption between KLCC and Gombak with shuttle support at KLCC Passengers shared delay slip and crowding evidence during rush hour Rapid KL staff guided queue and temporary shuttle arrangement Malaysia transport update 2025 07 04 There are 18 comments in total author reply Show 2 replies Say something,1,incident_service_disruption,synthetic_mock
🇲🇾LRT KelanajayaLine通告，列车降速 - 小红书 - Google Chrome,439,mock_post_439.png,🇲🇾LRT KelanajayaLine通告，列车降速 - 小红书 - Google Chrome,2026-02-22T15:19:00,"Rapid commuter diary
focus on
No disruption observed and transfer between lines completed without waiting at Gombak.
People shared regular commute and station photos
No emergency notice was posted
Malaysia transport update 2024-02-06
There are 10 comments in total
author
reply
Show 3 replies
Say something",No disruption observed and transfer between lines completed without waiting at Gombak People shared regular commute and station photos No emergency notice was posted Malaysia transport update 2024 02 06 There are 10 comments in total author reply Show 3 replies Say something,0,normal_no_incident,synthetic_mock
lrtkelanajaya线 - 小红书搜索 - Google Chrome,440,mock_post_440.png,lrtkelanajaya线 - 小红书搜索 - Google Chrome,2026-02-22T15:20:00,"KL daily commuter
focus on
LRT Kelana Jaya line had a signaling issue during peak hour and trains moved slowly at Universiti.
Passengers shared delay slip and crowding evidence during rush hour
Rapid KL staff guided queue and temporary shuttle arrangement
There are 5 comments in total
author
reply
Show 1 replies
Say something",LRT Kelana Jaya line had a signaling issue during peak hour and trains moved slowly at Universiti Passengers shared delay slip and crowding evidence during rush hour Rapid KL staff guided queue and temporary shuttle arrangement There are 5 comments in total author reply Show 1 replies Say something,1,incident_breakdown,synthetic_mock
mrt kajang - 小红书搜索 - Google Chrome,441,mock_post_441.png,mrt kajang - 小红书搜索 - Google Chrome,2026-02-22T15:21:00,"Little Red Potato 66A1
focus on
Commuting to work was smooth and station crowd level was manageable today at Wangsa Maju.
People shared regular commute and station photos
No emergency notice was posted
Malaysia transport update 2025-05-27
There are 6 comments in total
author
reply
Show 1 replies
Say something",Commuting to work was smooth and station crowd level was manageable today at Wangsa Maju People shared regular commute and station photos No emergency notice was posted Malaysia transport update 2025 05 27 There are 6 comments in total author reply Show 1 replies Say something,0,normal_commute,synthetic_mock
lrt klcc - 小红书搜索 - Google Chrome,442,mock_post_442.png,lrt klcc - 小红书搜索 - Google Chrome,2026-02-22T15:22:00,"City transit watcher
focus on
Power trip caused brief outage and service resumed after technicians completed repair at Masjid Jamek.
Passengers shared delay slip and crowding evidence during rush hour
Rapid KL staff guided queue and temporary shuttle arrangement
There are 4 comments in total
author
reply
Show 2 replies
Say something",Power trip caused brief outage and service resumed after technicians completed repair at Masjid Jamek Passengers shared delay slip and crowding evidence during rush hour Rapid KL staff guided queue and temporary shuttle arrangement There are 4 comments in total author reply Show 2 replies Say something,1,incident_power_outage,synthetic_mock
🇲🇾LRT停运 注意了‼️ - 小红书 - Google Chrome,443,mock_post_443.png,🇲🇾LRT停运 注意了‼️ - 小红书 - Google Chrome,2026-02-22T15:23:00,"Xiaoxuan Talk Malaysia Official
focus on
Service update says all lines are stable with no major delay this morning at KLCC.
People shared regular commute and station photos
No emergency notice was posted
Malaysia transport update 2024-03-07
There are 13 comments in total
author
reply
Show 2 replies
Say something",Service update says all lines are stable with no major delay this morning at KLCC People shared regular commute and station photos No emergency notice was posted Malaysia transport update 2024 03 07 There are 13 comments in total author reply Show 2 replies Say something,0,normal_update,synthetic_mock
lrt klcc - 小红书搜索 - Google Chrome,444,mock_post_444.png,lrt klcc - 小红书搜索 - Google Chrome,2026-02-22T15:24:00,"Little Red Potato 66A1
focus on
Kelana Jaya line maintenance phase affected frequency and caused crowding at stations at KLCC.
Passengers shared delay slip and crowding evidence during rush hour
Rapid KL staff guided queue and temporary shuttle arrangement
There are 3 comments in total
author
reply
Show 1 replies
Say something",Kelana Jaya line maintenance phase affected frequency and caused crowding at stations at KLCC Passengers shared delay slip and crowding evidence during rush hour Rapid KL staff guided queue and temporary shuttle arrangement There are 3 comments in total author reply Show 1 replies Say something,1,incident_maintenance_impact,synthetic_mock
lrtkelanajaya故障 - 小红书搜索 - Google Chrome,445,mock_post_445.png,lrtkelanajaya故障 - 小红书搜索 - Google Chrome,2026-02-22T15:25:00,"KL daily commuter
focus on
Service update says all lines are stable with no major delay this morning at Ampang Park.
People shared regular commute and station photos
No emergency notice was posted
Malaysia transport update 2025-02-02
There are 15 comments in total
author
reply
Show 1 replies
Say something",Service update says all lines are stable with no major delay this morning at Ampang Park People shared regular commute and station photos No emergency notice was posted Malaysia transport update 2025 02 02 There are 15 comments in total author reply Show 1 replies Say something,0,normal_update,synthetic_mock
mrt kajang - 小红书搜索 - Google Chrome,446,mock_post_446.png,mrt kajang - 小红书搜索 - Google Chrome,2026-02-22T15:26:00,"KL daily commuter
focus on
Passengers were asked to get off at Pasar Seni due to train fault and wait for replacement at Wangsa Maju.
Passengers shared delay slip and crowding evidence during rush hour
Rapid KL staff guided queue and temporary shuttle arrangement
There are 16 comments in total
author
reply
Show 1 replies
Say something",Passengers were asked to get off at Pasar Seni due to train fault and wait for replacement at Wangsa Maju Passengers shared delay slip and crowding evidence during rush hour Rapid KL staff guided queue and temporary shuttle arrangement There are 16 comments in total author reply Show 1 replies Say something,1,incident_train_fault,synthetic_mock
lrt is bad again - Xiaohongshu search - Google Chrome,447,mock_post_447.png,lrt is bad again - Xiaohongshu search - Google Chrome,2026-02-22T15:27:00,"Ootashi store
focus on
General city transport post not related to outage or malfunction at Wangsa Maju.
People shared regular commute and station photos
No emergency notice was posted
Malaysia transport update 2024-05-09
There are 15 comments in total
author
reply
Show 1 replies
Say something",General city transport post not related to outage or malfunction at Wangsa Maju People shared regular commute and station photos No emergency notice was posted Malaysia transport update 2024 05 09 There are 15 comments in total author reply Show 1 replies Say something,0,normal_general,synthetic_mock
lrt is bad again - Xiaohongshu search - Google Chrome,448,mock_post_448.png,lrt is bad again - Xiaohongshu search - Google Chrome,2026-02-22T15:28:00,"Little Red Potato 66A1
focus on
Passengers were asked to get off at Pasar Seni due to train fault and wait for replacement at KL Sentral.
Passengers shared delay slip and crowding evidence during rush hour
Rapid KL staff guided queue and temporary shuttle arrangement
Malaysia transport update 2025-08-14
There are 18 comments in total
author
reply
Show 2 replies
Say something",Passengers were asked to get off at Pasar Seni due to train fault and wait for replacement at KL Sentral Passengers shared delay slip and crowding evidence during rush hour Rapid KL staff guided queue and temporary shuttle arrangement Malaysia transport update 2025 08 14 There are 18 comments in total author reply Show 2 replies Say something,1,incident_train_fault,synthetic_mock
🇲🇾LRT停运 注意了‼️ - 小红书 - Google Chrome,449,mock_post_449.png,🇲🇾LRT停运 注意了‼️ - 小红书 - Google Chrome,2026-02-22T15:29:00,"Rapid commuter diary
focus on
Normal operation resumed and train intervals are back to schedule at Gombak.
People shared regular commute and station photos
No emergency notice was posted
Malaysia transport update 2024-11-26
There are 17 comments in total
author
reply
Show 1 replies
Say something",Normal operation resumed and train intervals are back to schedule at Gombak People shared regular commute and station photos No emergency notice was posted Malaysia transport update 2024 11 26 There are 17 comments in total author reply Show 1 replies Say something,0,normal_operation,synthetic_mock
地铁 马来西亚 - 小红书搜索 - Google Chrome,450,mock_post_450.png,地铁 马来西亚 - 小红书搜索 - Google Chrome,2026-02-22T15:30:00,"Rapid commuter diary
focus on
Passengers were asked to get off at Pasar Seni due to train fault and wait for replacement at Kelana Jaya.
Passengers shared delay slip and crowding evidence during rush hour
Rapid KL staff guided queue and temporary shuttle arrangement
There are 12 comments in total
author
reply
Show 2 replies
Say something",Passengers were asked to get off at Pasar Seni due to train fault and wait for replacement at Kelana Jaya Passengers shared delay slip and crowding evidence during rush hour Rapid KL staff guided queue and temporary shuttle arrangement There are 12 comments in total author reply Show 2 replies Say something,1,incident_train_fault,synthetic_mock
🇲🇾LRT KelanajayaLine通告，列车降速 - 小红书 - Google Chrome,451,mock_post_451.png,🇲🇾LRT KelanajayaLine通告，列车降速 - 小红书 - Google Chrome,2026-02-22T15:31:00,"Little Red Potato 66A1
focus on
No disruption observed and transfer between lines completed without waiting at Putra Heights.
People shared regular commute and station photos
No emergency notice was posted
Malaysia transport update 2025-05-06
There are 1 comments in total
author
reply
Show 2 replies
Say something",No disruption observed and transfer between lines completed without waiting at Putra Heights People shared regular commute and station photos No emergency notice was posted Malaysia transport update 2025 05 06 There are 1 comments in total author reply Show 2 replies Say something,0,normal_no_incident,synthetic_mock
地铁 马来西亚 - 小红书搜索 - Google Chrome,452,mock_post_452.png,地铁 马来西亚 - 小红书搜索 - Google Chrome,2026-02-22T15:32:00,"KL daily commuter
focus on
Rapid KL announced temporary service disruption between KLCC and Gombak with shuttle support at Kelana Jaya.
Passengers shared delay slip and crowding evidence during rush hour
Rapid KL staff guided queue and temporary shuttle arrangement
There are 2 comments in total
author
reply
Show 2 replies
Say something",Rapid KL announced temporary service disruption between KLCC and Gombak with shuttle support at Kelana Jaya Passengers shared delay slip and crowding evidence during rush hour Rapid KL staff guided queue and temporary shuttle arrangement There are 2 comments in total author reply Show 2 replies Say something,1,incident_service_disruption,synthetic_mock
🇲🇾LRT停运 注意了‼️ - 小红书 - Google Chrome,453,mock_post_453.png,🇲🇾LRT停运 注意了‼️ - 小红书 - Google Chrome,2026-02-22T15:33:00,"Ootashi store
focus on
Commuting to work was smooth and station crowd level was manageable today at KL Sentral.
People shared regular commute and station photos
No emergency notice was posted
There are 4 comments in total
author
reply
Show 1 replies
Say something",Commuting to work was smooth and station crowd level was manageable today at KL Sentral People shared regular commute and station photos No emergency notice was posted There are 4 comments in total author reply Show 1 replies Say something,0,normal_commute,synthetic_mock
🇲🇾LRT KelanajayaLine通告，列车降速 - 小红书 - Google Chrome,454,mock_post_454.png,🇲🇾LRT KelanajayaLine通告，列车降速 - 小红书 - Google Chrome,2026-02-22T15:34:00,"Little Red Potato 66A1
focus on
Rapid KL announced temporary service disruption between KLCC and Gombak with shuttle support at Gombak.
Passengers shared delay slip and crowding evidence during rush hour
Rapid KL staff guided queue and temporary shuttle arrangement
There are 2 comments in total
author
reply
Show 1 replies
Say something",Rapid KL announced temporary service disruption between KLCC and Gombak with shuttle support at Gombak Passengers shared delay slip and crowding evidence during rush hour Rapid KL staff guided queue and temporary shuttle arrangement There are 2 comments in total author reply Show 1 replies Say something,1,incident_service_disruption,synthetic_mock
lrtkelanajaya线 - 小红书搜索 - Google Chrome,455,mock_post_455.png,lrtkelanajaya线 - 小红书搜索 - Google Chrome,2026-02-22T15:35:00,"KL daily commuter
focus on
No disruption observed and transfer between lines completed without waiting at Putra Heights.
People shared regular commute and station photos
No emergency notice was posted
There are 6 comments in total
author
reply
Show 1 replies
Say something",No disruption observed and transfer between lines completed without waiting at Putra Heights People shared regular commute and station photos No emergency notice was posted There are 6 comments in total author reply Show 1 replies Say something,0,normal_no_incident,synthetic_mock
lrt is bad again - Xiaohongshu search - Google Chrome,456,mock_post_456.png,lrt is bad again - Xiaohongshu search - Google Chrome,2026-02-22T15:36:00,"KL daily commuter
focus on
Passengers were asked to get off at Pasar Seni due to train fault and wait for replacement at Putra Heights.
Passengers shared delay slip and crowding evidence during rush hour
Rapid KL staff guided queue and temporary shuttle arrangement
There are 12 comments in total
author
reply
Show 3 replies
Say something",Passengers were asked to get off at Pasar Seni due to train fault and wait for replacement at Putra Heights Passengers shared delay slip and crowding evidence during rush hour Rapid KL staff guided queue and temporary shuttle arrangement There are 12 comments in total author reply Show 3 replies Say something,1,incident_train_fault,synthetic_mock
地铁 马来西亚 - 小红书搜索 - Google Chrome,457,mock_post_457.png,地铁 马来西亚 - 小红书搜索 - Google Chrome,2026-02-22T15:37:00,"Little Red Potato 66A1
focus on
General city transport post not related to outage or malfunction at Putra Heights.
People shared regular commute and station photos
No emergency notice was posted
There are 7 comments in total
author
reply
Show 2 replies
Say something",General city transport post not related to outage or malfunction at Putra Heights People shared regular commute and station photos No emergency notice was posted There are 7 comments in total author reply Show 2 replies Say something,0,normal_general,synthetic_mock
地铁 马来西亚 - 小红书搜索 - Google Chrome,458,mock_post_458.png,地铁 马来西亚 - 小红书搜索 - Google Chrome,2026-02-22T15:38:00,"Rapid commuter diary
focus on
Commuters reported long queue and train delay after track maintenance at Universiti station at Pasar Seni.
Passengers shared delay slip and crowding evidence during rush hour
Rapid KL staff guided queue and temporary shuttle arrangement
Malaysia transport update 2024-04-20
There are 8 comments in total
author
reply
Show 1 replies
Say something",Commuters reported long queue and train delay after track maintenance at Universiti station at Pasar Seni Passengers shared delay slip and crowding evidence during rush hour Rapid KL staff guided queue and temporary shuttle arrangement Malaysia transport update 2024 04 20 There are 8 comments in total author reply Show 1 replies Say something,1,incident_delay,synthetic_mock
mrt fault - 小红书搜索 - Google Chrome,459,mock_post_459.png,mrt fault - 小红书搜索 - Google Chrome,2026-02-22T15:39:00,"Leisurely kitten
focus on
No disruption observed and transfer between lines completed without waiting at Kelana Jaya.
People shared regular commute and station photos
No emergency notice was posted
There are 7 comments in total
author
reply
Show 1 replies
Say something",No disruption observed and transfer between lines completed without waiting at Kelana Jaya People shared regular commute and station photos No emergency notice was posted There are 7 comments in total author reply Show 1 replies Say something,0,normal_no_incident,synthetic_mock
lrt is bad again - Xiaohongshu search - Google Chrome,460,mock_post_460.png,lrt is bad again - Xiaohongshu search - Google Chrome,2026-02-22T15:40:00,"KL daily commuter
focus on
Kelana Jaya line maintenance phase affected frequency and caused crowding at stations at Pasar Seni.
Passengers shared delay slip and crowding evidence during rush hour
Rapid KL staff guided queue and temporary shuttle arrangement
There are 11 comments in total
author
reply
Show 1 replies
Say something",Kelana Jaya line maintenance phase affected frequency and caused crowding at stations at Pasar Seni Passengers shared delay slip and crowding evidence during rush hour Rapid KL staff guided queue and temporary shuttle arrangement There are 11 comments in total author reply Show 1 replies Say something,1,incident_maintenance_impact,synthetic_mock
mrt fault - 小红书搜索 - Google Chrome,461,mock_post_461.png,mrt fault - 小红书搜索 - Google Chrome,2026-02-22T15:41:00,"City transit watcher
focus on
Service update says all lines are stable with no major delay this morning at KL Sentral.
People shared regular commute and station photos
No emergency notice was posted
There are 4 comments in total
author
reply
Show 3 replies
Say something",Service update says all lines are stable with no major delay this morning at KL Sentral People shared regular commute and station photos No emergency notice was posted There are 4 comments in total author reply Show 3 replies Say something,0,normal_update,synthetic_mock
lrt klcc - 小红书搜索 - Google Chrome,462,mock_post_462.png,lrt klcc - 小红书搜索 - Google Chrome,2026-02-22T15:42:00,"City transit watcher
focus on
LRT Kelana Jaya line had a signaling issue during peak hour and trains moved slowly at Putra Heights.
Passengers shared delay slip and crowding evidence during rush hour
Rapid KL staff guided queue and temporary shuttle arrangement
There are 13 comments in total
author
reply
Show 3 replies
Say something",LRT Kelana Jaya line had a signaling issue during peak hour and trains moved slowly at Putra Heights Passengers shared delay slip and crowding evidence during rush hour Rapid KL staff guided queue and temporary shuttle arrangement There are 13 comments in total author reply Show 3 replies Say something,1,incident_breakdown,synthetic_mock
mrt fault - 小红书搜索 - Google Chrome,463,mock_post_463.png,mrt fault - 小红书搜索 - Google Chrome,2026-02-22T15:43:00,"Leisurely kitten
focus on
Commuting to work was smooth and station crowd level was manageable today at Gombak.
People shared regular commute and station photos
No emergency notice was posted
Malaysia transport update 2024-12-14
There are 16 comments in total
author
reply
Show 3 replies
Say something",Commuting to work was smooth and station crowd level was manageable today at Gombak People shared regular commute and station photos No emergency notice was posted Malaysia transport update 2024 12 14 There are 16 comments in total author reply Show 3 replies Say something,0,normal_commute,synthetic_mock
🇲🇾LRT停运 注意了‼️ - 小红书 - Google Chrome,464,mock_post_464.png,🇲🇾LRT停运 注意了‼️ - 小红书 - Google Chrome,2026-02-22T15:44:00,"City transit watcher
focus on
Rapid KL announced temporary service disruption between KLCC and Gombak with shuttle support at Masjid Jamek.
Passengers shared delay slip and crowding evidence during rush hour
Rapid KL staff guided queue and temporary shuttle arrangement
There are 12 comments in total
author
reply
Show 1 replies
Say something",Rapid KL announced temporary service disruption between KLCC and Gombak with shuttle support at Masjid Jamek Passengers shared delay slip and crowding evidence during rush hour Rapid KL staff guided queue and temporary shuttle arrangement There are 12 comments in total author reply Show 1 replies Say something,1,incident_service_disruption,synthetic_mock
lrt is bad again - Xiaohongshu search - Google Chrome,465,mock_post_465.png,lrt is bad again - Xiaohongshu search - Google Chrome,2026-02-22T15:45:00,"Rapid commuter diary
focus on
Routine travel post about route tips and fare sharing at Pasar Seni.
People shared regular commute and station photos
No emergency notice was posted
Malaysia transport update 2026-05-05
There are 6 comments in total
author
reply
Show 3 replies
Say something",Routine travel post about route tips and fare sharing at Pasar Seni People shared regular commute and station photos No emergency notice was posted Malaysia transport update 2026 05 05 There are 6 comments in total author reply Show 3 replies Say something,0,normal_travel_tip,synthetic_mock
🇲🇾LRT KelanajayaLine通告，列车降速 - 小红书 - Google Chrome,466,mock_post_466.png,🇲🇾LRT KelanajayaLine通告，列车降速 - 小红书 - Google Chrome,2026-02-22T15:46:00,"Rapid commuter diary
focus on
Kelana Jaya line maintenance phase affected frequency and caused crowding at stations at KL Sentral.
Passengers shared delay slip and crowding evidence during rush hour
Rapid KL staff guided queue and temporary shuttle arrangement
There are 2 comments in total
author
reply
Show 1 replies
Say something",Kelana Jaya line maintenance phase affected frequency and caused crowding at stations at KL Sentral Passengers shared delay slip and crowding evidence during rush hour Rapid KL staff guided queue and temporary shuttle arrangement There are 2 comments in total author reply Show 1 replies Say something,1,incident_maintenance_impact,synthetic_mock
lrtkelanajaya故障 - 小红书搜索 - Google Chrome,467,mock_post_467.png,lrtkelanajaya故障 - 小红书搜索 - Google Chrome,2026-02-22T15:47:00,"Ootashi store
focus on
Commuting to work was smooth and station crowd level was manageable today at KL Sentral.
People shared regular commute and station photos
No emergency notice was posted
There are 4 comments in total
author
reply
Show 2 replies
Say something",Commuting to work was smooth and station crowd level was manageable today at KL Sentral People shared regular commute and station photos No emergency notice was posted There are 4 comments in total author reply Show 2 replies Say something,0,normal_commute,synthetic_mock
🇲🇾LRT停运 注意了‼️ - 小红书 - Google Chrome,468,mock_post_468.png,🇲🇾LRT停运 注意了‼️ - 小红书 - Google Chrome,2026-02-22T15:48:00,"Ootashi store
focus on
Commuters reported long queue and train delay after track maintenance at Universiti station at KLCC.
Passengers shared delay slip and crowding evidence during rush hour
Rapid KL staff guided queue and temporary shuttle arrangement
Malaysia transport update 2025-03-21
There are 3 comments in total
author
reply
Show 3 replies
Say something",Commuters reported long queue and train delay after track maintenance at Universiti station at KLCC Passengers shared delay slip and crowding evidence during rush hour Rapid KL staff guided queue and temporary shuttle arrangement Malaysia transport update 2025 03 21 There are 3 comments in total author reply Show 3 replies Say something,1,incident_delay,synthetic_mock
mrt - 小红书搜索 - Google Chrome,469,mock_post_469.png,mrt - 小红书搜索 - Google Chrome,2026-02-22T15:49:00,"Rapid commuter diary
focus on
General city transport post not related to outage or malfunction at Putra Heights.
People shared regular commute and station photos
No emergency notice was posted
Malaysia transport update 2024-04-23
There are 3 comments in total
author
reply
Show 2 replies
Say something",General city transport post not related to outage or malfunction at Putra Heights People shared regular commute and station photos No emergency notice was posted Malaysia transport update 2024 04 23 There are 3 comments in total author reply Show 2 replies Say something,0,normal_general,synthetic_mock
mrt kajang - 小红书搜索 - Google Chrome,470,mock_post_470.png,mrt kajang - 小红书搜索 - Google Chrome,2026-02-22T15:50:00,"Xiaoxuan Talk Malaysia Official
focus on
LRT Kelana Jaya line had a signaling issue during peak hour and trains moved slowly at Kelana Jaya.
Passengers shared delay slip and crowding evidence during rush hour
Rapid KL staff guided queue and temporary shuttle arrangement
Malaysia transport update 2026-07-06
There are 14 comments in total
author
reply
Show 2 replies
Say something",LRT Kelana Jaya line had a signaling issue during peak hour and trains moved slowly at Kelana Jaya Passengers shared delay slip and crowding evidence during rush hour Rapid KL staff guided queue and temporary shuttle arrangement Malaysia transport update 2026 07 06 There are 14 comments in total author reply Show 2 replies Say something,1,incident_breakdown,synthetic_mock
mrtkajang问题 - 小红书搜索 - Google Chrome,471,mock_post_471.png,mrtkajang问题 - 小红书搜索 - Google Chrome,2026-02-22T15:51:00,"Rapid commuter diary
focus on
Commuting to work was smooth and station crowd level was manageable today at Masjid Jamek.
People shared regular commute and station photos
No emergency notice was posted
Malaysia transport update 2025-10-21
There are 8 comments in total
author
reply
Show 1 replies
Say something",Commuting to work was smooth and station crowd level was manageable today at Masjid Jamek People shared regular commute and station photos No emergency notice was posted Malaysia transport update 2025 10 21 There are 8 comments in total author reply Show 1 replies Say something,0,normal_commute,synthetic_mock
mrt kajang - 小红书搜索 - Google Chrome,472,mock_post_472.png,mrt kajang - 小红书搜索 - Google Chrome,2026-02-22T15:52:00,"Leisurely kitten
focus on
LRT Kelana Jaya line had a signaling issue during peak hour and trains moved slowly at Kelana Jaya.
Passengers shared delay slip and crowding evidence during rush hour
Rapid KL staff guided queue and temporary shuttle arrangement
Malaysia transport update 2025-02-03
There are 11 comments in total
author
reply
Show 1 replies
Say something",LRT Kelana Jaya line had a signaling issue during peak hour and trains moved slowly at Kelana Jaya Passengers shared delay slip and crowding evidence during rush hour Rapid KL staff guided queue and temporary shuttle arrangement Malaysia transport update 2025 02 03 There are 11 comments in total author reply Show 1 replies Say something,1,incident_breakdown,synthetic_mock
🇲🇾LRT KelanajayaLine通告，列车降速 - 小红书 - Google Chrome,473,mock_post_473.png,🇲🇾LRT KelanajayaLine通告，列车降速 - 小红书 - Google Chrome,2026-02-22T15:53:00,"Little Red Potato 66A1
focus on
Service update says all lines are stable with no major delay this morning at KLCC.
People shared regular commute and station photos
No emergency notice was posted
There are 3 comments in total
author
reply
Show 2 replies
Say something",Service update says all lines are stable with no major delay this morning at KLCC People shared regular commute and station photos No emergency notice was posted There are 3 comments in total author reply Show 2 replies Say something,0,normal_update,synthetic_mock
lrt is bad again - Xiaohongshu search - Google Chrome,474,mock_post_474.png,lrt is bad again - Xiaohongshu search - Google Chrome,2026-02-22T15:54:00,"City transit watcher
focus on
Passengers were asked to get off at Pasar Seni due to train fault and wait for replacement at Ampang Park.
Passengers shared delay slip and crowding evidence during rush hour
Rapid KL staff guided queue and temporary shuttle arrangement
Malaysia transport update 2026-03-20
There are 14 comments in total
author
reply
Show 1 replies
Say something",Passengers were asked to get off at Pasar Seni due to train fault and wait for replacement at Ampang Park Passengers shared delay slip and crowding evidence during rush hour Rapid KL staff guided queue and temporary shuttle arrangement Malaysia transport update 2026 03 20 There are 14 comments in total author reply Show 1 replies Say something,1,incident_train_fault,synthetic_mock
地铁 马来西亚 - 小红书搜索 - Google Chrome,475,mock_post_475.png,地铁 马来西亚 - 小红书搜索 - Google Chrome,2026-02-22T15:55:00,"Ootashi store
focus on
Normal operation resumed and train intervals are back to schedule at Putra Heights.
People shared regular commute and station photos
No emergency notice was posted
There are 14 comments in total
author
reply
Show 3 replies
Say something",Normal operation resumed and train intervals are back to schedule at Putra Heights People shared regular commute and station photos No emergency notice was posted There are 14 comments in total author reply Show 3 replies Say something,0,normal_operation,synthetic_mock
lrt klcc - 小红书搜索 - Google Chrome,476,mock_post_476.png,lrt klcc - 小红书搜索 - Google Chrome,2026-02-22T15:56:00,"Leisurely kitten
focus on
Kelana Jaya line maintenance phase affected frequency and caused crowding at stations at Masjid Jamek.
Passengers shared delay slip and crowding evidence during rush hour
Rapid KL staff guided queue and temporary shuttle arrangement
There are 10 comments in total
author
reply
Show 1 replies
Say something",Kelana Jaya line maintenance phase affected frequency and caused crowding at stations at Masjid Jamek Passengers shared delay slip and crowding evidence during rush hour Rapid KL staff guided queue and temporary shuttle arrangement There are 10 comments in total author reply Show 1 replies Say something,1,incident_maintenance_impact,synthetic_mock
mrt kajang - 小红书搜索 - Google Chrome,477,mock_post_477.png,mrt kajang - 小红书搜索 - Google Chrome,2026-02-22T15:57:00,"Little Red Potato 66A1
focus on
Normal operation resumed and train intervals are back to schedule at Wangsa Maju.
People shared regular commute and station photos
No emergency notice was posted
Malaysia transport update 2025-03-02
There are 12 comments in total
author
reply
Show 1 replies
Say something",Normal operation resumed and train intervals are back to schedule at Wangsa Maju People shared regular commute and station photos No emergency notice was posted Malaysia transport update 2025 03 02 There are 12 comments in total author reply Show 1 replies Say something,0,normal_operation,synthetic_mock
lrt klcc - 小红书搜索 - Google Chrome,478,mock_post_478.png,lrt klcc - 小红书搜索 - Google Chrome,2026-02-22T15:58:00,"KL daily commuter
focus on
LRT Kelana Jaya line had a signaling issue during peak hour and trains moved slowly at Gombak.
Passengers shared delay slip and crowding evidence during rush hour
Rapid KL staff guided queue and temporary shuttle arrangement
There are 16 comments in total
author
reply
Show 1 replies
Say something",LRT Kelana Jaya line had a signaling issue during peak hour and trains moved slowly at Gombak Passengers shared delay slip and crowding evidence during rush hour Rapid KL staff guided queue and temporary shuttle arrangement There are 16 comments in total author reply Show 1 replies Say something,1,incident_breakdown,synthetic_mock
lrt klcc - 小红书搜索 - Google Chrome,479,mock_post_479.png,lrt klcc - 小红书搜索 - Google Chrome,2026-02-22T15:59:00,"Ootashi store
focus on
Normal operation resumed and train intervals are back to schedule at Universiti.
People shared regular commute and station photos
No emergency notice was posted
There are 3 comments in total
author
reply
Show 2 replies
Say something",Normal operation resumed and train intervals are back to schedule at Universiti People shared regular commute and station photos No emergency notice was posted There are 3 comments in total author reply Show 2 replies Say something,0,normal_operation,synthetic_mock
lrtkelanajaya故障 - 小红书搜索 - Google Chrome,480,mock_post_480.png,lrtkelanajaya故障 - 小红书搜索 - Google Chrome,2026-02-22T16:00:00,"Rapid commuter diary
focus on
Commuters reported long queue and train delay after track maintenance at Universiti station at Wangsa Maju.
Passengers shared delay slip and crowding evidence during rush hour
Rapid KL staff guided queue and temporary shuttle arrangement
Malaysia transport update 2026-05-03
There are 18 comments in total
author
reply
Show 2 replies
Say something",Commuters reported long queue and train delay after track maintenance at Universiti station at Wangsa Maju Passengers shared delay slip and crowding evidence during rush hour Rapid KL staff guided queue and temporary shuttle arrangement Malaysia transport update 2026 05 03 There are 18 comments in total author reply Show 2 replies Say something,1,incident_delay,synthetic_mock
lrtkelanajaya线 - 小红书搜索 - Google Chrome,481,mock_post_481.png,lrtkelanajaya线 - 小红书搜索 - Google Chrome,2026-02-22T16:01:00,"Leisurely kitten
focus on
Commuting to work was smooth and station crowd level was manageable today at Wangsa Maju.
People shared regular commute and station photos
No emergency notice was posted
Malaysia transport update 2024-05-15
There are 15 comments in total
author
reply
Show 2 replies
Say something",Commuting to work was smooth and station crowd level was manageable today at Wangsa Maju People shared regular commute and station photos No emergency notice was posted Malaysia transport update 2024 05 15 There are 15 comments in total author reply Show 2 replies Say something,0,normal_commute,synthetic_mock
mrt fault - 小红书搜索 - Google Chrome,482,mock_post_482.png,mrt fault - 小红书搜索 - Google Chrome,2026-02-22T16:02:00,"Xiaoxuan Talk Malaysia Official
focus on
Commuters reported long queue and train delay after track maintenance at Universiti station at KL Sentral.
Passengers shared delay slip and crowding evidence during rush hour
Rapid KL staff guided queue and temporary shuttle arrangement
Malaysia transport update 2026-11-04
There are 3 comments in total
author
reply
Show 3 replies
Say something",Commuters reported long queue and train delay after track maintenance at Universiti station at KL Sentral Passengers shared delay slip and crowding evidence during rush hour Rapid KL staff guided queue and temporary shuttle arrangement Malaysia transport update 2026 11 04 There are 3 comments in total author reply Show 3 replies Say something,1,incident_delay,synthetic_mock
mrt kajang - 小红书搜索 - Google Chrome,483,mock_post_483.png,mrt kajang - 小红书搜索 - Google Chrome,2026-02-22T16:03:00,"KL daily commuter
focus on
Routine travel post about route tips and fare sharing at Wangsa Maju.
People shared regular commute and station photos
No emergency notice was posted
There are 18 comments in total
author
reply
Show 1 replies
Say something",Routine travel post about route tips and fare sharing at Wangsa Maju People shared regular commute and station photos No emergency notice was posted There are 18 comments in total author reply Show 1 replies Say something,0,normal_travel_tip,synthetic_mock
lrtkelanajaya线 - 小红书搜索 - Google Chrome,484,mock_post_484.png,lrtkelanajaya线 - 小红书搜索 - Google Chrome,2026-02-22T16:04:00,"Little Red Potato 66A1
focus on
Passengers were asked to get off at Pasar Seni due to train fault and wait for replacement at Wangsa Maju.
Passengers shared delay slip and crowding evidence during rush hour
Rapid KL staff guided queue and temporary shuttle arrangement
There are 16 comments in total
author
reply
Show 3 replies
Say something",Passengers were asked to get off at Pasar Seni due to train fault and wait for replacement at Wangsa Maju Passengers shared delay slip and crowding evidence during rush hour Rapid KL staff guided queue and temporary shuttle arrangement There are 16 comments in total author reply Show 3 replies Say something,1,incident_train_fault,synthetic_mock
🇲🇾LRT停运 注意了‼️ - 小红书 - Google Chrome,485,mock_post_485.png,🇲🇾LRT停运 注意了‼️ - 小红书 - Google Chrome,2026-02-22T16:05:00,"Xiaoxuan Talk Malaysia Official
focus on
No disruption observed and transfer between lines completed without waiting at Gombak.
People shared regular commute and station photos
No emergency notice was posted
Malaysia transport update 2026-01-17
There are 17 comments in total
author
reply
Show 3 replies
Say something",No disruption observed and transfer between lines completed without waiting at Gombak People shared regular commute and station photos No emergency notice was posted Malaysia transport update 2026 01 17 There are 17 comments in total author reply Show 3 replies Say something,0,normal_no_incident,synthetic_mock
lrtkelanajaya故障 - 小红书搜索 - Google Chrome,486,mock_post_486.png,lrtkelanajaya故障 - 小红书搜索 - Google Chrome,2026-02-22T16:06:00,"Xiaoxuan Talk Malaysia Official
focus on
Passengers were asked to get off at Pasar Seni due to train fault and wait for replacement at Pasar Seni.
Passengers shared delay slip and crowding evidence during rush hour
Rapid KL staff guided queue and temporary shuttle arrangement
There are 15 comments in total
author
reply
Show 1 replies
Say something",Passengers were asked to get off at Pasar Seni due to train fault and wait for replacement at Pasar Seni Passengers shared delay slip and crowding evidence during rush hour Rapid KL staff guided queue and temporary shuttle arrangement There are 15 comments in total author reply Show 1 replies Say something,1,incident_train_fault,synthetic_mock
lrtkelanajaya故障 - 小红书搜索 - Google Chrome,487,mock_post_487.png,lrtkelanajaya故障 - 小红书搜索 - Google Chrome,2026-02-22T16:07:00,"Ootashi store
focus on
Service update says all lines are stable with no major delay this morning at Universiti.
People shared regular commute and station photos
No emergency notice was posted
Malaysia transport update 2024-11-14
There are 7 comments in total
author
reply
Show 3 replies
Say something",Service update says all lines are stable with no major delay this morning at Universiti People shared regular commute and station photos No emergency notice was posted Malaysia transport update 2024 11 14 There are 7 comments in total author reply Show 3 replies Say something,0,normal_update,synthetic_mock
mrt kajang - 小红书搜索 - Google Chrome,488,mock_post_488.png,mrt kajang - 小红书搜索 - Google Chrome,2026-02-22T16:08:00,"Leisurely kitten
focus on
Passengers were asked to get off at Pasar Seni due to train fault and wait for replacement at Gombak.
Passengers shared delay slip and crowding evidence during rush hour
Rapid KL staff guided queue and temporary shuttle arrangement
There are 3 comments in total
author
reply
Show 1 replies
Say something",Passengers were asked to get off at Pasar Seni due to train fault and wait for replacement at Gombak Passengers shared delay slip and crowding evidence during rush hour Rapid KL staff guided queue and temporary shuttle arrangement There are 3 comments in total author reply Show 1 replies Say something,1,incident_train_fault,synthetic_mock
🇲🇾LRT KelanajayaLine通告，列车降速 - 小红书 - Google Chrome,489,mock_post_489.png,🇲🇾LRT KelanajayaLine通告，列车降速 - 小红书 - Google Chrome,2026-02-22T16:09:00,"Little Red Potato 66A1
focus on
Routine travel post about route tips and fare sharing at Wangsa Maju.
People shared regular commute and station photos
No emergency notice was posted
Malaysia transport update 2025-09-15
There are 1 comments in total
author
reply
Show 3 replies
Say something",Routine travel post about route tips and fare sharing at Wangsa Maju People shared regular commute and station photos No emergency notice was posted Malaysia transport update 2025 09 15 There are 1 comments in total author reply Show 3 replies Say something,0,normal_travel_tip,synthetic_mock
🇲🇾LRT KelanajayaLine通告，列车降速 - 小红书 - Google Chrome,490,mock_post_490.png,🇲🇾LRT KelanajayaLine通告，列车降速 - 小红书 - Google Chrome,2026-02-22T16:10:00,"KL daily commuter
focus on
Passengers were asked to get off at Pasar Seni due to train fault and wait for replacement at Masjid Jamek.
Passengers shared delay slip and crowding evidence during rush hour
Rapid KL staff guided queue and temporary shuttle arrangement
Malaysia transport update 2025-03-05
There are 4 comments in total
author
reply
Show 1 replies
Say something",Passengers were asked to get off at Pasar Seni due to train fault and wait for replacement at Masjid Jamek Passengers shared delay slip and crowding evidence during rush hour Rapid KL staff guided queue and temporary shuttle arrangement Malaysia transport update 2025 03 05 There are 4 comments in total author reply Show 1 replies Say something,1,incident_train_fault,synthetic_mock
mrtkajang问题 - 小红书搜索 - Google Chrome,491,mock_post_491.png,mrtkajang问题 - 小红书搜索 - Google Chrome,2026-02-22T16:11:00,"KL daily commuter
focus on
Normal operation resumed and train intervals are back to schedule at Gombak.
People shared regular commute and station photos
No emergency notice was posted
Malaysia transport update 2025-07-09
There are 13 comments in total
author
reply
Show 3 replies
Say something",Normal operation resumed and train intervals are back to schedule at Gombak People shared regular commute and station photos No emergency notice was posted Malaysia transport update 2025 07 09 There are 13 comments in total author reply Show 3 replies Say something,0,normal_operation,synthetic_mock
mrt kajang - 小红书搜索 - Google Chrome,492,mock_post_492.png,mrt kajang - 小红书搜索 - Google Chrome,2026-02-22T16:12:00,"Rapid commuter diary
focus on
Passengers were asked to get off at Pasar Seni due to train fault and wait for replacement at KL Sentral.
Passengers shared delay slip and crowding evidence during rush hour
Rapid KL staff guided queue and temporary shuttle arrangement
Malaysia transport update 2025-07-05
There are 13 comments in total
author
reply
Show 1 replies
Say something",Passengers were asked to get off at Pasar Seni due to train fault and wait for replacement at KL Sentral Passengers shared delay slip and crowding evidence during rush hour Rapid KL staff guided queue and temporary shuttle arrangement Malaysia transport update 2025 07 05 There are 13 comments in total author reply Show 1 replies Say something,1,incident_train_fault,synthetic_mock
lrt is bad again - Xiaohongshu search - Google Chrome,493,mock_post_493.png,lrt is bad again - Xiaohongshu search - Google Chrome,2026-02-22T16:13:00,"Xiaoxuan Talk Malaysia Official
focus on
Commuting to work was smooth and station crowd level was manageable today at Universiti.
People shared regular commute and station photos
No emergency notice was posted
There are 9 comments in total
author
reply
Show 2 replies
Say something",Commuting to work was smooth and station crowd level was manageable today at Universiti People shared regular commute and station photos No emergency notice was posted There are 9 comments in total author reply Show 2 replies Say something,0,normal_commute,synthetic_mock
lrtkelanajaya故障 - 小红书搜索 - Google Chrome,494,mock_post_494.png,lrtkelanajaya故障 - 小红书搜索 - Google Chrome,2026-02-22T16:14:00,"Leisurely kitten
focus on
Commuters reported long queue and train delay after track maintenance at Universiti station at Gombak.
Passengers shared delay slip and crowding evidence during rush hour
Rapid KL staff guided queue and temporary shuttle arrangement
Malaysia transport update 2025-12-22
There are 4 comments in total
author
reply
Show 1 replies
Say something",Commuters reported long queue and train delay after track maintenance at Universiti station at Gombak Passengers shared delay slip and crowding evidence during rush hour Rapid KL staff guided queue and temporary shuttle arrangement Malaysia transport update 2025 12 22 There are 4 comments in total author reply Show 1 replies Say something,1,incident_delay,synthetic_mock
mrt kajang - 小红书搜索 - Google Chrome,495,mock_post_495.png,mrt kajang - 小红书搜索 - Google Chrome,2026-02-22T16:15:00,"KL daily commuter
focus on
Commuting to work was smooth and station crowd level was manageable today at Ampang Park.
People shared regular commute and station photos
No emergency notice was posted
There are 9 comments in total
author
reply
Show 3 replies
Say something",Commuting to work was smooth and station crowd level was manageable today at Ampang Park People shared regular commute and station photos No emergency notice was posted There are 9 comments in total author reply Show 3 replies Say something,0,normal_commute,synthetic_mock
lrt is bad again - Xiaohongshu search - Google Chrome,496,mock_post_496.png,lrt is bad again - Xiaohongshu search - Google Chrome,2026-02-22T16:16:00,"Ootashi store
focus on
Passengers were asked to get off at Pasar Seni due to train fault and wait for replacement at KLCC.
Passengers shared delay slip and crowding evidence during rush hour
Rapid KL staff guided queue and temporary shuttle arrangement
Malaysia transport update 2025-12-16
There are 17 comments in total
author
reply
Show 2 replies
Say something",Passengers were asked to get off at Pasar Seni due to train fault and wait for replacement at KLCC Passengers shared delay slip and crowding evidence during rush hour Rapid KL staff guided queue and temporary shuttle arrangement Malaysia transport update 2025 12 16 There are 17 comments in total author reply Show 2 replies Say something,1,incident_train_fault,synthetic_mock
lrt is bad again - Xiaohongshu search - Google Chrome,497,mock_post_497.png,lrt is bad again - Xiaohongshu search - Google Chrome,2026-02-22T16:17:00,"Xiaoxuan Talk Malaysia Official
focus on
Routine travel post about route tips and fare sharing at Pasar Seni.
People shared regular commute and station photos
No emergency notice was posted
Malaysia transport update 2026-07-05
There are 17 comments in total
author
reply
Show 3 replies
Say something",Routine travel post about route tips and fare sharing at Pasar Seni People shared regular commute and station photos No emergency notice was posted Malaysia transport update 2026 07 05 There are 17 comments in total author reply Show 3 replies Say something,0,normal_travel_tip,synthetic_mock
mrt fault - 小红书搜索 - Google Chrome,498,mock_post_498.png,mrt fault - 小红书搜索 - Google Chrome,2026-02-22T16:18:00,"KL daily commuter
focus on
Rapid KL announced temporary service disruption between KLCC and Gombak with shuttle support at Universiti.
Passengers shared delay slip and crowding evidence during rush hour
Rapid KL staff guided queue and temporary shuttle arrangement
Malaysia transport update 2024-04-02
There are 15 comments in total
author
reply
Show 1 replies
Say something",Rapid KL announced temporary service disruption between KLCC and Gombak with shuttle support at Universiti Passengers shared delay slip and crowding evidence during rush hour Rapid KL staff guided queue and temporary shuttle arrangement Malaysia transport update 2024 04 02 There are 15 comments in total author reply Show 1 replies Say something,1,incident_service_disruption,synthetic_mock
lrt is bad again - Xiaohongshu search - Google Chrome,499,mock_post_499.png,lrt is bad again - Xiaohongshu search - Google Chrome,2026-02-22T16:19:00,"Leisurely kitten
focus on
General city transport post not related to outage or malfunction at Universiti.
People shared regular commute and station photos
No emergency notice was posted
Malaysia transport update 2025-09-13
There are 4 comments in total
author
reply
Show 3 replies
Say something",General city transport post not related to outage or malfunction at Universiti People shared regular commute and station photos No emergency notice was posted Malaysia transport update 2025 09 13 There are 4 comments in total author reply Show 3 replies Say something,0,normal_general,synthetic_mock
🇲🇾LRT KelanajayaLine通告，列车降速 - 小红书 - Google Chrome,500,mock_post_500.png,🇲🇾LRT KelanajayaLine通告，列车降速 - 小红书 - Google Chrome,2026-02-22T16:20:00,"Rapid commuter diary
focus on
Rapid KL announced temporary service disruption between KLCC and Gombak with shuttle support at Putra Heights.
Passengers shared delay slip and crowding evidence during rush hour
Rapid KL staff guided queue and temporary shuttle arrangement
There are 6 comments in total
author
reply
Show 2 replies
Say something",Rapid KL announced temporary service disruption between KLCC and Gombak with shuttle support at Putra Heights Passengers shared delay slip and crowding evidence during rush hour Rapid KL staff guided queue and temporary shuttle arrangement There are 6 comments in total author reply Show 2 replies Say something,1,incident_service_disruption,synthetic_mock
lrt is bad again - Xiaohongshu search - Google Chrome,501,mock_post_501.png,lrt is bad again - Xiaohongshu search - Google Chrome,2026-02-22T16:21:00,"Leisurely kitten
focus on
Routine travel post about route tips and fare sharing at Putra Heights.
People shared regular commute and station photos
No emergency notice was posted
Malaysia transport update 2025-12-27
There are 3 comments in total
author
reply
Show 2 replies
Say something",Routine travel post about route tips and fare sharing at Putra Heights People shared regular commute and station photos No emergency notice was posted Malaysia transport update 2025 12 27 There are 3 comments in total author reply Show 2 replies Say something,0,normal_travel_tip,synthetic_mock
🇲🇾LRT停运 注意了‼️ - 小红书 - Google Chrome,502,mock_post_502.png,🇲🇾LRT停运 注意了‼️ - 小红书 - Google Chrome,2026-02-22T16:22:00,"Ootashi store
focus on
Power trip caused brief outage and service resumed after technicians completed repair at Kelana Jaya.
Passengers shared delay slip and crowding evidence during rush hour
Rapid KL staff guided queue and temporary shuttle arrangement
There are 7 comments in total
author
reply
Show 1 replies
Say something",Power trip caused brief outage and service resumed after technicians completed repair at Kelana Jaya Passengers shared delay slip and crowding evidence during rush hour Rapid KL staff guided queue and temporary shuttle arrangement There are 7 comments in total author reply Show 1 replies Say something,1,incident_power_outage,synthetic_mock
🇲🇾LRT停运 注意了‼️ - 小红书 - Google Chrome,503,mock_post_503.png,🇲🇾LRT停运 注意了‼️ - 小红书 - Google Chrome,2026-02-22T16:23:00,"Leisurely kitten
focus on
Service update says all lines are stable with no major delay this morning at Universiti.
People shared regular commute and station photos
No emergency notice was posted
There are 17 comments in total
author
reply
Show 1 replies
Say something",Service update says all lines are stable with no major delay this morning at Universiti People shared regular commute and station photos No emergency notice was posted There are 17 comments in total author reply Show 1 replies Say something,0,normal_update,synthetic_mock
mrt - 小红书搜索 - Google Chrome,504,mock_post_504.png,mrt - 小红书搜索 - Google Chrome,2026-02-22T16:24:00,"Ootashi store
focus on
LRT Kelana Jaya line had a signaling issue during peak hour and trains moved slowly at Ampang Park.
Passengers shared delay slip and crowding evidence during rush hour
Rapid KL staff guided queue and temporary shuttle arrangement
There are 1 comments in total
author
reply
Show 1 replies
Say something",LRT Kelana Jaya line had a signaling issue during peak hour and trains moved slowly at Ampang Park Passengers shared delay slip and crowding evidence during rush hour Rapid KL staff guided queue and temporary shuttle arrangement There are 1 comments in total author reply Show 1 replies Say something,1,incident_breakdown,synthetic_mock
mrt kajang - 小红书搜索 - Google Chrome,505,mock_post_505.png,mrt kajang - 小红书搜索 - Google Chrome,2026-02-22T16:25:00,"City transit watcher
focus on
Routine travel post about route tips and fare sharing at Gombak.
People shared regular commute and station photos
No emergency notice was posted
There are 9 comments in total
author
reply
Show 2 replies
Say something",Routine travel post about route tips and fare sharing at Gombak People shared regular commute and station photos No emergency notice was posted There are 9 comments in total author reply Show 2 replies Say something,0,normal_travel_tip,synthetic_mock
lrt klcc - 小红书搜索 - Google Chrome,506,mock_post_506.png,lrt klcc - 小红书搜索 - Google Chrome,2026-02-22T16:26:00,"Leisurely kitten
focus on
Commuters reported long queue and train delay after track maintenance at Universiti station at Ampang Park.
Passengers shared delay slip and crowding evidence during rush hour
Rapid KL staff guided queue and temporary shuttle arrangement
Malaysia transport update 2025-11-17
There are 13 comments in total
author
reply
Show 3 replies
Say something",Commuters reported long queue and train delay after track maintenance at Universiti station at Ampang Park Passengers shared delay slip and crowding evidence during rush hour Rapid KL staff guided queue and temporary shuttle arrangement Malaysia transport update 2025 11 17 There are 13 comments in total author reply Show 3 replies Say something,1,incident_delay,synthetic_mock
🇲🇾LRT停运 注意了‼️ - 小红书 - Google Chrome,507,mock_post_507.png,🇲🇾LRT停运 注意了‼️ - 小红书 - Google Chrome,2026-02-22T16:27:00,"City transit watcher
focus on
Normal operation resumed and train intervals are back to schedule at Masjid Jamek.
People shared regular commute and station photos
No emergency notice was posted
There are 12 comments in total
author
reply
Show 3 replies
Say something",Normal operation resumed and train intervals are back to schedule at Masjid Jamek People shared regular commute and station photos No emergency notice was posted There are 12 comments in total author reply Show 3 replies Say something,0,normal_operation,synthetic_mock
🇲🇾LRT停运 注意了‼️ - 小红书 - Google Chrome,508,mock_post_508.png,🇲🇾LRT停运 注意了‼️ - 小红书 - Google Chrome,2026-02-22T16:28:00,"Leisurely kitten
focus on
Passengers were asked to get off at Pasar Seni due to train fault and wait for replacement at KL Sentral.
Passengers shared delay slip and crowding evidence during rush hour
Rapid KL staff guided queue and temporary shuttle arrangement
Malaysia transport update 2024-08-03
There are 11 comments in total
author
reply
Show 2 replies
Say something",Passengers were asked to get off at Pasar Seni due to train fault and wait for replacement at KL Sentral Passengers shared delay slip and crowding evidence during rush hour Rapid KL staff guided queue and temporary shuttle arrangement Malaysia transport update 2024 08 03 There are 11 comments in total author reply Show 2 replies Say something,1,incident_train_fault,synthetic_mock
lrtkelanajaya故障 - 小红书搜索 - Google Chrome,509,mock_post_509.png,lrtkelanajaya故障 - 小红书搜索 - Google Chrome,2026-02-22T16:29:00,"Leisurely kitten
focus on
Commuting to work was smooth and station crowd level was manageable today at Gombak.
People shared regular commute and station photos
No emergency notice was posted
There are 10 comments in total
author
reply
Show 1 replies
Say something",Commuting to work was smooth and station crowd level was manageable today at Gombak People shared regular commute and station photos No emergency notice was posted There are 10 comments in total author reply Show 1 replies Say something,0,normal_commute,synthetic_mock
mrt fault - 小红书搜索 - Google Chrome,510,mock_post_510.png,mrt fault - 小红书搜索 - Google Chrome,2026-02-22T16:30:00,"Xiaoxuan Talk Malaysia Official
focus on
Passengers were asked to get off at Pasar Seni due to train fault and wait for replacement at Universiti.
Passengers shared delay slip and crowding evidence during rush hour
Rapid KL staff guided queue and temporary shuttle arrangement
There are 13 comments in total
author
reply
Show 3 replies
Say something",Passengers were asked to get off at Pasar Seni due to train fault and wait for replacement at Universiti Passengers shared delay slip and crowding evidence during rush hour Rapid KL staff guided queue and temporary shuttle arrangement There are 13 comments in total author reply Show 3 replies Say something,1,incident_train_fault,synthetic_mock
mrt kajang - 小红书搜索 - Google Chrome,511,mock_post_511.png,mrt kajang - 小红书搜索 - Google Chrome,2026-02-22T16:31:00,"City transit watcher
focus on
General city transport post not related to outage or malfunction at Pasar Seni.
People shared regular commute and station photos
No emergency notice was posted
Malaysia transport update 2025-05-09
There are 14 comments in total
author
reply
Show 2 replies
Say something",General city transport post not related to outage or malfunction at Pasar Seni People shared regular commute and station photos No emergency notice was posted Malaysia transport update 2025 05 09 There are 14 comments in total author reply Show 2 replies Say something,0,normal_general,synthetic_mock
lrtkelanajaya线 - 小红书搜索 - Google Chrome,512,mock_post_512.png,lrtkelanajaya线 - 小红书搜索 - Google Chrome,2026-02-22T16:32:00,"Little Red Potato 66A1
focus on
Kelana Jaya line maintenance phase affected frequency and caused crowding at stations at Kelana Jaya.
Passengers shared delay slip and crowding evidence during rush hour
Rapid KL staff guided queue and temporary shuttle arrangement
There are 7 comments in total
author
reply
Show 2 replies
Say something",Kelana Jaya line maintenance phase affected frequency and caused crowding at stations at Kelana Jaya Passengers shared delay slip and crowding evidence during rush hour Rapid KL staff guided queue and temporary shuttle arrangement There are 7 comments in total author reply Show 2 replies Say something,1,incident_maintenance_impact,synthetic_mock
mrt - 小红书搜索 - Google Chrome,513,mock_post_513.png,mrt - 小红书搜索 - Google Chrome,2026-02-22T16:33:00,"City transit watcher
focus on
General city transport post not related to outage or malfunction at Masjid Jamek.
People shared regular commute and station photos
No emergency notice was posted
There are 12 comments in total
author
reply
Show 3 replies
Say something",General city transport post not related to outage or malfunction at Masjid Jamek People shared regular commute and station photos No emergency notice was posted There are 12 comments in total author reply Show 3 replies Say something,0,normal_general,synthetic_mock
地铁 马来西亚 - 小红书搜索 - Google Chrome,514,mock_post_514.png,地铁 马来西亚 - 小红书搜索 - Google Chrome,2026-02-22T16:34:00,"Ootashi store
focus on
Rapid KL announced temporary service disruption between KLCC and Gombak with shuttle support at Masjid Jamek.
Passengers shared delay slip and crowding evidence during rush hour
Rapid KL staff guided queue and temporary shuttle arrangement
Malaysia transport update 2025-03-24
There are 9 comments in total
author
reply
Show 3 replies
Say something",Rapid KL announced temporary service disruption between KLCC and Gombak with shuttle support at Masjid Jamek Passengers shared delay slip and crowding evidence during rush hour Rapid KL staff guided queue and temporary shuttle arrangement Malaysia transport update 2025 03 24 There are 9 comments in total author reply Show 3 replies Say something,1,incident_service_disruption,synthetic_mock
mrt fault - 小红书搜索 - Google Chrome,515,mock_post_515.png,mrt fault - 小红书搜索 - Google Chrome,2026-02-22T16:35:00,"City transit watcher
focus on
Service update says all lines are stable with no major delay this morning at Putra Heights.
People shared regular commute and station photos
No emergency notice was posted
Malaysia transport update 2025-04-24
There are 10 comments in total
author
reply
Show 2 replies
Say something",Service update says all lines are stable with no major delay this morning at Putra Heights People shared regular commute and station photos No emergency notice was posted Malaysia transport update 2025 04 24 There are 10 comments in total author reply Show 2 replies Say something,0,normal_update,synthetic_mock
lrtkelanajaya线 - 小红书搜索 - Google Chrome,516,mock_post_516.png,lrtkelanajaya线 - 小红书搜索 - Google Chrome,2026-02-22T16:36:00,"Little Red Potato 66A1
focus on
Commuters reported long queue and train delay after track maintenance at Universiti station at Gombak.
Passengers shared delay slip and crowding evidence during rush hour
Rapid KL staff guided queue and temporary shuttle arrangement
Malaysia transport update 2024-08-02
There are 3 comments in total
author
reply
Show 2 replies
Say something",Commuters reported long queue and train delay after track maintenance at Universiti station at Gombak Passengers shared delay slip and crowding evidence during rush hour Rapid KL staff guided queue and temporary shuttle arrangement Malaysia transport update 2024 08 02 There are 3 comments in total author reply Show 2 replies Say something,1,incident_delay,synthetic_mock
mrt kajang - 小红书搜索 - Google Chrome,517,mock_post_517.png,mrt kajang - 小红书搜索 - Google Chrome,2026-02-22T16:37:00,"KL daily commuter
focus on
Routine travel post about route tips and fare sharing at KLCC.
People shared regular commute and station photos
No emergency notice was posted
There are 17 comments in total
author
reply
Show 2 replies
Say something",Routine travel post about route tips and fare sharing at KLCC People shared regular commute and station photos No emergency notice was posted There are 17 comments in total author reply Show 2 replies Say something,0,normal_travel_tip,synthetic_mock
🇲🇾LRT KelanajayaLine通告，列车降速 - 小红书 - Google Chrome,518,mock_post_518.png,🇲🇾LRT KelanajayaLine通告，列车降速 - 小红书 - Google Chrome,2026-02-22T16:38:00,"Ootashi store
focus on
LRT Kelana Jaya line had a signaling issue during peak hour and trains moved slowly at Pasar Seni.
Passengers shared delay slip and crowding evidence during rush hour
Rapid KL staff guided queue and temporary shuttle arrangement
There are 11 comments in total
author
reply
Show 2 replies
Say something",LRT Kelana Jaya line had a signaling issue during peak hour and trains moved slowly at Pasar Seni Passengers shared delay slip and crowding evidence during rush hour Rapid KL staff guided queue and temporary shuttle arrangement There are 11 comments in total author reply Show 2 replies Say something,1,incident_breakdown,synthetic_mock
mrtkajang问题 - 小红书搜索 - Google Chrome,519,mock_post_519.png,mrtkajang问题 - 小红书搜索 - Google Chrome,2026-02-22T16:39:00,"Leisurely kitten
focus on
No disruption observed and transfer between lines completed without waiting at Pasar Seni.
People shared regular commute and station photos
No emergency notice was posted
There are 6 comments in total
author
reply
Show 1 replies
Say something",No disruption observed and transfer between lines completed without waiting at Pasar Seni People shared regular commute and station photos No emergency notice was posted There are 6 comments in total author reply Show 1 replies Say something,0,normal_no_incident,synthetic_mock
mrt - 小红书搜索 - Google Chrome,520,mock_post_520.png,mrt - 小红书搜索 - Google Chrome,2026-02-22T16:40:00,"Leisurely kitten
focus on
Commuters reported long queue and train delay after track maintenance at Universiti station at Pasar Seni.
Passengers shared delay slip and crowding evidence during rush hour
Rapid KL staff guided queue and temporary shuttle arrangement
There are 1 comments in total
author
reply
Show 2 replies
Say something",Commuters reported long queue and train delay after track maintenance at Universiti station at Pasar Seni Passengers shared delay slip and crowding evidence during rush hour Rapid KL staff guided queue and temporary shuttle arrangement There are 1 comments in total author reply Show 2 replies Say something,1,incident_delay,synthetic_mock
lrtkelanajaya故障 - 小红书搜索 - Google Chrome,521,mock_post_521.png,lrtkelanajaya故障 - 小红书搜索 - Google Chrome,2026-02-22T16:41:00,"Little Red Potato 66A1
focus on
Service update says all lines are stable with no major delay this morning at Pasar Seni.
People shared regular commute and station photos
No emergency notice was posted
There are 16 comments in total
author
reply
Show 1 replies
Say something",Service update says all lines are stable with no major delay this morning at Pasar Seni People shared regular commute and station photos No emergency notice was posted There are 16 comments in total author reply Show 1 replies Say something,0,normal_update,synthetic_mock
地铁 马来西亚 - 小红书搜索 - Google Chrome,522,mock_post_522.png,地铁 马来西亚 - 小红书搜索 - Google Chrome,2026-02-22T16:42:00,"City transit watcher
focus on
Passengers were asked to get off at Pasar Seni due to train fault and wait for replacement at Wangsa Maju.
Passengers shared delay slip and crowding evidence during rush hour
Rapid KL staff guided queue and temporary shuttle arrangement
Malaysia transport update 2025-08-13
There are 1 comments in total
author
reply
Show 1 replies
Say something",Passengers were asked to get off at Pasar Seni due to train fault and wait for replacement at Wangsa Maju Passengers shared delay slip and crowding evidence during rush hour Rapid KL staff guided queue and temporary shuttle arrangement Malaysia transport update 2025 08 13 There are 1 comments in total author reply Show 1 replies Say something,1,incident_train_fault,synthetic_mock
lrt is bad again - Xiaohongshu search - Google Chrome,523,mock_post_523.png,lrt is bad again - Xiaohongshu search - Google Chrome,2026-02-22T16:43:00,"Xiaoxuan Talk Malaysia Official
focus on
Service update says all lines are stable with no major delay this morning at Putra Heights.
People shared regular commute and station photos
No emergency notice was posted
There are 17 comments in total
author
reply
Show 1 replies
Say something",Service update says all lines are stable with no major delay this morning at Putra Heights People shared regular commute and station photos No emergency notice was posted There are 17 comments in total author reply Show 1 replies Say something,0,normal_update,synthetic_mock
mrt fault - 小红书搜索 - Google Chrome,524,mock_post_524.png,mrt fault - 小红书搜索 - Google Chrome,2026-02-22T16:44:00,"City transit watcher
focus on
Kelana Jaya line maintenance phase affected frequency and caused crowding at stations at Kelana Jaya.
Passengers shared delay slip and crowding evidence during rush hour
Rapid KL staff guided queue and temporary shuttle arrangement
There are 8 comments in total
author
reply
Show 3 replies
Say something",Kelana Jaya line maintenance phase affected frequency and caused crowding at stations at Kelana Jaya Passengers shared delay slip and crowding evidence during rush hour Rapid KL staff guided queue and temporary shuttle arrangement There are 8 comments in total author reply Show 3 replies Say something,1,incident_maintenance_impact,synthetic_mock
mrt - 小红书搜索 - Google Chrome,525,mock_post_525.png,mrt - 小红书搜索 - Google Chrome,2026-02-22T16:45:00,"Xiaoxuan Talk Malaysia Official
focus on
Commuting to work was smooth and station crowd level was manageable today at Pasar Seni.
People shared regular commute and station photos
No emergency notice was posted
Malaysia transport update 2026-05-06
There are 3 comments in total
author
reply
Show 1 replies
Say something",Commuting to work was smooth and station crowd level was manageable today at Pasar Seni People shared regular commute and station photos No emergency notice was posted Malaysia transport update 2026 05 06 There are 3 comments in total author reply Show 1 replies Say something,0,normal_commute,synthetic_mock
mrtkajang问题 - 小红书搜索 - Google Chrome,526,mock_post_526.png,mrtkajang问题 - 小红书搜索 - Google Chrome,2026-02-22T16:46:00,"City transit watcher
focus on
Commuters reported long queue and train delay after track maintenance at Universiti station at Ampang Park.
Passengers shared delay slip and crowding evidence during rush hour
Rapid KL staff guided queue and temporary shuttle arrangement
Malaysia transport update 2026-06-14
There are 5 comments in total
author
reply
Show 2 replies
Say something",Commuters reported long queue and train delay after track maintenance at Universiti station at Ampang Park Passengers shared delay slip and crowding evidence during rush hour Rapid KL staff guided queue and temporary shuttle arrangement Malaysia transport update 2026 06 14 There are 5 comments in total author reply Show 2 replies Say something,1,incident_delay,synthetic_mock
lrtkelanajaya线 - 小红书搜索 - Google Chrome,527,mock_post_527.png,lrtkelanajaya线 - 小红书搜索 - Google Chrome,2026-02-22T16:47:00,"Ootashi store
focus on
Commuting to work was smooth and station crowd level was manageable today at Universiti.
People shared regular commute and station photos
No emergency notice was posted
There are 13 comments in total
author
reply
Show 1 replies
Say something",Commuting to work was smooth and station crowd level was manageable today at Universiti People shared regular commute and station photos No emergency notice was posted There are 13 comments in total author reply Show 1 replies Say something,0,normal_commute,synthetic_mock
lrt klcc - 小红书搜索 - Google Chrome,528,mock_post_528.png,lrt klcc - 小红书搜索 - Google Chrome,2026-02-22T16:48:00,"Ootashi store
focus on
Rapid KL announced temporary service disruption between KLCC and Gombak with shuttle support at Pasar Seni.
Passengers shared delay slip and crowding evidence during rush hour
Rapid KL staff guided queue and temporary shuttle arrangement
There are 17 comments in total
author
reply
Show 1 replies
Say something",Rapid KL announced temporary service disruption between KLCC and Gombak with shuttle support at Pasar Seni Passengers shared delay slip and crowding evidence during rush hour Rapid KL staff guided queue and temporary shuttle arrangement There are 17 comments in total author reply Show 1 replies Say something,1,incident_service_disruption,synthetic_mock
🇲🇾LRT KelanajayaLine通告，列车降速 - 小红书 - Google Chrome,529,mock_post_529.png,🇲🇾LRT KelanajayaLine通告，列车降速 - 小红书 - Google Chrome,2026-02-22T16:49:00,"Rapid commuter diary
focus on
Commuting to work was smooth and station crowd level was manageable today at Kelana Jaya.
People shared regular commute and station photos
No emergency notice was posted
There are 9 comments in total
author
reply
Show 3 replies
Say something",Commuting to work was smooth and station crowd level was manageable today at Kelana Jaya People shared regular commute and station photos No emergency notice was posted There are 9 comments in total author reply Show 3 replies Say something,0,normal_commute,synthetic_mock
lrt klcc - 小红书搜索 - Google Chrome,530,mock_post_530.png,lrt klcc - 小红书搜索 - Google Chrome,2026-02-22T16:50:00,"Xiaoxuan Talk Malaysia Official
focus on
LRT Kelana Jaya line had a signaling issue during peak hour and trains moved slowly at KL Sentral.
Passengers shared delay slip and crowding evidence during rush hour
Rapid KL staff guided queue and temporary shuttle arrangement
There are 1 comments in total
author
reply
Show 1 replies
Say something",LRT Kelana Jaya line had a signaling issue during peak hour and trains moved slowly at KL Sentral Passengers shared delay slip and crowding evidence during rush hour Rapid KL staff guided queue and temporary shuttle arrangement There are 1 comments in total author reply Show 1 replies Say something,1,incident_breakdown,synthetic_mock
🇲🇾LRT停运 注意了‼️ - 小红书 - Google Chrome,531,mock_post_531.png,🇲🇾LRT停运 注意了‼️ - 小红书 - Google Chrome,2026-02-22T16:51:00,"Rapid commuter diary
focus on
No disruption observed and transfer between lines completed without waiting at Ampang Park.
People shared regular commute and station photos
No emergency notice was posted
Malaysia transport update 2025-08-23
There are 5 comments in total
author
reply
Show 1 replies
Say something",No disruption observed and transfer between lines completed without waiting at Ampang Park People shared regular commute and station photos No emergency notice was posted Malaysia transport update 2025 08 23 There are 5 comments in total author reply Show 1 replies Say something,0,normal_no_incident,synthetic_mock
🇲🇾LRT KelanajayaLine通告，列车降速 - 小红书 - Google Chrome,532,mock_post_532.png,🇲🇾LRT KelanajayaLine通告，列车降速 - 小红书 - Google Chrome,2026-02-22T16:52:00,"Leisurely kitten
focus on
Kelana Jaya line maintenance phase affected frequency and caused crowding at stations at Kelana Jaya.
Passengers shared delay slip and crowding evidence during rush hour
Rapid KL staff guided queue and temporary shuttle arrangement
Malaysia transport update 2024-11-17
There are 9 comments in total
author
reply
Show 3 replies
Say something",Kelana Jaya line maintenance phase affected frequency and caused crowding at stations at Kelana Jaya Passengers shared delay slip and crowding evidence during rush hour Rapid KL staff guided queue and temporary shuttle arrangement Malaysia transport update 2024 11 17 There are 9 comments in total author reply Show 3 replies Say something,1,incident_maintenance_impact,synthetic_mock
🇲🇾LRT KelanajayaLine通告，列车降速 - 小红书 - Google Chrome,533,mock_post_533.png,🇲🇾LRT KelanajayaLine通告，列车降速 - 小红书 - Google Chrome,2026-02-22T16:53:00,"Rapid commuter diary
focus on
General city transport post not related to outage or malfunction at Pasar Seni.
People shared regular commute and station photos
No emergency notice was posted
There are 4 comments in total
author
reply
Show 3 replies
Say something",General city transport post not related to outage or malfunction at Pasar Seni People shared regular commute and station photos No emergency notice was posted There are 4 comments in total author reply Show 3 replies Say something,0,normal_general,synthetic_mock
🇲🇾LRT KelanajayaLine通告，列车降速 - 小红书 - Google Chrome,534,mock_post_534.png,🇲🇾LRT KelanajayaLine通告，列车降速 - 小红书 - Google Chrome,2026-02-22T16:54:00,"Xiaoxuan Talk Malaysia Official
focus on
LRT Kelana Jaya line had a signaling issue during peak hour and trains moved slowly at Gombak.
Passengers shared delay slip and crowding evidence during rush hour
Rapid KL staff guided queue and temporary shuttle arrangement
There are 16 comments in total
author
reply
Show 1 replies
Say something",LRT Kelana Jaya line had a signaling issue during peak hour and trains moved slowly at Gombak Passengers shared delay slip and crowding evidence during rush hour Rapid KL staff guided queue and temporary shuttle arrangement There are 16 comments in total author reply Show 1 replies Say something,1,incident_breakdown,synthetic_mock
lrtkelanajaya故障 - 小红书搜索 - Google Chrome,535,mock_post_535.png,lrtkelanajaya故障 - 小红书搜索 - Google Chrome,2026-02-22T16:55:00,"KL daily commuter
focus on
Service update says all lines are stable with no major delay this morning at Gombak.
People shared regular commute and station photos
No emergency notice was posted
Malaysia transport update 2024-06-23
There are 14 comments in total
author
reply
Show 2 replies
Say something",Service update says all lines are stable with no major delay this morning at Gombak People shared regular commute and station photos No emergency notice was posted Malaysia transport update 2024 06 23 There are 14 comments in total author reply Show 2 replies Say something,0,normal_update,synthetic_mock
lrtkelanajaya线 - 小红书搜索 - Google Chrome,536,mock_post_536.png,lrtkelanajaya线 - 小红书搜索 - Google Chrome,2026-02-22T16:56:00,"Rapid commuter diary
focus on
LRT Kelana Jaya line had a signaling issue during peak hour and trains moved slowly at Masjid Jamek.
Passengers shared delay slip and crowding evidence during rush hour
Rapid KL staff guided queue and temporary shuttle arrangement
There are 16 comments in total
author
reply
Show 2 replies
Say something",LRT Kelana Jaya line had a signaling issue during peak hour and trains moved slowly at Masjid Jamek Passengers shared delay slip and crowding evidence during rush hour Rapid KL staff guided queue and temporary shuttle arrangement There are 16 comments in total author reply Show 2 replies Say something,1,incident_breakdown,synthetic_mock
lrt klcc - 小红书搜索 - Google Chrome,537,mock_post_537.png,lrt klcc - 小红书搜索 - Google Chrome,2026-02-22T16:57:00,"City transit watcher
focus on
Normal operation resumed and train intervals are back to schedule at Kelana Jaya.
People shared regular commute and station photos
No emergency notice was posted
Malaysia transport update 2024-10-22
There are 16 comments in total
author
reply
Show 1 replies
Say something",Normal operation resumed and train intervals are back to schedule at Kelana Jaya People shared regular commute and station photos No emergency notice was posted Malaysia transport update 2024 10 22 There are 16 comments in total author reply Show 1 replies Say something,0,normal_operation,synthetic_mock
lrtkelanajaya线 - 小红书搜索 - Google Chrome,538,mock_post_538.png,lrtkelanajaya线 - 小红书搜索 - Google Chrome,2026-02-22T16:58:00,"City transit watcher
focus on
Passengers were asked to get off at Pasar Seni due to train fault and wait for replacement at KLCC.
Passengers shared delay slip and crowding evidence during rush hour
Rapid KL staff guided queue and temporary shuttle arrangement
There are 9 comments in total
author
reply
Show 3 replies
Say something",Passengers were asked to get off at Pasar Seni due to train fault and wait for replacement at KLCC Passengers shared delay slip and crowding evidence during rush hour Rapid KL staff guided queue and temporary shuttle arrangement There are 9 comments in total author reply Show 3 replies Say something,1,incident_train_fault,synthetic_mock
mrt fault - 小红书搜索 - Google Chrome,539,mock_post_539.png,mrt fault - 小红书搜索 - Google Chrome,2026-02-22T16:59:00,"Leisurely kitten
focus on
No disruption observed and transfer between lines completed without waiting at Gombak.
People shared regular commute and station photos
No emergency notice was posted
Malaysia transport update 2024-03-28
There are 2 comments in total
author
reply
Show 2 replies
Say something",No disruption observed and transfer between lines completed without waiting at Gombak People shared regular commute and station photos No emergency notice was posted Malaysia transport update 2024 03 28 There are 2 comments in total author reply Show 2 replies Say something,0,normal_no_incident,synthetic_mock
lrt is bad again - Xiaohongshu search - Google Chrome,540,mock_post_540.png,lrt is bad again - Xiaohongshu search - Google Chrome,2026-02-22T17:00:00,"Rapid commuter diary
focus on
Kelana Jaya line maintenance phase affected frequency and caused crowding at stations at Putra Heights.
Passengers shared delay slip and crowding evidence during rush hour
Rapid KL staff guided queue and temporary shuttle arrangement
There are 4 comments in total
author
reply
Show 1 replies
Say something",Kelana Jaya line maintenance phase affected frequency and caused crowding at stations at Putra Heights Passengers shared delay slip and crowding evidence during rush hour Rapid KL staff guided queue and temporary shuttle arrangement There are 4 comments in total author reply Show 1 replies Say something,1,incident_maintenance_impact,synthetic_mock
mrt fault - 小红书搜索 - Google Chrome,541,mock_post_541.png,mrt fault - 小红书搜索 - Google Chrome,2026-02-22T17:01:00,"Leisurely kitten
focus on
Service update says all lines are stable with no major delay this morning at Pasar Seni.
People shared regular commute and station photos
No emergency notice was posted
Malaysia transport update 2025-10-09
There are 3 comments in total
author
reply
Show 2 replies
Say something",Service update says all lines are stable with no major delay this morning at Pasar Seni People shared regular commute and station photos No emergency notice was posted Malaysia transport update 2025 10 09 There are 3 comments in total author reply Show 2 replies Say something,0,normal_update,synthetic_mock
mrtkajang问题 - 小红书搜索 - Google Chrome,542,mock_post_542.png,mrtkajang问题 - 小红书搜索 - Google Chrome,2026-02-22T17:02:00,"Rapid commuter diary
focus on
Rapid KL announced temporary service disruption between KLCC and Gombak with shuttle support at KLCC.
Passengers shared delay slip and crowding evidence during rush hour
Rapid KL staff guided queue and temporary shuttle arrangement
Malaysia transport update 2025-05-27
There are 13 comments in total
author
reply
Show 3 replies
Say something",Rapid KL announced temporary service disruption between KLCC and Gombak with shuttle support at KLCC Passengers shared delay slip and crowding evidence during rush hour Rapid KL staff guided queue and temporary shuttle arrangement Malaysia transport update 2025 05 27 There are 13 comments in total author reply Show 3 replies Say something,1,incident_service_disruption,synthetic_mock
mrt kajang - 小红书搜索 - Google Chrome,543,mock_post_543.png,mrt kajang - 小红书搜索 - Google Chrome,2026-02-22T17:03:00,"Xiaoxuan Talk Malaysia Official
focus on
No disruption observed and transfer between lines completed without waiting at Pasar Seni.
People shared regular commute and station photos
No emergency notice was posted
Malaysia transport update 2026-01-28
There are 6 comments in total
author
reply
Show 1 replies
Say something",No disruption observed and transfer between lines completed without waiting at Pasar Seni People shared regular commute and station photos No emergency notice was posted Malaysia transport update 2026 01 28 There are 6 comments in total author reply Show 1 replies Say something,0,normal_no_incident,synthetic_mock
🇲🇾LRT KelanajayaLine通告，列车降速 - 小红书 - Google Chrome,544,mock_post_544.png,🇲🇾LRT KelanajayaLine通告，列车降速 - 小红书 - Google Chrome,2026-02-22T17:04:00,"KL daily commuter
focus on
Passengers were asked to get off at Pasar Seni due to train fault and wait for replacement at Ampang Park.
Passengers shared delay slip and crowding evidence during rush hour
Rapid KL staff guided queue and temporary shuttle arrangement
There are 15 comments in total
author
reply
Show 1 replies
Say something",Passengers were asked to get off at Pasar Seni due to train fault and wait for replacement at Ampang Park Passengers shared delay slip and crowding evidence during rush hour Rapid KL staff guided queue and temporary shuttle arrangement There are 15 comments in total author reply Show 1 replies Say something,1,incident_train_fault,synthetic_mock
lrt klcc - 小红书搜索 - Google Chrome,545,mock_post_545.png,lrt klcc - 小红书搜索 - Google Chrome,2026-02-22T17:05:00,"Little Red Potato 66A1
focus on
No disruption observed and transfer between lines completed without waiting at Putra Heights.
People shared regular commute and station photos
No emergency notice was posted
Malaysia transport update 2026-12-05
There are 16 comments in total
author
reply
Show 2 replies
Say something",No disruption observed and transfer between lines completed without waiting at Putra Heights People shared regular commute and station photos No emergency notice was posted Malaysia transport update 2026 12 05 There are 16 comments in total author reply Show 2 replies Say something,0,normal_no_incident,synthetic_mock
🇲🇾LRT KelanajayaLine通告，列车降速 - 小红书 - Google Chrome,546,mock_post_546.png,🇲🇾LRT KelanajayaLine通告，列车降速 - 小红书 - Google Chrome,2026-02-22T17:06:00,"Xiaoxuan Talk Malaysia Official
focus on
Power trip caused brief outage and service resumed after technicians completed repair at Ampang Park.
Passengers shared delay slip and crowding evidence during rush hour
Rapid KL staff guided queue and temporary shuttle arrangement
Malaysia transport update 2026-06-01
There are 17 comments in total
author
reply
Show 3 replies
Say something",Power trip caused brief outage and service resumed after technicians completed repair at Ampang Park Passengers shared delay slip and crowding evidence during rush hour Rapid KL staff guided queue and temporary shuttle arrangement Malaysia transport update 2026 06 01 There are 17 comments in total author reply Show 3 replies Say something,1,incident_power_outage,synthetic_mock
地铁 马来西亚 - 小红书搜索 - Google Chrome,547,mock_post_547.png,地铁 马来西亚 - 小红书搜索 - Google Chrome,2026-02-22T17:07:00,"Ootashi store
focus on
General city transport post not related to outage or malfunction at KL Sentral.
People shared regular commute and station photos
No emergency notice was posted
There are 11 comments in total
author
reply
Show 3 replies
Say something",General city transport post not related to outage or malfunction at KL Sentral People shared regular commute and station photos No emergency notice was posted There are 11 comments in total author reply Show 3 replies Say something,0,normal_general,synthetic_mock
🇲🇾LRT停运 注意了‼️ - 小红书 - Google Chrome,548,mock_post_548.png,🇲🇾LRT停运 注意了‼️ - 小红书 - Google Chrome,2026-02-22T17:08:00,"Xiaoxuan Talk Malaysia Official
focus on
Kelana Jaya line maintenance phase affected frequency and caused crowding at stations at KL Sentral.
Passengers shared delay slip and crowding evidence during rush hour
Rapid KL staff guided queue and temporary shuttle arrangement
Malaysia transport update 2026-04-16
There are 12 comments in total
author
reply
Show 3 replies
Say something",Kelana Jaya line maintenance phase affected frequency and caused crowding at stations at KL Sentral Passengers shared delay slip and crowding evidence during rush hour Rapid KL staff guided queue and temporary shuttle arrangement Malaysia transport update 2026 04 16 There are 12 comments in total author reply Show 3 replies Say something,1,incident_maintenance_impact,synthetic_mock
lrt is bad again - Xiaohongshu search - Google Chrome,549,mock_post_549.png,lrt is bad again - Xiaohongshu search - Google Chrome,2026-02-22T17:09:00,"Ootashi store
focus on
General city transport post not related to outage or malfunction at Wangsa Maju.
People shared regular commute and station photos
No emergency notice was posted
There are 18 comments in total
author
reply
Show 3 replies
Say something",General city transport post not related to outage or malfunction at Wangsa Maju People shared regular commute and station photos No emergency notice was posted There are 18 comments in total author reply Show 3 replies Say something,0,normal_general,synthetic_mock
lrt klcc - 小红书搜索 - Google Chrome,550,mock_post_550.png,lrt klcc - 小红书搜索 - Google Chrome,2026-02-22T17:10:00,"Little Red Potato 66A1
focus on
LRT Kelana Jaya line had a signaling issue during peak hour and trains moved slowly at Pasar Seni.
Passengers shared delay slip and crowding evidence during rush hour
Rapid KL staff guided queue and temporary shuttle arrangement
There are 16 comments in total
author
reply
Show 1 replies
Say something",LRT Kelana Jaya line had a signaling issue during peak hour and trains moved slowly at Pasar Seni Passengers shared delay slip and crowding evidence during rush hour Rapid KL staff guided queue and temporary shuttle arrangement There are 16 comments in total author reply Show 1 replies Say something,1,incident_breakdown,synthetic_mock
🇲🇾LRT停运 注意了‼️ - 小红书 - Google Chrome,551,mock_post_551.png,🇲🇾LRT停运 注意了‼️ - 小红书 - Google Chrome,2026-02-22T17:11:00,"Ootashi store
focus on
No disruption observed and transfer between lines completed without waiting at Putra Heights.
People shared regular commute and station photos
No emergency notice was posted
Malaysia transport update 2025-01-17
There are 8 comments in total
author
reply
Show 3 replies
Say something",No disruption observed and transfer between lines completed without waiting at Putra Heights People shared regular commute and station photos No emergency notice was posted Malaysia transport update 2025 01 17 There are 8 comments in total author reply Show 3 replies Say something,0,normal_no_incident,synthetic_mock
mrtkajang问题 - 小红书搜索 - Google Chrome,552,mock_post_552.png,mrtkajang问题 - 小红书搜索 - Google Chrome,2026-02-22T17:12:00,"KL daily commuter
focus on
Power trip caused brief outage and service resumed after technicians completed repair at Wangsa Maju.
Passengers shared delay slip and crowding evidence during rush hour
Rapid KL staff guided queue and temporary shuttle arrangement
Malaysia transport update 2025-08-26
There are 15 comments in total
author
reply
Show 1 replies
Say something",Power trip caused brief outage and service resumed after technicians completed repair at Wangsa Maju Passengers shared delay slip and crowding evidence during rush hour Rapid KL staff guided queue and temporary shuttle arrangement Malaysia transport update 2025 08 26 There are 15 comments in total author reply Show 1 replies Say something,1,incident_power_outage,synthetic_mock
mrt kajang - 小红书搜索 - Google Chrome,553,mock_post_553.png,mrt kajang - 小红书搜索 - Google Chrome,2026-02-22T17:13:00,"Xiaoxuan Talk Malaysia Official
focus on
No disruption observed and transfer between lines completed without waiting at Putra Heights.
People shared regular commute and station photos
No emergency notice was posted
There are 1 comments in total
author
reply
Show 1 replies
Say something",No disruption observed and transfer between lines completed without waiting at Putra Heights People shared regular commute and station photos No emergency notice was posted There are 1 comments in total author reply Show 1 replies Say something,0,normal_no_incident,synthetic_mock
地铁 马来西亚 - 小红书搜索 - Google Chrome,554,mock_post_554.png,地铁 马来西亚 - 小红书搜索 - Google Chrome,2026-02-22T17:14:00,"Little Red Potato 66A1
focus on
Power trip caused brief outage and service resumed after technicians completed repair at Kelana Jaya.
Passengers shared delay slip and crowding evidence during rush hour
Rapid KL staff guided queue and temporary shuttle arrangement
Malaysia transport update 2024-10-20
There are 10 comments in total
author
reply
Show 3 replies
Say something",Power trip caused brief outage and service resumed after technicians completed repair at Kelana Jaya Passengers shared delay slip and crowding evidence during rush hour Rapid KL staff guided queue and temporary shuttle arrangement Malaysia transport update 2024 10 20 There are 10 comments in total author reply Show 3 replies Say something,1,incident_power_outage,synthetic_mock
地铁 马来西亚 - 小红书搜索 - Google Chrome,555,mock_post_555.png,地铁 马来西亚 - 小红书搜索 - Google Chrome,2026-02-22T17:15:00,"Leisurely kitten
focus on
Service update says all lines are stable with no major delay this morning at Ampang Park.
People shared regular commute and station photos
No emergency notice was posted
Malaysia transport update 2024-04-28
There are 15 comments in total
author
reply
Show 2 replies
Say something",Service update says all lines are stable with no major delay this morning at Ampang Park People shared regular commute and station photos No emergency notice was posted Malaysia transport update 2024 04 28 There are 15 comments in total author reply Show 2 replies Say something,0,normal_update,synthetic_mock
mrtkajang问题 - 小红书搜索 - Google Chrome,556,mock_post_556.png,mrtkajang问题 - 小红书搜索 - Google Chrome,2026-02-22T17:16:00,"Rapid commuter diary
focus on
Passengers were asked to get off at Pasar Seni due to train fault and wait for replacement at KL Sentral.
Passengers shared delay slip and crowding evidence during rush hour
Rapid KL staff guided queue and temporary shuttle arrangement
There are 12 comments in total
author
reply
Show 3 replies
Say something",Passengers were asked to get off at Pasar Seni due to train fault and wait for replacement at KL Sentral Passengers shared delay slip and crowding evidence during rush hour Rapid KL staff guided queue and temporary shuttle arrangement There are 12 comments in total author reply Show 3 replies Say something,1,incident_train_fault,synthetic_mock
mrt fault - 小红书搜索 - Google Chrome,557,mock_post_557.png,mrt fault - 小红书搜索 - Google Chrome,2026-02-22T17:17:00,"KL daily commuter
focus on
Normal operation resumed and train intervals are back to schedule at KLCC.
People shared regular commute and station photos
No emergency notice was posted
There are 1 comments in total
author
reply
Show 2 replies
Say something",Normal operation resumed and train intervals are back to schedule at KLCC People shared regular commute and station photos No emergency notice was posted There are 1 comments in total author reply Show 2 replies Say something,0,normal_operation,synthetic_mock
lrtkelanajaya故障 - 小红书搜索 - Google Chrome,558,mock_post_558.png,lrtkelanajaya故障 - 小红书搜索 - Google Chrome,2026-02-22T17:18:00,"Little Red Potato 66A1
focus on
Kelana Jaya line maintenance phase affected frequency and caused crowding at stations at Gombak.
Passengers shared delay slip and crowding evidence during rush hour
Rapid KL staff guided queue and temporary shuttle arrangement
Malaysia transport update 2026-02-02
There are 6 comments in total
author
reply
Show 2 replies
Say something",Kelana Jaya line maintenance phase affected frequency and caused crowding at stations at Gombak Passengers shared delay slip and crowding evidence during rush hour Rapid KL staff guided queue and temporary shuttle arrangement Malaysia transport update 2026 02 02 There are 6 comments in total author reply Show 2 replies Say something,1,incident_maintenance_impact,synthetic_mock
mrtkajang问题 - 小红书搜索 - Google Chrome,559,mock_post_559.png,mrtkajang问题 - 小红书搜索 - Google Chrome,2026-02-22T17:19:00,"Xiaoxuan Talk Malaysia Official
focus on
General city transport post not related to outage or malfunction at Wangsa Maju.
People shared regular commute and station photos
No emergency notice was posted
Malaysia transport update 2024-04-04
There are 13 comments in total
author
reply
Show 1 replies
Say something",General city transport post not related to outage or malfunction at Wangsa Maju People shared regular commute and station photos No emergency notice was posted Malaysia transport update 2024 04 04 There are 13 comments in total author reply Show 1 replies Say something,0,normal_general,synthetic_mock
🇲🇾LRT停运 注意了‼️ - 小红书 - Google Chrome,560,mock_post_560.png,🇲🇾LRT停运 注意了‼️ - 小红书 - Google Chrome,2026-02-22T17:20:00,"Xiaoxuan Talk Malaysia Official
focus on
Rapid KL announced temporary service disruption between KLCC and Gombak with shuttle support at Putra Heights.
Passengers shared delay slip and crowding evidence during rush hour
Rapid KL staff guided queue and temporary shuttle arrangement
There are 2 comments in total
author
reply
Show 3 replies
Say something",Rapid KL announced temporary service disruption between KLCC and Gombak with shuttle support at Putra Heights Passengers shared delay slip and crowding evidence during rush hour Rapid KL staff guided queue and temporary shuttle arrangement There are 2 comments in total author reply Show 3 replies Say something,1,incident_service_disruption,synthetic_mock
🇲🇾LRT KelanajayaLine通告，列车降速 - 小红书 - Google Chrome,561,mock_post_561.png,🇲🇾LRT KelanajayaLine通告，列车降速 - 小红书 - Google Chrome,2026-02-22T17:21:00,"KL daily commuter
focus on
Routine travel post about route tips and fare sharing at KLCC.
People shared regular commute and station photos
No emergency notice was posted
There are 15 comments in total
author
reply
Show 3 replies
Say something",Routine travel post about route tips and fare sharing at KLCC People shared regular commute and station photos No emergency notice was posted There are 15 comments in total author reply Show 3 replies Say something,0,normal_travel_tip,synthetic_mock
mrtkajang问题 - 小红书搜索 - Google Chrome,562,mock_post_562.png,mrtkajang问题 - 小红书搜索 - Google Chrome,2026-02-22T17:22:00,"Rapid commuter diary
focus on
Passengers were asked to get off at Pasar Seni due to train fault and wait for replacement at Pasar Seni.
Passengers shared delay slip and crowding evidence during rush hour
Rapid KL staff guided queue and temporary shuttle arrangement
Malaysia transport update 2026-01-18
There are 14 comments in total
author
reply
Show 3 replies
Say something",Passengers were asked to get off at Pasar Seni due to train fault and wait for replacement at Pasar Seni Passengers shared delay slip and crowding evidence during rush hour Rapid KL staff guided queue and temporary shuttle arrangement Malaysia transport update 2026 01 18 There are 14 comments in total author reply Show 3 replies Say something,1,incident_train_fault,synthetic_mock
mrt kajang - 小红书搜索 - Google Chrome,563,mock_post_563.png,mrt kajang - 小红书搜索 - Google Chrome,2026-02-22T17:23:00,"City transit watcher
focus on
Routine travel post about route tips and fare sharing at Pasar Seni.
People shared regular commute and station photos
No emergency notice was posted
There are 5 comments in total
author
reply
Show 1 replies
Say something",Routine travel post about route tips and fare sharing at Pasar Seni People shared regular commute and station photos No emergency notice was posted There are 5 comments in total author reply Show 1 replies Say something,0,normal_travel_tip,synthetic_mock
mrt kajang - 小红书搜索 - Google Chrome,564,mock_post_564.png,mrt kajang - 小红书搜索 - Google Chrome,2026-02-22T17:24:00,"Little Red Potato 66A1
focus on
Kelana Jaya line maintenance phase affected frequency and caused crowding at stations at KL Sentral.
Passengers shared delay slip and crowding evidence during rush hour
Rapid KL staff guided queue and temporary shuttle arrangement
There are 17 comments in total
author
reply
Show 2 replies
Say something",Kelana Jaya line maintenance phase affected frequency and caused crowding at stations at KL Sentral Passengers shared delay slip and crowding evidence during rush hour Rapid KL staff guided queue and temporary shuttle arrangement There are 17 comments in total author reply Show 2 replies Say something,1,incident_maintenance_impact,synthetic_mock
mrt kajang - 小红书搜索 - Google Chrome,565,mock_post_565.png,mrt kajang - 小红书搜索 - Google Chrome,2026-02-22T17:25:00,"Leisurely kitten
focus on
Routine travel post about route tips and fare sharing at Universiti.
People shared regular commute and station photos
No emergency notice was posted
Malaysia transport update 2025-05-15
There are 5 comments in total
author
reply
Show 1 replies
Say something",Routine travel post about route tips and fare sharing at Universiti People shared regular commute and station photos No emergency notice was posted Malaysia transport update 2025 05 15 There are 5 comments in total author reply Show 1 replies Say something,0,normal_travel_tip,synthetic_mock
地铁 马来西亚 - 小红书搜索 - Google Chrome,566,mock_post_566.png,地铁 马来西亚 - 小红书搜索 - Google Chrome,2026-02-22T17:26:00,"Leisurely kitten
focus on
Passengers were asked to get off at Pasar Seni due to train fault and wait for replacement at Masjid Jamek.
Passengers shared delay slip and crowding evidence during rush hour
Rapid KL staff guided queue and temporary shuttle arrangement
There are 18 comments in total
author
reply
Show 2 replies
Say something",Passengers were asked to get off at Pasar Seni due to train fault and wait for replacement at Masjid Jamek Passengers shared delay slip and crowding evidence during rush hour Rapid KL staff guided queue and temporary shuttle arrangement There are 18 comments in total author reply Show 2 replies Say something,1,incident_train_fault,synthetic_mock
lrtkelanajaya故障 - 小红书搜索 - Google Chrome,567,mock_post_567.png,lrtkelanajaya故障 - 小红书搜索 - Google Chrome,2026-02-22T17:27:00,"Ootashi store
focus on
General city transport post not related to outage or malfunction at Universiti.
People shared regular commute and station photos
No emergency notice was posted
Malaysia transport update 2026-05-22
There are 12 comments in total
author
reply
Show 3 replies
Say something",General city transport post not related to outage or malfunction at Universiti People shared regular commute and station photos No emergency notice was posted Malaysia transport update 2026 05 22 There are 12 comments in total author reply Show 3 replies Say something,0,normal_general,synthetic_mock
地铁 马来西亚 - 小红书搜索 - Google Chrome,568,mock_post_568.png,地铁 马来西亚 - 小红书搜索 - Google Chrome,2026-02-22T17:28:00,"Little Red Potato 66A1
focus on
Kelana Jaya line maintenance phase affected frequency and caused crowding at stations at Pasar Seni.
Passengers shared delay slip and crowding evidence during rush hour
Rapid KL staff guided queue and temporary shuttle arrangement
Malaysia transport update 2026-06-23
There are 4 comments in total
author
reply
Show 2 replies
Say something",Kelana Jaya line maintenance phase affected frequency and caused crowding at stations at Pasar Seni Passengers shared delay slip and crowding evidence during rush hour Rapid KL staff guided queue and temporary shuttle arrangement Malaysia transport update 2026 06 23 There are 4 comments in total author reply Show 2 replies Say something,1,incident_maintenance_impact,synthetic_mock
地铁 马来西亚 - 小红书搜索 - Google Chrome,569,mock_post_569.png,地铁 马来西亚 - 小红书搜索 - Google Chrome,2026-02-22T17:29:00,"Little Red Potato 66A1
focus on
No disruption observed and transfer between lines completed without waiting at KL Sentral.
People shared regular commute and station photos
No emergency notice was posted
There are 14 comments in total
author
reply
Show 3 replies
Say something",No disruption observed and transfer between lines completed without waiting at KL Sentral People shared regular commute and station photos No emergency notice was posted There are 14 comments in total author reply Show 3 replies Say something,0,normal_no_incident,synthetic_mock
🇲🇾LRT停运 注意了‼️ - 小红书 - Google Chrome,570,mock_post_570.png,🇲🇾LRT停运 注意了‼️ - 小红书 - Google Chrome,2026-02-22T17:30:00,"KL daily commuter
focus on
Commuters reported long queue and train delay after track maintenance at Universiti station at Wangsa Maju.
Passengers shared delay slip and crowding evidence during rush hour
Rapid KL staff guided queue and temporary shuttle arrangement
Malaysia transport update 2024-01-13
There are 5 comments in total
author
reply
Show 1 replies
Say something",Commuters reported long queue and train delay after track maintenance at Universiti station at Wangsa Maju Passengers shared delay slip and crowding evidence during rush hour Rapid KL staff guided queue and temporary shuttle arrangement Malaysia transport update 2024 01 13 There are 5 comments in total author reply Show 1 replies Say something,1,incident_delay,synthetic_mock
🇲🇾LRT停运 注意了‼️ - 小红书 - Google Chrome,571,mock_post_571.png,🇲🇾LRT停运 注意了‼️ - 小红书 - Google Chrome,2026-02-22T17:31:00,"Leisurely kitten
focus on
Normal operation resumed and train intervals are back to schedule at Universiti.
People shared regular commute and station photos
No emergency notice was posted
There are 6 comments in total
author
reply
Show 2 replies
Say something",Normal operation resumed and train intervals are back to schedule at Universiti People shared regular commute and station photos No emergency notice was posted There are 6 comments in total author reply Show 2 replies Say something,0,normal_operation,synthetic_mock
mrt fault - 小红书搜索 - Google Chrome,572,mock_post_572.png,mrt fault - 小红书搜索 - Google Chrome,2026-02-22T17:32:00,"KL daily commuter
focus on
Commuters reported long queue and train delay after track maintenance at Universiti station at Pasar Seni.
Passengers shared delay slip and crowding evidence during rush hour
Rapid KL staff guided queue and temporary shuttle arrangement
Malaysia transport update 2025-04-25
There are 18 comments in total
author
reply
Show 1 replies
Say something",Commuters reported long queue and train delay after track maintenance at Universiti station at Pasar Seni Passengers shared delay slip and crowding evidence during rush hour Rapid KL staff guided queue and temporary shuttle arrangement Malaysia transport update 2025 04 25 There are 18 comments in total author reply Show 1 replies Say something,1,incident_delay,synthetic_mock
🇲🇾LRT停运 注意了‼️ - 小红书 - Google Chrome,573,mock_post_573.png,🇲🇾LRT停运 注意了‼️ - 小红书 - Google Chrome,2026-02-22T17:33:00,"Little Red Potato 66A1
focus on
No disruption observed and transfer between lines completed without waiting at KLCC.
People shared regular commute and station photos
No emergency notice was posted
There are 18 comments in total
author
reply
Show 1 replies
Say something",No disruption observed and transfer between lines completed without waiting at KLCC People shared regular commute and station photos No emergency notice was posted There are 18 comments in total author reply Show 1 replies Say something,0,normal_no_incident,synthetic_mock
mrt kajang - 小红书搜索 - Google Chrome,574,mock_post_574.png,mrt kajang - 小红书搜索 - Google Chrome,2026-02-22T17:34:00,"Ootashi store
focus on
Passengers were asked to get off at Pasar Seni due to train fault and wait for replacement at Wangsa Maju.
Passengers shared delay slip and crowding evidence during rush hour
Rapid KL staff guided queue and temporary shuttle arrangement
Malaysia transport update 2026-05-23
There are 2 comments in total
author
reply
Show 2 replies
Say something",Passengers were asked to get off at Pasar Seni due to train fault and wait for replacement at Wangsa Maju Passengers shared delay slip and crowding evidence during rush hour Rapid KL staff guided queue and temporary shuttle arrangement Malaysia transport update 2026 05 23 There are 2 comments in total author reply Show 2 replies Say something,1,incident_train_fault,synthetic_mock
🇲🇾LRT停运 注意了‼️ - 小红书 - Google Chrome,575,mock_post_575.png,🇲🇾LRT停运 注意了‼️ - 小红书 - Google Chrome,2026-02-22T17:35:00,"Little Red Potato 66A1
focus on
No disruption observed and transfer between lines completed without waiting at Putra Heights.
People shared regular commute and station photos
No emergency notice was posted
Malaysia transport update 2026-05-07
There are 15 comments in total
author
reply
Show 1 replies
Say something",No disruption observed and transfer between lines completed without waiting at Putra Heights People shared regular commute and station photos No emergency notice was posted Malaysia transport update 2026 05 07 There are 15 comments in total author reply Show 1 replies Say something,0,normal_no_incident,synthetic_mock
lrtkelanajaya线 - 小红书搜索 - Google Chrome,576,mock_post_576.png,lrtkelanajaya线 - 小红书搜索 - Google Chrome,2026-02-22T17:36:00,"KL daily commuter
focus on
Kelana Jaya line maintenance phase affected frequency and caused crowding at stations at Putra Heights.
Passengers shared delay slip and crowding evidence during rush hour
Rapid KL staff guided queue and temporary shuttle arrangement
There are 7 comments in total
author
reply
Show 3 replies
Say something",Kelana Jaya line maintenance phase affected frequency and caused crowding at stations at Putra Heights Passengers shared delay slip and crowding evidence during rush hour Rapid KL staff guided queue and temporary shuttle arrangement There are 7 comments in total author reply Show 3 replies Say something,1,incident_maintenance_impact,synthetic_mock
lrtkelanajaya故障 - 小红书搜索 - Google Chrome,577,mock_post_577.png,lrtkelanajaya故障 - 小红书搜索 - Google Chrome,2026-02-22T17:37:00,"Ootashi store
focus on
Commuting to work was smooth and station crowd level was manageable today at Ampang Park.
People shared regular commute and station photos
No emergency notice was posted
There are 3 comments in total
author
reply
Show 1 replies
Say something",Commuting to work was smooth and station crowd level was manageable today at Ampang Park People shared regular commute and station photos No emergency notice was posted There are 3 comments in total author reply Show 1 replies Say something,0,normal_commute,synthetic_mock
lrtkelanajaya故障 - 小红书搜索 - Google Chrome,578,mock_post_578.png,lrtkelanajaya故障 - 小红书搜索 - Google Chrome,2026-02-22T17:38:00,"Xiaoxuan Talk Malaysia Official
focus on
Kelana Jaya line maintenance phase affected frequency and caused crowding at stations at Masjid Jamek.
Passengers shared delay slip and crowding evidence during rush hour
Rapid KL staff guided queue and temporary shuttle arrangement
Malaysia transport update 2025-05-18
There are 9 comments in total
author
reply
Show 1 replies
Say something",Kelana Jaya line maintenance phase affected frequency and caused crowding at stations at Masjid Jamek Passengers shared delay slip and crowding evidence during rush hour Rapid KL staff guided queue and temporary shuttle arrangement Malaysia transport update 2025 05 18 There are 9 comments in total author reply Show 1 replies Say something,1,incident_maintenance_impact,synthetic_mock
🇲🇾LRT KelanajayaLine通告，列车降速 - 小红书 - Google Chrome,579,mock_post_579.png,🇲🇾LRT KelanajayaLine通告，列车降速 - 小红书 - Google Chrome,2026-02-22T17:39:00,"Xiaoxuan Talk Malaysia Official
focus on
Routine travel post about route tips and fare sharing at Gombak.
People shared regular commute and station photos
No emergency notice was posted
Malaysia transport update 2026-03-02
There are 5 comments in total
author
reply
Show 2 replies
Say something",Routine travel post about route tips and fare sharing at Gombak People shared regular commute and station photos No emergency notice was posted Malaysia transport update 2026 03 02 There are 5 comments in total author reply Show 2 replies Say something,0,normal_travel_tip,synthetic_mock
地铁 马来西亚 - 小红书搜索 - Google Chrome,580,mock_post_580.png,地铁 马来西亚 - 小红书搜索 - Google Chrome,2026-02-22T17:40:00,"KL daily commuter
focus on
LRT Kelana Jaya line had a signaling issue during peak hour and trains moved slowly at KL Sentral.
Passengers shared delay slip and crowding evidence during rush hour
Rapid KL staff guided queue and temporary shuttle arrangement
There are 16 comments in total
author
reply
Show 3 replies
Say something",LRT Kelana Jaya line had a signaling issue during peak hour and trains moved slowly at KL Sentral Passengers shared delay slip and crowding evidence during rush hour Rapid KL staff guided queue and temporary shuttle arrangement There are 16 comments in total author reply Show 3 replies Say something,1,incident_breakdown,synthetic_mock
lrtkelanajaya故障 - 小红书搜索 - Google Chrome,581,mock_post_581.png,lrtkelanajaya故障 - 小红书搜索 - Google Chrome,2026-02-22T17:41:00,"KL daily commuter
focus on
Commuting to work was smooth and station crowd level was manageable today at KLCC.
People shared regular commute and station photos
No emergency notice was posted
There are 17 comments in total
author
reply
Show 1 replies
Say something",Commuting to work was smooth and station crowd level was manageable today at KLCC People shared regular commute and station photos No emergency notice was posted There are 17 comments in total author reply Show 1 replies Say something,0,normal_commute,synthetic_mock
mrt fault - 小红书搜索 - Google Chrome,582,mock_post_582.png,mrt fault - 小红书搜索 - Google Chrome,2026-02-22T17:42:00,"KL daily commuter
focus on
Passengers were asked to get off at Pasar Seni due to train fault and wait for replacement at KLCC.
Passengers shared delay slip and crowding evidence during rush hour
Rapid KL staff guided queue and temporary shuttle arrangement
Malaysia transport update 2025-09-18
There are 13 comments in total
author
reply
Show 1 replies
Say something",Passengers were asked to get off at Pasar Seni due to train fault and wait for replacement at KLCC Passengers shared delay slip and crowding evidence during rush hour Rapid KL staff guided queue and temporary shuttle arrangement Malaysia transport update 2025 09 18 There are 13 comments in total author reply Show 1 replies Say something,1,incident_train_fault,synthetic_mock
地铁 马来西亚 - 小红书搜索 - Google Chrome,583,mock_post_583.png,地铁 马来西亚 - 小红书搜索 - Google Chrome,2026-02-22T17:43:00,"City transit watcher
focus on
Service update says all lines are stable with no major delay this morning at Universiti.
People shared regular commute and station photos
No emergency notice was posted
Malaysia transport update 2025-05-07
There are 17 comments in total
author
reply
Show 2 replies
Say something",Service update says all lines are stable with no major delay this morning at Universiti People shared regular commute and station photos No emergency notice was posted Malaysia transport update 2025 05 07 There are 17 comments in total author reply Show 2 replies Say something,0,normal_update,synthetic_mock
🇲🇾LRT停运 注意了‼️ - 小红书 - Google Chrome,584,mock_post_584.png,🇲🇾LRT停运 注意了‼️ - 小红书 - Google Chrome,2026-02-22T17:44:00,"Xiaoxuan Talk Malaysia Official
focus on
Kelana Jaya line maintenance phase affected frequency and caused crowding at stations at Kelana Jaya.
Passengers shared delay slip and crowding evidence during rush hour
Rapid KL staff guided queue and temporary shuttle arrangement
There are 15 comments in total
author
reply
Show 1 replies
Say something",Kelana Jaya line maintenance phase affected frequency and caused crowding at stations at Kelana Jaya Passengers shared delay slip and crowding evidence during rush hour Rapid KL staff guided queue and temporary shuttle arrangement There are 15 comments in total author reply Show 1 replies Say something,1,incident_maintenance_impact,synthetic_mock
lrt klcc - 小红书搜索 - Google Chrome,585,mock_post_585.png,lrt klcc - 小红书搜索 - Google Chrome,2026-02-22T17:45:00,"Ootashi store
focus on
Routine travel post about route tips and fare sharing at KL Sentral.
People shared regular commute and station photos
No emergency notice was posted
There are 11 comments in total
author
reply
Show 2 replies
Say something",Routine travel post about route tips and fare sharing at KL Sentral People shared regular commute and station photos No emergency notice was posted There are 11 comments in total author reply Show 2 replies Say something,0,normal_travel_tip,synthetic_mock
mrt fault - 小红书搜索 - Google Chrome,586,mock_post_586.png,mrt fault - 小红书搜索 - Google Chrome,2026-02-22T17:46:00,"Little Red Potato 66A1
focus on
Power trip caused brief outage and service resumed after technicians completed repair at Gombak.
Passengers shared delay slip and crowding evidence during rush hour
Rapid KL staff guided queue and temporary shuttle arrangement
There are 1 comments in total
author
reply
Show 3 replies
Say something",Power trip caused brief outage and service resumed after technicians completed repair at Gombak Passengers shared delay slip and crowding evidence during rush hour Rapid KL staff guided queue and temporary shuttle arrangement There are 1 comments in total author reply Show 3 replies Say something,1,incident_power_outage,synthetic_mock
lrt klcc - 小红书搜索 - Google Chrome,587,mock_post_587.png,lrt klcc - 小红书搜索 - Google Chrome,2026-02-22T17:47:00,"Rapid commuter diary
focus on
Routine travel post about route tips and fare sharing at Masjid Jamek.
People shared regular commute and station photos
No emergency notice was posted
Malaysia transport update 2025-11-07
There are 11 comments in total
author
reply
Show 3 replies
Say something",Routine travel post about route tips and fare sharing at Masjid Jamek People shared regular commute and station photos No emergency notice was posted Malaysia transport update 2025 11 07 There are 11 comments in total author reply Show 3 replies Say something,0,normal_travel_tip,synthetic_mock
🇲🇾LRT停运 注意了‼️ - 小红书 - Google Chrome,588,mock_post_588.png,🇲🇾LRT停运 注意了‼️ - 小红书 - Google Chrome,2026-02-22T17:48:00,"KL daily commuter
focus on
LRT Kelana Jaya line had a signaling issue during peak hour and trains moved slowly at Pasar Seni.
Passengers shared delay slip and crowding evidence during rush hour
Rapid KL staff guided queue and temporary shuttle arrangement
Malaysia transport update 2024-11-03
There are 7 comments in total
author
reply
Show 3 replies
Say something",LRT Kelana Jaya line had a signaling issue during peak hour and trains moved slowly at Pasar Seni Passengers shared delay slip and crowding evidence during rush hour Rapid KL staff guided queue and temporary shuttle arrangement Malaysia transport update 2024 11 03 There are 7 comments in total author reply Show 3 replies Say something,1,incident_breakdown,synthetic_mock
lrt klcc - 小红书搜索 - Google Chrome,589,mock_post_589.png,lrt klcc - 小红书搜索 - Google Chrome,2026-02-22T17:49:00,"KL daily commuter
focus on
Service update says all lines are stable with no major delay this morning at Wangsa Maju.
People shared regular commute and station photos
No emergency notice was posted
Malaysia transport update 2026-12-24
There are 14 comments in total
author
reply
Show 3 replies
Say something",Service update says all lines are stable with no major delay this morning at Wangsa Maju People shared regular commute and station photos No emergency notice was posted Malaysia transport update 2026 12 24 There are 14 comments in total author reply Show 3 replies Say something,0,normal_update,synthetic_mock
lrtkelanajaya故障 - 小红书搜索 - Google Chrome,590,mock_post_590.png,lrtkelanajaya故障 - 小红书搜索 - Google Chrome,2026-02-22T17:50:00,"Xiaoxuan Talk Malaysia Official
focus on
Kelana Jaya line maintenance phase affected frequency and caused crowding at stations at Pasar Seni.
Passengers shared delay slip and crowding evidence during rush hour
Rapid KL staff guided queue and temporary shuttle arrangement
Malaysia transport update 2025-01-03
There are 3 comments in total
author
reply
Show 1 replies
Say something",Kelana Jaya line maintenance phase affected frequency and caused crowding at stations at Pasar Seni Passengers shared delay slip and crowding evidence during rush hour Rapid KL staff guided queue and temporary shuttle arrangement Malaysia transport update 2025 01 03 There are 3 comments in total author reply Show 1 replies Say something,1,incident_maintenance_impact,synthetic_mock
mrt kajang - 小红书搜索 - Google Chrome,591,mock_post_591.png,mrt kajang - 小红书搜索 - Google Chrome,2026-02-22T17:51:00,"Xiaoxuan Talk Malaysia Official
focus on
Commuting to work was smooth and station crowd level was manageable today at Masjid Jamek.
People shared regular commute and station photos
No emergency notice was posted
There are 8 comments in total
author
reply
Show 2 replies
Say something",Commuting to work was smooth and station crowd level was manageable today at Masjid Jamek People shared regular commute and station photos No emergency notice was posted There are 8 comments in total author reply Show 2 replies Say something,0,normal_commute,synthetic_mock
lrt is bad again - Xiaohongshu search - Google Chrome,592,mock_post_592.png,lrt is bad again - Xiaohongshu search - Google Chrome,2026-02-22T17:52:00,"City transit watcher
focus on
Power trip caused brief outage and service resumed after technicians completed repair at Ampang Park.
Passengers shared delay slip and crowding evidence during rush hour
Rapid KL staff guided queue and temporary shuttle arrangement
Malaysia transport update 2025-01-13
There are 4 comments in total
author
reply
Show 3 replies
Say something",Power trip caused brief outage and service resumed after technicians completed repair at Ampang Park Passengers shared delay slip and crowding evidence during rush hour Rapid KL staff guided queue and temporary shuttle arrangement Malaysia transport update 2025 01 13 There are 4 comments in total author reply Show 3 replies Say something,1,incident_power_outage,synthetic_mock
lrt klcc - 小红书搜索 - Google Chrome,593,mock_post_593.png,lrt klcc - 小红书搜索 - Google Chrome,2026-02-22T17:53:00,"Xiaoxuan Talk Malaysia Official
focus on
General city transport post not related to outage or malfunction at KL Sentral.
People shared regular commute and station photos
No emergency notice was posted
There are 2 comments in total
author
reply
Show 3 replies
Say something",General city transport post not related to outage or malfunction at KL Sentral People shared regular commute and station photos No emergency notice was posted There are 2 comments in total author reply Show 3 replies Say something,0,normal_general,synthetic_mock
mrtkajang问题 - 小红书搜索 - Google Chrome,594,mock_post_594.png,mrtkajang问题 - 小红书搜索 - Google Chrome,2026-02-22T17:54:00,"Xiaoxuan Talk Malaysia Official
focus on
Commuters reported long queue and train delay after track maintenance at Universiti station at Masjid Jamek.
Passengers shared delay slip and crowding evidence during rush hour
Rapid KL staff guided queue and temporary shuttle arrangement
Malaysia transport update 2026-05-20
There are 3 comments in total
author
reply
Show 2 replies
Say something",Commuters reported long queue and train delay after track maintenance at Universiti station at Masjid Jamek Passengers shared delay slip and crowding evidence during rush hour Rapid KL staff guided queue and temporary shuttle arrangement Malaysia transport update 2026 05 20 There are 3 comments in total author reply Show 2 replies Say something,1,incident_delay,synthetic_mock
地铁 马来西亚 - 小红书搜索 - Google Chrome,595,mock_post_595.png,地铁 马来西亚 - 小红书搜索 - Google Chrome,2026-02-22T17:55:00,"KL daily commuter
focus on
No disruption observed and transfer between lines completed without waiting at Wangsa Maju.
People shared regular commute and station photos
No emergency notice was posted
There are 16 comments in total
author
reply
Show 1 replies
Say something",No disruption observed and transfer between lines completed without waiting at Wangsa Maju People shared regular commute and station photos No emergency notice was posted There are 16 comments in total author reply Show 1 replies Say something,0,normal_no_incident,synthetic_mock
🇲🇾LRT停运 注意了‼️ - 小红书 - Google Chrome,596,mock_post_596.png,🇲🇾LRT停运 注意了‼️ - 小红书 - Google Chrome,2026-02-22T17:56:00,"City transit watcher
focus on
Rapid KL announced temporary service disruption between KLCC and Gombak with shuttle support at Pasar Seni.
Passengers shared delay slip and crowding evidence during rush hour
Rapid KL staff guided queue and temporary shuttle arrangement
Malaysia transport update 2026-05-21
There are 5 comments in total
author
reply
Show 2 replies
Say something",Rapid KL announced temporary service disruption between KLCC and Gombak with shuttle support at Pasar Seni Passengers shared delay slip and crowding evidence during rush hour Rapid KL staff guided queue and temporary shuttle arrangement Malaysia transport update 2026 05 21 There are 5 comments in total author reply Show 2 replies Say something,1,incident_service_disruption,synthetic_mock
lrt klcc - 小红书搜索 - Google Chrome,597,mock_post_597.png,lrt klcc - 小红书搜索 - Google Chrome,2026-02-22T17:57:00,"Xiaoxuan Talk Malaysia Official
focus on
General city transport post not related to outage or malfunction at Putra Heights.
People shared regular commute and station photos
No emergency notice was posted
There are 18 comments in total
author
reply
Show 1 replies
Say something",General city transport post not related to outage or malfunction at Putra Heights People shared regular commute and station photos No emergency notice was posted There are 18 comments in total author reply Show 1 replies Say something,0,normal_general,synthetic_mock
lrt klcc - 小红书搜索 - Google Chrome,598,mock_post_598.png,lrt klcc - 小红书搜索 - Google Chrome,2026-02-22T17:58:00,"Little Red Potato 66A1
focus on
LRT Kelana Jaya line had a signaling issue during peak hour and trains moved slowly at Kelana Jaya.
Passengers shared delay slip and crowding evidence during rush hour
Rapid KL staff guided queue and temporary shuttle arrangement
There are 18 comments in total
author
reply
Show 3 replies
Say something",LRT Kelana Jaya line had a signaling issue during peak hour and trains moved slowly at Kelana Jaya Passengers shared delay slip and crowding evidence during rush hour Rapid KL staff guided queue and temporary shuttle arrangement There are 18 comments in total author reply Show 3 replies Say something,1,incident_breakdown,synthetic_mock
mrt kajang - 小红书搜索 - Google Chrome,599,mock_post_599.png,mrt kajang - 小红书搜索 - Google Chrome,2026-02-22T17:59:00,"City transit watcher
focus on
Commuting to work was smooth and station crowd level was manageable today at Universiti.
People shared regular commute and station photos
No emergency notice was posted
There are 12 comments in total
author
reply
Show 1 replies
Say something",Commuting to work was smooth and station crowd level was manageable today at Universiti People shared regular commute and station photos No emergency notice was posted There are 12 comments in total author reply Show 1 replies Say something,0,normal_commute,synthetic_mock
lrt klcc - 小红书搜索 - Google Chrome,600,mock_post_600.png,lrt klcc - 小红书搜索 - Google Chrome,2026-02-22T18:00:00,"Ootashi store
focus on
Kelana Jaya line maintenance phase affected frequency and caused crowding at stations at Masjid Jamek.
Passengers shared delay slip and crowding evidence during rush hour
Rapid KL staff guided queue and temporary shuttle arrangement
Malaysia transport update 2024-10-27
There are 9 comments in total
author
reply
Show 1 replies
Say something",Kelana Jaya line maintenance phase affected frequency and caused crowding at stations at Masjid Jamek Passengers shared delay slip and crowding evidence during rush hour Rapid KL staff guided queue and temporary shuttle arrangement Malaysia transport update 2024 10 27 There are 9 comments in total author reply Show 1 replies Say something,1,incident_maintenance_impact,synthetic_mock
mrt - 小红书搜索 - Google Chrome,601,mock_post_601.png,mrt - 小红书搜索 - Google Chrome,2026-02-22T18:01:00,"KL daily commuter
focus on
Service update says all lines are stable with no major delay this morning at KL Sentral.
People shared regular commute and station photos
No emergency notice was posted
Malaysia transport update 2026-08-21
There are 18 comments in total
author
reply
Show 1 replies
Say something",Service update says all lines are stable with no major delay this morning at KL Sentral People shared regular commute and station photos No emergency notice was posted Malaysia transport update 2026 08 21 There are 18 comments in total author reply Show 1 replies Say something,0,normal_update,synthetic_mock
lrtkelanajaya故障 - 小红书搜索 - Google Chrome,602,mock_post_602.png,lrtkelanajaya故障 - 小红书搜索 - Google Chrome,2026-02-22T18:02:00,"Leisurely kitten
focus on
Kelana Jaya line maintenance phase affected frequency and caused crowding at stations at KLCC.
Passengers shared delay slip and crowding evidence during rush hour
Rapid KL staff guided queue and temporary shuttle arrangement
Malaysia transport update 2026-10-16
There are 11 comments in total
author
reply
Show 2 replies
Say something",Kelana Jaya line maintenance phase affected frequency and caused crowding at stations at KLCC Passengers shared delay slip and crowding evidence during rush hour Rapid KL staff guided queue and temporary shuttle arrangement Malaysia transport update 2026 10 16 There are 11 comments in total author reply Show 2 replies Say something,1,incident_maintenance_impact,synthetic_mock
mrt fault - 小红书搜索 - Google Chrome,603,mock_post_603.png,mrt fault - 小红书搜索 - Google Chrome,2026-02-22T18:03:00,"Xiaoxuan Talk Malaysia Official
focus on
General city transport post not related to outage or malfunction at Universiti.
People shared regular commute and station photos
No emergency notice was posted
Malaysia transport update 2024-04-11
There are 16 comments in total
author
reply
Show 2 replies
Say something",General city transport post not related to outage or malfunction at Universiti People shared regular commute and station photos No emergency notice was posted Malaysia transport update 2024 04 11 There are 16 comments in total author reply Show 2 replies Say something,0,normal_general,synthetic_mock
mrt kajang - 小红书搜索 - Google Chrome,604,mock_post_604.png,mrt kajang - 小红书搜索 - Google Chrome,2026-02-22T18:04:00,"City transit watcher
focus on
Passengers were asked to get off at Pasar Seni due to train fault and wait for replacement at Gombak.
Passengers shared delay slip and crowding evidence during rush hour
Rapid KL staff guided queue and temporary shuttle arrangement
There are 12 comments in total
author
reply
Show 2 replies
Say something",Passengers were asked to get off at Pasar Seni due to train fault and wait for replacement at Gombak Passengers shared delay slip and crowding evidence during rush hour Rapid KL staff guided queue and temporary shuttle arrangement There are 12 comments in total author reply Show 2 replies Say something,1,incident_train_fault,synthetic_mock
mrt fault - 小红书搜索 - Google Chrome,605,mock_post_605.png,mrt fault - 小红书搜索 - Google Chrome,2026-02-22T18:05:00,"Leisurely kitten
focus on
Service update says all lines are stable with no major delay this morning at Kelana Jaya.
People shared regular commute and station photos
No emergency notice was posted
Malaysia transport update 2024-12-24
There are 14 comments in total
author
reply
Show 2 replies
Say something",Service update says all lines are stable with no major delay this morning at Kelana Jaya People shared regular commute and station photos No emergency notice was posted Malaysia transport update 2024 12 24 There are 14 comments in total author reply Show 2 replies Say something,0,normal_update,synthetic_mock
lrtkelanajaya故障 - 小红书搜索 - Google Chrome,606,mock_post_606.png,lrtkelanajaya故障 - 小红书搜索 - Google Chrome,2026-02-22T18:06:00,"Rapid commuter diary
focus on
Rapid KL announced temporary service disruption between KLCC and Gombak with shuttle support at Putra Heights.
Passengers shared delay slip and crowding evidence during rush hour
Rapid KL staff guided queue and temporary shuttle arrangement
Malaysia transport update 2025-05-16
There are 18 comments in total
author
reply
Show 1 replies
Say something",Rapid KL announced temporary service disruption between KLCC and Gombak with shuttle support at Putra Heights Passengers shared delay slip and crowding evidence during rush hour Rapid KL staff guided queue and temporary shuttle arrangement Malaysia transport update 2025 05 16 There are 18 comments in total author reply Show 1 replies Say something,1,incident_service_disruption,synthetic_mock
lrtkelanajaya线 - 小红书搜索 - Google Chrome,607,mock_post_607.png,lrtkelanajaya线 - 小红书搜索 - Google Chrome,2026-02-22T18:07:00,"Xiaoxuan Talk Malaysia Official
focus on
General city transport post not related to outage or malfunction at KL Sentral.
People shared regular commute and station photos
No emergency notice was posted
There are 5 comments in total
author
reply
Show 3 replies
Say something",General city transport post not related to outage or malfunction at KL Sentral People shared regular commute and station photos No emergency notice was posted There are 5 comments in total author reply Show 3 replies Say something,0,normal_general,synthetic_mock
🇲🇾LRT KelanajayaLine通告，列车降速 - 小红书 - Google Chrome,608,mock_post_608.png,🇲🇾LRT KelanajayaLine通告，列车降速 - 小红书 - Google Chrome,2026-02-22T18:08:00,"City transit watcher
focus on
Commuters reported long queue and train delay after track maintenance at Universiti station at KLCC.
Passengers shared delay slip and crowding evidence during rush hour
Rapid KL staff guided queue and temporary shuttle arrangement
Malaysia transport update 2024-09-21
There are 1 comments in total
author
reply
Show 3 replies
Say something",Commuters reported long queue and train delay after track maintenance at Universiti station at KLCC Passengers shared delay slip and crowding evidence during rush hour Rapid KL staff guided queue and temporary shuttle arrangement Malaysia transport update 2024 09 21 There are 1 comments in total author reply Show 3 replies Say something,1,incident_delay,synthetic_mock
地铁 马来西亚 - 小红书搜索 - Google Chrome,609,mock_post_609.png,地铁 马来西亚 - 小红书搜索 - Google Chrome,2026-02-22T18:09:00,"Ootashi store
focus on
No disruption observed and transfer between lines completed without waiting at KL Sentral.
People shared regular commute and station photos
No emergency notice was posted
There are 18 comments in total
author
reply
Show 2 replies
Say something",No disruption observed and transfer between lines completed without waiting at KL Sentral People shared regular commute and station photos No emergency notice was posted There are 18 comments in total author reply Show 2 replies Say something,0,normal_no_incident,synthetic_mock
lrtkelanajaya线 - 小红书搜索 - Google Chrome,610,mock_post_610.png,lrtkelanajaya线 - 小红书搜索 - Google Chrome,2026-02-22T18:10:00,"City transit watcher
focus on
Passengers were asked to get off at Pasar Seni due to train fault and wait for replacement at Ampang Park.
Passengers shared delay slip and crowding evidence during rush hour
Rapid KL staff guided queue and temporary shuttle arrangement
There are 12 comments in total
author
reply
Show 2 replies
Say something",Passengers were asked to get off at Pasar Seni due to train fault and wait for replacement at Ampang Park Passengers shared delay slip and crowding evidence during rush hour Rapid KL staff guided queue and temporary shuttle arrangement There are 12 comments in total author reply Show 2 replies Say something,1,incident_train_fault,synthetic_mock
lrt is bad again - Xiaohongshu search - Google Chrome,611,mock_post_611.png,lrt is bad again - Xiaohongshu search - Google Chrome,2026-02-22T18:11:00,"Ootashi store
focus on
Routine travel post about route tips and fare sharing at Gombak.
People shared regular commute and station photos
No emergency notice was posted
Malaysia transport update 2026-02-13
There are 12 comments in total
author
reply
Show 3 replies
Say something",Routine travel post about route tips and fare sharing at Gombak People shared regular commute and station photos No emergency notice was posted Malaysia transport update 2026 02 13 There are 12 comments in total author reply Show 3 replies Say something,0,normal_travel_tip,synthetic_mock
lrtkelanajaya故障 - 小红书搜索 - Google Chrome,612,mock_post_612.png,lrtkelanajaya故障 - 小红书搜索 - Google Chrome,2026-02-22T18:12:00,"KL daily commuter
focus on
Kelana Jaya line maintenance phase affected frequency and caused crowding at stations at Universiti.
Passengers shared delay slip and crowding evidence during rush hour
Rapid KL staff guided queue and temporary shuttle arrangement
There are 6 comments in total
author
reply
Show 3 replies
Say something",Kelana Jaya line maintenance phase affected frequency and caused crowding at stations at Universiti Passengers shared delay slip and crowding evidence during rush hour Rapid KL staff guided queue and temporary shuttle arrangement There are 6 comments in total author reply Show 3 replies Say something,1,incident_maintenance_impact,synthetic_mock
mrtkajang问题 - 小红书搜索 - Google Chrome,613,mock_post_613.png,mrtkajang问题 - 小红书搜索 - Google Chrome,2026-02-22T18:13:00,"Ootashi store
focus on
No disruption observed and transfer between lines completed without waiting at Pasar Seni.
People shared regular commute and station photos
No emergency notice was posted
There are 5 comments in total
author
reply
Show 3 replies
Say something",No disruption observed and transfer between lines completed without waiting at Pasar Seni People shared regular commute and station photos No emergency notice was posted There are 5 comments in total author reply Show 3 replies Say something,0,normal_no_incident,synthetic_mock
mrt - 小红书搜索 - Google Chrome,614,mock_post_614.png,mrt - 小红书搜索 - Google Chrome,2026-02-22T18:14:00,"Ootashi store
focus on
Commuters reported long queue and train delay after track maintenance at Universiti station at Kelana Jaya.
Passengers shared delay slip and crowding evidence during rush hour
Rapid KL staff guided queue and temporary shuttle arrangement
There are 8 comments in total
author
reply
Show 1 replies
Say something",Commuters reported long queue and train delay after track maintenance at Universiti station at Kelana Jaya Passengers shared delay slip and crowding evidence during rush hour Rapid KL staff guided queue and temporary shuttle arrangement There are 8 comments in total author reply Show 1 replies Say something,1,incident_delay,synthetic_mock
mrt kajang - 小红书搜索 - Google Chrome,615,mock_post_615.png,mrt kajang - 小红书搜索 - Google Chrome,2026-02-22T18:15:00,"Xiaoxuan Talk Malaysia Official
focus on
Commuting to work was smooth and station crowd level was manageable today at Universiti.
People shared regular commute and station photos
No emergency notice was posted
There are 17 comments in total
author
reply
Show 2 replies
Say something",Commuting to work was smooth and station crowd level was manageable today at Universiti People shared regular commute and station photos No emergency notice was posted There are 17 comments in total author reply Show 2 replies Say something,0,normal_commute,synthetic_mock
mrt - 小红书搜索 - Google Chrome,616,mock_post_616.png,mrt - 小红书搜索 - Google Chrome,2026-02-22T18:16:00,"Xiaoxuan Talk Malaysia Official
focus on
Power trip caused brief outage and service resumed after technicians completed repair at Ampang Park.
Passengers shared delay slip and crowding evidence during rush hour
Rapid KL staff guided queue and temporary shuttle arrangement
Malaysia transport update 2026-06-04
There are 17 comments in total
author
reply
Show 3 replies
Say something",Power trip caused brief outage and service resumed after technicians completed repair at Ampang Park Passengers shared delay slip and crowding evidence during rush hour Rapid KL staff guided queue and temporary shuttle arrangement Malaysia transport update 2026 06 04 There are 17 comments in total author reply Show 3 replies Say something,1,incident_power_outage,synthetic_mock
🇲🇾LRT KelanajayaLine通告，列车降速 - 小红书 - Google Chrome,617,mock_post_617.png,🇲🇾LRT KelanajayaLine通告，列车降速 - 小红书 - Google Chrome,2026-02-22T18:17:00,"Little Red Potato 66A1
focus on
General city transport post not related to outage or malfunction at Gombak.
People shared regular commute and station photos
No emergency notice was posted
Malaysia transport update 2024-07-21
There are 13 comments in total
author
reply
Show 2 replies
Say something",General city transport post not related to outage or malfunction at Gombak People shared regular commute and station photos No emergency notice was posted Malaysia transport update 2024 07 21 There are 13 comments in total author reply Show 2 replies Say something,0,normal_general,synthetic_mock
mrtkajang问题 - 小红书搜索 - Google Chrome,618,mock_post_618.png,mrtkajang问题 - 小红书搜索 - Google Chrome,2026-02-22T18:18:00,"Little Red Potato 66A1
focus on
Kelana Jaya line maintenance phase affected frequency and caused crowding at stations at KLCC.
Passengers shared delay slip and crowding evidence during rush hour
Rapid KL staff guided queue and temporary shuttle arrangement
Malaysia transport update 2024-09-13
There are 12 comments in total
author
reply
Show 2 replies
Say something",Kelana Jaya line maintenance phase affected frequency and caused crowding at stations at KLCC Passengers shared delay slip and crowding evidence during rush hour Rapid KL staff guided queue and temporary shuttle arrangement Malaysia transport update 2024 09 13 There are 12 comments in total author reply Show 2 replies Say something,1,incident_maintenance_impact,synthetic_mock
地铁 马来西亚 - 小红书搜索 - Google Chrome,619,mock_post_619.png,地铁 马来西亚 - 小红书搜索 - Google Chrome,2026-02-22T18:19:00,"Xiaoxuan Talk Malaysia Official
focus on
No disruption observed and transfer between lines completed without waiting at KL Sentral.
People shared regular commute and station photos
No emergency notice was posted
Malaysia transport update 2024-08-06
There are 8 comments in total
author
reply
Show 1 replies
Say something",No disruption observed and transfer between lines completed without waiting at KL Sentral People shared regular commute and station photos No emergency notice was posted Malaysia transport update 2024 08 06 There are 8 comments in total author reply Show 1 replies Say something,0,normal_no_incident,synthetic_mock
lrtkelanajaya线 - 小红书搜索 - Google Chrome,620,mock_post_620.png,lrtkelanajaya线 - 小红书搜索 - Google Chrome,2026-02-22T18:20:00,"Ootashi store
focus on
Kelana Jaya line maintenance phase affected frequency and caused crowding at stations at Gombak.
Passengers shared delay slip and crowding evidence during rush hour
Rapid KL staff guided queue and temporary shuttle arrangement
Malaysia transport update 2024-06-20
There are 4 comments in total
author
reply
Show 3 replies
Say something",Kelana Jaya line maintenance phase affected frequency and caused crowding at stations at Gombak Passengers shared delay slip and crowding evidence during rush hour Rapid KL staff guided queue and temporary shuttle arrangement Malaysia transport update 2024 06 20 There are 4 comments in total author reply Show 3 replies Say something,1,incident_maintenance_impact,synthetic_mock
lrtkelanajaya故障 - 小红书搜索 - Google Chrome,621,mock_post_621.png,lrtkelanajaya故障 - 小红书搜索 - Google Chrome,2026-02-22T18:21:00,"City transit watcher
focus on
No disruption observed and transfer between lines completed without waiting at Putra Heights.
People shared regular commute and station photos
No emergency notice was posted
Malaysia transport update 2026-08-16
There are 7 comments in total
author
reply
Show 3 replies
Say something",No disruption observed and transfer between lines completed without waiting at Putra Heights People shared regular commute and station photos No emergency notice was posted Malaysia transport update 2026 08 16 There are 7 comments in total author reply Show 3 replies Say something,0,normal_no_incident,synthetic_mock
🇲🇾LRT停运 注意了‼️ - 小红书 - Google Chrome,622,mock_post_622.png,🇲🇾LRT停运 注意了‼️ - 小红书 - Google Chrome,2026-02-22T18:22:00,"Xiaoxuan Talk Malaysia Official
focus on
Kelana Jaya line maintenance phase affected frequency and caused crowding at stations at Wangsa Maju.
Passengers shared delay slip and crowding evidence during rush hour
Rapid KL staff guided queue and temporary shuttle arrangement
Malaysia transport update 2024-10-19
There are 6 comments in total
author
reply
Show 1 replies
Say something",Kelana Jaya line maintenance phase affected frequency and caused crowding at stations at Wangsa Maju Passengers shared delay slip and crowding evidence during rush hour Rapid KL staff guided queue and temporary shuttle arrangement Malaysia transport update 2024 10 19 There are 6 comments in total author reply Show 1 replies Say something,1,incident_maintenance_impact,synthetic_mock
🇲🇾LRT KelanajayaLine通告，列车降速 - 小红书 - Google Chrome,623,mock_post_623.png,🇲🇾LRT KelanajayaLine通告，列车降速 - 小红书 - Google Chrome,2026-02-22T18:23:00,"Little Red Potato 66A1
focus on
Routine travel post about route tips and fare sharing at Kelana Jaya.
People shared regular commute and station photos
No emergency notice was posted
Malaysia transport update 2024-05-06
There are 17 comments in total
author
reply
Show 2 replies
Say something",Routine travel post about route tips and fare sharing at Kelana Jaya People shared regular commute and station photos No emergency notice was posted Malaysia transport update 2024 05 06 There are 17 comments in total author reply Show 2 replies Say something,0,normal_travel_tip,synthetic_mock
lrtkelanajaya线 - 小红书搜索 - Google Chrome,624,mock_post_624.png,lrtkelanajaya线 - 小红书搜索 - Google Chrome,2026-02-22T18:24:00,"City transit watcher
focus on
Passengers were asked to get off at Pasar Seni due to train fault and wait for replacement at Kelana Jaya.
Passengers shared delay slip and crowding evidence during rush hour
Rapid KL staff guided queue and temporary shuttle arrangement
There are 10 comments in total
author
reply
Show 1 replies
Say something",Passengers were asked to get off at Pasar Seni due to train fault and wait for replacement at Kelana Jaya Passengers shared delay slip and crowding evidence during rush hour Rapid KL staff guided queue and temporary shuttle arrangement There are 10 comments in total author reply Show 1 replies Say something,1,incident_train_fault,synthetic_mock
mrt kajang - 小红书搜索 - Google Chrome,625,mock_post_625.png,mrt kajang - 小红书搜索 - Google Chrome,2026-02-22T18:25:00,"Rapid commuter diary
focus on
No disruption observed and transfer between lines completed without waiting at KL Sentral.
People shared regular commute and station photos
No emergency notice was posted
There are 6 comments in total
author
reply
Show 1 replies
Say something",No disruption observed and transfer between lines completed without waiting at KL Sentral People shared regular commute and station photos No emergency notice was posted There are 6 comments in total author reply Show 1 replies Say something,0,normal_no_incident,synthetic_mock
🇲🇾LRT停运 注意了‼️ - 小红书 - Google Chrome,626,mock_post_626.png,🇲🇾LRT停运 注意了‼️ - 小红书 - Google Chrome,2026-02-22T18:26:00,"KL daily commuter
focus on
Passengers were asked to get off at Pasar Seni due to train fault and wait for replacement at Pasar Seni.
Passengers shared delay slip and crowding evidence during rush hour
Rapid KL staff guided queue and temporary shuttle arrangement
There are 6 comments in total
author
reply
Show 3 replies
Say something",Passengers were asked to get off at Pasar Seni due to train fault and wait for replacement at Pasar Seni Passengers shared delay slip and crowding evidence during rush hour Rapid KL staff guided queue and temporary shuttle arrangement There are 6 comments in total author reply Show 3 replies Say something,1,incident_train_fault,synthetic_mock
🇲🇾LRT KelanajayaLine通告，列车降速 - 小红书 - Google Chrome,627,mock_post_627.png,🇲🇾LRT KelanajayaLine通告，列车降速 - 小红书 - Google Chrome,2026-02-22T18:27:00,"Ootashi store
focus on
Routine travel post about route tips and fare sharing at Gombak.
People shared regular commute and station photos
No emergency notice was posted
There are 11 comments in total
author
reply
Show 2 replies
Say something",Routine travel post about route tips and fare sharing at Gombak People shared regular commute and station photos No emergency notice was posted There are 11 comments in total author reply Show 2 replies Say something,0,normal_travel_tip,synthetic_mock
地铁 马来西亚 - 小红书搜索 - Google Chrome,628,mock_post_628.png,地铁 马来西亚 - 小红书搜索 - Google Chrome,2026-02-22T18:28:00,"Ootashi store
focus on
Passengers were asked to get off at Pasar Seni due to train fault and wait for replacement at KLCC.
Passengers shared delay slip and crowding evidence during rush hour
Rapid KL staff guided queue and temporary shuttle arrangement
Malaysia transport update 2024-02-01
There are 7 comments in total
author
reply
Show 3 replies
Say something",Passengers were asked to get off at Pasar Seni due to train fault and wait for replacement at KLCC Passengers shared delay slip and crowding evidence during rush hour Rapid KL staff guided queue and temporary shuttle arrangement Malaysia transport update 2024 02 01 There are 7 comments in total author reply Show 3 replies Say something,1,incident_train_fault,synthetic_mock
地铁 马来西亚 - 小红书搜索 - Google Chrome,629,mock_post_629.png,地铁 马来西亚 - 小红书搜索 - Google Chrome,2026-02-22T18:29:00,"KL daily commuter
focus on
General city transport post not related to outage or malfunction at Wangsa Maju.
People shared regular commute and station photos
No emergency notice was posted
Malaysia transport update 2024-03-16
There are 2 comments in total
author
reply
Show 3 replies
Say something",General city transport post not related to outage or malfunction at Wangsa Maju People shared regular commute and station photos No emergency notice was posted Malaysia transport update 2024 03 16 There are 2 comments in total author reply Show 3 replies Say something,0,normal_general,synthetic_mock
🇲🇾LRT停运 注意了‼️ - 小红书 - Google Chrome,630,mock_post_630.png,🇲🇾LRT停运 注意了‼️ - 小红书 - Google Chrome,2026-02-22T18:30:00,"Rapid commuter diary
focus on
LRT Kelana Jaya line had a signaling issue during peak hour and trains moved slowly at KLCC.
Passengers shared delay slip and crowding evidence during rush hour
Rapid KL staff guided queue and temporary shuttle arrangement
There are 18 comments in total
author
reply
Show 1 replies
Say something",LRT Kelana Jaya line had a signaling issue during peak hour and trains moved slowly at KLCC Passengers shared delay slip and crowding evidence during rush hour Rapid KL staff guided queue and temporary shuttle arrangement There are 18 comments in total author reply Show 1 replies Say something,1,incident_breakdown,synthetic_mock
mrtkajang问题 - 小红书搜索 - Google Chrome,631,mock_post_631.png,mrtkajang问题 - 小红书搜索 - Google Chrome,2026-02-22T18:31:00,"Little Red Potato 66A1
focus on
General city transport post not related to outage or malfunction at Wangsa Maju.
People shared regular commute and station photos
No emergency notice was posted
Malaysia transport update 2024-12-17
There are 14 comments in total
author
reply
Show 1 replies
Say something",General city transport post not related to outage or malfunction at Wangsa Maju People shared regular commute and station photos No emergency notice was posted Malaysia transport update 2024 12 17 There are 14 comments in total author reply Show 1 replies Say something,0,normal_general,synthetic_mock
lrtkelanajaya故障 - 小红书搜索 - Google Chrome,632,mock_post_632.png,lrtkelanajaya故障 - 小红书搜索 - Google Chrome,2026-02-22T18:32:00,"Little Red Potato 66A1
focus on
Power trip caused brief outage and service resumed after technicians completed repair at Putra Heights.
Passengers shared delay slip and crowding evidence during rush hour
Rapid KL staff guided queue and temporary shuttle arrangement
There are 4 comments in total
author
reply
Show 2 replies
Say something",Power trip caused brief outage and service resumed after technicians completed repair at Putra Heights Passengers shared delay slip and crowding evidence during rush hour Rapid KL staff guided queue and temporary shuttle arrangement There are 4 comments in total author reply Show 2 replies Say something,1,incident_power_outage,synthetic_mock
mrt - 小红书搜索 - Google Chrome,633,mock_post_633.png,mrt - 小红书搜索 - Google Chrome,2026-02-22T18:33:00,"KL daily commuter
focus on
Commuting to work was smooth and station crowd level was manageable today at Ampang Park.
People shared regular commute and station photos
No emergency notice was posted
Malaysia transport update 2024-05-20
There are 18 comments in total
author
reply
Show 2 replies
Say something",Commuting to work was smooth and station crowd level was manageable today at Ampang Park People shared regular commute and station photos No emergency notice was posted Malaysia transport update 2024 05 20 There are 18 comments in total author reply Show 2 replies Say something,0,normal_commute,synthetic_mock
地铁 马来西亚 - 小红书搜索 - Google Chrome,634,mock_post_634.png,地铁 马来西亚 - 小红书搜索 - Google Chrome,2026-02-22T18:34:00,"City transit watcher
focus on
Rapid KL announced temporary service disruption between KLCC and Gombak with shuttle support at Kelana Jaya.
Passengers shared delay slip and crowding evidence during rush hour
Rapid KL staff guided queue and temporary shuttle arrangement
There are 1 comments in total
author
reply
Show 3 replies
Say something",Rapid KL announced temporary service disruption between KLCC and Gombak with shuttle support at Kelana Jaya Passengers shared delay slip and crowding evidence during rush hour Rapid KL staff guided queue and temporary shuttle arrangement There are 1 comments in total author reply Show 3 replies Say something,1,incident_service_disruption,synthetic_mock
mrt fault - 小红书搜索 - Google Chrome,635,mock_post_635.png,mrt fault - 小红书搜索 - Google Chrome,2026-02-22T18:35:00,"Xiaoxuan Talk Malaysia Official
focus on
Normal operation resumed and train intervals are back to schedule at Masjid Jamek.
People shared regular commute and station photos
No emergency notice was posted
Malaysia transport update 2024-12-26
There are 11 comments in total
author
reply
Show 2 replies
Say something",Normal operation resumed and train intervals are back to schedule at Masjid Jamek People shared regular commute and station photos No emergency notice was posted Malaysia transport update 2024 12 26 There are 11 comments in total author reply Show 2 replies Say something,0,normal_operation,synthetic_mock
地铁 马来西亚 - 小红书搜索 - Google Chrome,636,mock_post_636.png,地铁 马来西亚 - 小红书搜索 - Google Chrome,2026-02-22T18:36:00,"Rapid commuter diary
focus on
LRT Kelana Jaya line had a signaling issue during peak hour and trains moved slowly at Pasar Seni.
Passengers shared delay slip and crowding evidence during rush hour
Rapid KL staff guided queue and temporary shuttle arrangement
There are 9 comments in total
author
reply
Show 2 replies
Say something",LRT Kelana Jaya line had a signaling issue during peak hour and trains moved slowly at Pasar Seni Passengers shared delay slip and crowding evidence during rush hour Rapid KL staff guided queue and temporary shuttle arrangement There are 9 comments in total author reply Show 2 replies Say something,1,incident_breakdown,synthetic_mock
mrt kajang - 小红书搜索 - Google Chrome,637,mock_post_637.png,mrt kajang - 小红书搜索 - Google Chrome,2026-02-22T18:37:00,"Leisurely kitten
focus on
No disruption observed and transfer between lines completed without waiting at KL Sentral.
People shared regular commute and station photos
No emergency notice was posted
There are 13 comments in total
author
reply
Show 1 replies
Say something",No disruption observed and transfer between lines completed without waiting at KL Sentral People shared regular commute and station photos No emergency notice was posted There are 13 comments in total author reply Show 1 replies Say something,0,normal_no_incident,synthetic_mock
🇲🇾LRT KelanajayaLine通告，列车降速 - 小红书 - Google Chrome,638,mock_post_638.png,🇲🇾LRT KelanajayaLine通告，列车降速 - 小红书 - Google Chrome,2026-02-22T18:38:00,"Rapid commuter diary
focus on
Passengers were asked to get off at Pasar Seni due to train fault and wait for replacement at Masjid Jamek.
Passengers shared delay slip and crowding evidence during rush hour
Rapid KL staff guided queue and temporary shuttle arrangement
Malaysia transport update 2026-09-16
There are 9 comments in total
author
reply
Show 2 replies
Say something",Passengers were asked to get off at Pasar Seni due to train fault and wait for replacement at Masjid Jamek Passengers shared delay slip and crowding evidence during rush hour Rapid KL staff guided queue and temporary shuttle arrangement Malaysia transport update 2026 09 16 There are 9 comments in total author reply Show 2 replies Say something,1,incident_train_fault,synthetic_mock
lrtkelanajaya故障 - 小红书搜索 - Google Chrome,639,mock_post_639.png,lrtkelanajaya故障 - 小红书搜索 - Google Chrome,2026-02-22T18:39:00,"City transit watcher
focus on
Commuting to work was smooth and station crowd level was manageable today at Wangsa Maju.
People shared regular commute and station photos
No emergency notice was posted
Malaysia transport update 2026-02-24
There are 8 comments in total
author
reply
Show 2 replies
Say something",Commuting to work was smooth and station crowd level was manageable today at Wangsa Maju People shared regular commute and station photos No emergency notice was posted Malaysia transport update 2026 02 24 There are 8 comments in total author reply Show 2 replies Say something,0,normal_commute,synthetic_mock
mrt kajang - 小红书搜索 - Google Chrome,640,mock_post_640.png,mrt kajang - 小红书搜索 - Google Chrome,2026-02-22T18:40:00,"Little Red Potato 66A1
focus on
LRT Kelana Jaya line had a signaling issue during peak hour and trains moved slowly at Universiti.
Passengers shared delay slip and crowding evidence during rush hour
Rapid KL staff guided queue and temporary shuttle arrangement
Malaysia transport update 2025-09-20
There are 2 comments in total
author
reply
Show 1 replies
Say something",LRT Kelana Jaya line had a signaling issue during peak hour and trains moved slowly at Universiti Passengers shared delay slip and crowding evidence during rush hour Rapid KL staff guided queue and temporary shuttle arrangement Malaysia transport update 2025 09 20 There are 2 comments in total author reply Show 1 replies Say something,1,incident_breakdown,synthetic_mock
lrt klcc - 小红书搜索 - Google Chrome,641,mock_post_641.png,lrt klcc - 小红书搜索 - Google Chrome,2026-02-22T18:41:00,"KL daily commuter
focus on
General city transport post not related to outage or malfunction at Kelana Jaya.
People shared regular commute and station photos
No emergency notice was posted
Malaysia transport update 2024-08-20
There are 14 comments in total
author
reply
Show 1 replies
Say something",General city transport post not related to outage or malfunction at Kelana Jaya People shared regular commute and station photos No emergency notice was posted Malaysia transport update 2024 08 20 There are 14 comments in total author reply Show 1 replies Say something,0,normal_general,synthetic_mock
🇲🇾LRT停运 注意了‼️ - 小红书 - Google Chrome,642,mock_post_642.png,🇲🇾LRT停运 注意了‼️ - 小红书 - Google Chrome,2026-02-22T18:42:00,"Leisurely kitten
focus on
Commuters reported long queue and train delay after track maintenance at Universiti station at Universiti.
Passengers shared delay slip and crowding evidence during rush hour
Rapid KL staff guided queue and temporary shuttle arrangement
Malaysia transport update 2024-12-13
There are 13 comments in total
author
reply
Show 3 replies
Say something",Commuters reported long queue and train delay after track maintenance at Universiti station at Universiti Passengers shared delay slip and crowding evidence during rush hour Rapid KL staff guided queue and temporary shuttle arrangement Malaysia transport update 2024 12 13 There are 13 comments in total author reply Show 3 replies Say something,1,incident_delay,synthetic_mock
🇲🇾LRT停运 注意了‼️ - 小红书 - Google Chrome,643,mock_post_643.png,🇲🇾LRT停运 注意了‼️ - 小红书 - Google Chrome,2026-02-22T18:43:00,"City transit watcher
focus on
Routine travel post about route tips and fare sharing at Gombak.
People shared regular commute and station photos
No emergency notice was posted
There are 2 comments in total
author
reply
Show 1 replies
Say something",Routine travel post about route tips and fare sharing at Gombak People shared regular commute and station photos No emergency notice was posted There are 2 comments in total author reply Show 1 replies Say something,0,normal_travel_tip,synthetic_mock
🇲🇾LRT KelanajayaLine通告，列车降速 - 小红书 - Google Chrome,644,mock_post_644.png,🇲🇾LRT KelanajayaLine通告，列车降速 - 小红书 - Google Chrome,2026-02-22T18:44:00,"Xiaoxuan Talk Malaysia Official
focus on
Power trip caused brief outage and service resumed after technicians completed repair at Ampang Park.
Passengers shared delay slip and crowding evidence during rush hour
Rapid KL staff guided queue and temporary shuttle arrangement
Malaysia transport update 2026-09-10
There are 7 comments in total
author
reply
Show 1 replies
Say something",Power trip caused brief outage and service resumed after technicians completed repair at Ampang Park Passengers shared delay slip and crowding evidence during rush hour Rapid KL staff guided queue and temporary shuttle arrangement Malaysia transport update 2026 09 10 There are 7 comments in total author reply Show 1 replies Say something,1,incident_power_outage,synthetic_mock
🇲🇾LRT停运 注意了‼️ - 小红书 - Google Chrome,645,mock_post_645.png,🇲🇾LRT停运 注意了‼️ - 小红书 - Google Chrome,2026-02-22T18:45:00,"City transit watcher
focus on
Routine travel post about route tips and fare sharing at Masjid Jamek.
People shared regular commute and station photos
No emergency notice was posted
Malaysia transport update 2024-11-02
There are 12 comments in total
author
reply
Show 1 replies
Say something",Routine travel post about route tips and fare sharing at Masjid Jamek People shared regular commute and station photos No emergency notice was posted Malaysia transport update 2024 11 02 There are 12 comments in total author reply Show 1 replies Say something,0,normal_travel_tip,synthetic_mock
🇲🇾LRT停运 注意了‼️ - 小红书 - Google Chrome,646,mock_post_646.png,🇲🇾LRT停运 注意了‼️ - 小红书 - Google Chrome,2026-02-22T18:46:00,"Xiaoxuan Talk Malaysia Official
focus on
LRT Kelana Jaya line had a signaling issue during peak hour and trains moved slowly at Pasar Seni.
Passengers shared delay slip and crowding evidence during rush hour
Rapid KL staff guided queue and temporary shuttle arrangement
There are 13 comments in total
author
reply
Show 2 replies
Say something",LRT Kelana Jaya line had a signaling issue during peak hour and trains moved slowly at Pasar Seni Passengers shared delay slip and crowding evidence during rush hour Rapid KL staff guided queue and temporary shuttle arrangement There are 13 comments in total author reply Show 2 replies Say something,1,incident_breakdown,synthetic_mock
地铁 马来西亚 - 小红书搜索 - Google Chrome,647,mock_post_647.png,地铁 马来西亚 - 小红书搜索 - Google Chrome,2026-02-22T18:47:00,"Little Red Potato 66A1
focus on
No disruption observed and transfer between lines completed without waiting at Wangsa Maju.
People shared regular commute and station photos
No emergency notice was posted
Malaysia transport update 2024-12-23
There are 3 comments in total
author
reply
Show 1 replies
Say something",No disruption observed and transfer between lines completed without waiting at Wangsa Maju People shared regular commute and station photos No emergency notice was posted Malaysia transport update 2024 12 23 There are 3 comments in total author reply Show 1 replies Say something,0,normal_no_incident,synthetic_mock
mrt kajang - 小红书搜索 - Google Chrome,648,mock_post_648.png,mrt kajang - 小红书搜索 - Google Chrome,2026-02-22T18:48:00,"Little Red Potato 66A1
focus on
Commuters reported long queue and train delay after track maintenance at Universiti station at Masjid Jamek.
Passengers shared delay slip and crowding evidence during rush hour
Rapid KL staff guided queue and temporary shuttle arrangement
Malaysia transport update 2025-04-20
There are 7 comments in total
author
reply
Show 2 replies
Say something",Commuters reported long queue and train delay after track maintenance at Universiti station at Masjid Jamek Passengers shared delay slip and crowding evidence during rush hour Rapid KL staff guided queue and temporary shuttle arrangement Malaysia transport update 2025 04 20 There are 7 comments in total author reply Show 2 replies Say something,1,incident_delay,synthetic_mock
mrt - 小红书搜索 - Google Chrome,649,mock_post_649.png,mrt - 小红书搜索 - Google Chrome,2026-02-22T18:49:00,"Leisurely kitten
focus on
Routine travel post about route tips and fare sharing at Kelana Jaya.
People shared regular commute and station photos
No emergency notice was posted
Malaysia transport update 2026-02-18
There are 3 comments in total
author
reply
Show 3 replies
Say something",Routine travel post about route tips and fare sharing at Kelana Jaya People shared regular commute and station photos No emergency notice was posted Malaysia transport update 2026 02 18 There are 3 comments in total author reply Show 3 replies Say something,0,normal_travel_tip,synthetic_mock
mrtkajang问题 - 小红书搜索 - Google Chrome,650,mock_post_650.png,mrtkajang问题 - 小红书搜索 - Google Chrome,2026-02-22T18:50:00,"KL daily commuter
focus on
Commuters reported long queue and train delay after track maintenance at Universiti station at KLCC.
Passengers shared delay slip and crowding evidence during rush hour
Rapid KL staff guided queue and temporary shuttle arrangement
Malaysia transport update 2025-09-27
There are 9 comments in total
author
reply
Show 3 replies
Say something",Commuters reported long queue and train delay after track maintenance at Universiti station at KLCC Passengers shared delay slip and crowding evidence during rush hour Rapid KL staff guided queue and temporary shuttle arrangement Malaysia transport update 2025 09 27 There are 9 comments in total author reply Show 3 replies Say something,1,incident_delay,synthetic_mock
🇲🇾LRT停运 注意了‼️ - 小红书 - Google Chrome,651,mock_post_651.png,🇲🇾LRT停运 注意了‼️ - 小红书 - Google Chrome,2026-02-22T18:51:00,"Rapid commuter diary
focus on
No disruption observed and transfer between lines completed without waiting at KL Sentral.
People shared regular commute and station photos
No emergency notice was posted
There are 11 comments in total
author
reply
Show 2 replies
Say something",No disruption observed and transfer between lines completed without waiting at KL Sentral People shared regular commute and station photos No emergency notice was posted There are 11 comments in total author reply Show 2 replies Say something,0,normal_no_incident,synthetic_mock
lrtkelanajaya线 - 小红书搜索 - Google Chrome,652,mock_post_652.png,lrtkelanajaya线 - 小红书搜索 - Google Chrome,2026-02-22T18:52:00,"KL daily commuter
focus on
Power trip caused brief outage and service resumed after technicians completed repair at KL Sentral.
Passengers shared delay slip and crowding evidence during rush hour
Rapid KL staff guided queue and temporary shuttle arrangement
Malaysia transport update 2024-05-03
There are 13 comments in total
author
reply
Show 3 replies
Say something",Power trip caused brief outage and service resumed after technicians completed repair at KL Sentral Passengers shared delay slip and crowding evidence during rush hour Rapid KL staff guided queue and temporary shuttle arrangement Malaysia transport update 2024 05 03 There are 13 comments in total author reply Show 3 replies Say something,1,incident_power_outage,synthetic_mock
mrt - 小红书搜索 - Google Chrome,653,mock_post_653.png,mrt - 小红书搜索 - Google Chrome,2026-02-22T18:53:00,"KL daily commuter
focus on
General city transport post not related to outage or malfunction at Universiti.
People shared regular commute and station photos
No emergency notice was posted
Malaysia transport update 2025-09-18
There are 1 comments in total
author
reply
Show 3 replies
Say something",General city transport post not related to outage or malfunction at Universiti People shared regular commute and station photos No emergency notice was posted Malaysia transport update 2025 09 18 There are 1 comments in total author reply Show 3 replies Say something,0,normal_general,synthetic_mock
mrtkajang问题 - 小红书搜索 - Google Chrome,654,mock_post_654.png,mrtkajang问题 - 小红书搜索 - Google Chrome,2026-02-22T18:54:00,"Xiaoxuan Talk Malaysia Official
focus on
Rapid KL announced temporary service disruption between KLCC and Gombak with shuttle support at Gombak.
Passengers shared delay slip and crowding evidence during rush hour
Rapid KL staff guided queue and temporary shuttle arrangement
Malaysia transport update 2026-06-03
There are 18 comments in total
author
reply
Show 1 replies
Say something",Rapid KL announced temporary service disruption between KLCC and Gombak with shuttle support at Gombak Passengers shared delay slip and crowding evidence during rush hour Rapid KL staff guided queue and temporary shuttle arrangement Malaysia transport update 2026 06 03 There are 18 comments in total author reply Show 1 replies Say something,1,incident_service_disruption,synthetic_mock
🇲🇾LRT停运 注意了‼️ - 小红书 - Google Chrome,655,mock_post_655.png,🇲🇾LRT停运 注意了‼️ - 小红书 - Google Chrome,2026-02-22T18:55:00,"Ootashi store
focus on
Commuting to work was smooth and station crowd level was manageable today at Putra Heights.
People shared regular commute and station photos
No emergency notice was posted
There are 9 comments in total
author
reply
Show 1 replies
Say something",Commuting to work was smooth and station crowd level was manageable today at Putra Heights People shared regular commute and station photos No emergency notice was posted There are 9 comments in total author reply Show 1 replies Say something,0,normal_commute,synthetic_mock
lrtkelanajaya线 - 小红书搜索 - Google Chrome,656,mock_post_656.png,lrtkelanajaya线 - 小红书搜索 - Google Chrome,2026-02-22T18:56:00,"City transit watcher
focus on
Rapid KL announced temporary service disruption between KLCC and Gombak with shuttle support at Ampang Park.
Passengers shared delay slip and crowding evidence during rush hour
Rapid KL staff guided queue and temporary shuttle arrangement
Malaysia transport update 2026-04-28
There are 9 comments in total
author
reply
Show 1 replies
Say something",Rapid KL announced temporary service disruption between KLCC and Gombak with shuttle support at Ampang Park Passengers shared delay slip and crowding evidence during rush hour Rapid KL staff guided queue and temporary shuttle arrangement Malaysia transport update 2026 04 28 There are 9 comments in total author reply Show 1 replies Say something,1,incident_service_disruption,synthetic_mock
lrt klcc - 小红书搜索 - Google Chrome,657,mock_post_657.png,lrt klcc - 小红书搜索 - Google Chrome,2026-02-22T18:57:00,"KL daily commuter
focus on
Service update says all lines are stable with no major delay this morning at Universiti.
People shared regular commute and station photos
No emergency notice was posted
There are 5 comments in total
author
reply
Show 1 replies
Say something",Service update says all lines are stable with no major delay this morning at Universiti People shared regular commute and station photos No emergency notice was posted There are 5 comments in total author reply Show 1 replies Say something,0,normal_update,synthetic_mock
🇲🇾LRT KelanajayaLine通告，列车降速 - 小红书 - Google Chrome,658,mock_post_658.png,🇲🇾LRT KelanajayaLine通告，列车降速 - 小红书 - Google Chrome,2026-02-22T18:58:00,"Little Red Potato 66A1
focus on
LRT Kelana Jaya line had a signaling issue during peak hour and trains moved slowly at Ampang Park.
Passengers shared delay slip and crowding evidence during rush hour
Rapid KL staff guided queue and temporary shuttle arrangement
Malaysia transport update 2026-01-28
There are 16 comments in total
author
reply
Show 2 replies
Say something",LRT Kelana Jaya line had a signaling issue during peak hour and trains moved slowly at Ampang Park Passengers shared delay slip and crowding evidence during rush hour Rapid KL staff guided queue and temporary shuttle arrangement Malaysia transport update 2026 01 28 There are 16 comments in total author reply Show 2 replies Say something,1,incident_breakdown,synthetic_mock
地铁 马来西亚 - 小红书搜索 - Google Chrome,659,mock_post_659.png,地铁 马来西亚 - 小红书搜索 - Google Chrome,2026-02-22T18:59:00,"Little Red Potato 66A1
focus on
Commuting to work was smooth and station crowd level was manageable today at Ampang Park.
People shared regular commute and station photos
No emergency notice was posted
There are 16 comments in total
author
reply
Show 1 replies
Say something",Commuting to work was smooth and station crowd level was manageable today at Ampang Park People shared regular commute and station photos No emergency notice was posted There are 16 comments in total author reply Show 1 replies Say something,0,normal_commute,synthetic_mock
地铁 马来西亚 - 小红书搜索 - Google Chrome,660,mock_post_660.png,地铁 马来西亚 - 小红书搜索 - Google Chrome,2026-02-22T19:00:00,"Ootashi store
focus on
Commuters reported long queue and train delay after track maintenance at Universiti station at Wangsa Maju.
Passengers shared delay slip and crowding evidence during rush hour
Rapid KL staff guided queue and temporary shuttle arrangement
There are 5 comments in total
author
reply
Show 1 replies
Say something",Commuters reported long queue and train delay after track maintenance at Universiti station at Wangsa Maju Passengers shared delay slip and crowding evidence during rush hour Rapid KL staff guided queue and temporary shuttle arrangement There are 5 comments in total author reply Show 1 replies Say something,1,incident_delay,synthetic_mock
lrt klcc - 小红书搜索 - Google Chrome,661,mock_post_661.png,lrt klcc - 小红书搜索 - Google Chrome,2026-02-22T19:01:00,"Little Red Potato 66A1
focus on
No disruption observed and transfer between lines completed without waiting at Ampang Park.
People shared regular commute and station photos
No emergency notice was posted
Malaysia transport update 2025-07-28
There are 6 comments in total
author
reply
Show 2 replies
Say something",No disruption observed and transfer between lines completed without waiting at Ampang Park People shared regular commute and station photos No emergency notice was posted Malaysia transport update 2025 07 28 There are 6 comments in total author reply Show 2 replies Say something,0,normal_no_incident,synthetic_mock
🇲🇾LRT KelanajayaLine通告，列车降速 - 小红书 - Google Chrome,662,mock_post_662.png,🇲🇾LRT KelanajayaLine通告，列车降速 - 小红书 - Google Chrome,2026-02-22T19:02:00,"Rapid commuter diary
focus on
Kelana Jaya line maintenance phase affected frequency and caused crowding at stations at Masjid Jamek.
Passengers shared delay slip and crowding evidence during rush hour
Rapid KL staff guided queue and temporary shuttle arrangement
Malaysia transport update 2024-01-22
There are 7 comments in total
author
reply
Show 2 replies
Say something",Kelana Jaya line maintenance phase affected frequency and caused crowding at stations at Masjid Jamek Passengers shared delay slip and crowding evidence during rush hour Rapid KL staff guided queue and temporary shuttle arrangement Malaysia transport update 2024 01 22 There are 7 comments in total author reply Show 2 replies Say something,1,incident_maintenance_impact,synthetic_mock
地铁 马来西亚 - 小红书搜索 - Google Chrome,663,mock_post_663.png,地铁 马来西亚 - 小红书搜索 - Google Chrome,2026-02-22T19:03:00,"Leisurely kitten
focus on
Normal operation resumed and train intervals are back to schedule at Putra Heights.
People shared regular commute and station photos
No emergency notice was posted
There are 9 comments in total
author
reply
Show 1 replies
Say something",Normal operation resumed and train intervals are back to schedule at Putra Heights People shared regular commute and station photos No emergency notice was posted There are 9 comments in total author reply Show 1 replies Say something,0,normal_operation,synthetic_mock
mrt kajang - 小红书搜索 - Google Chrome,664,mock_post_664.png,mrt kajang - 小红书搜索 - Google Chrome,2026-02-22T19:04:00,"Leisurely kitten
focus on
Commuters reported long queue and train delay after track maintenance at Universiti station at Universiti.
Passengers shared delay slip and crowding evidence during rush hour
Rapid KL staff guided queue and temporary shuttle arrangement
Malaysia transport update 2026-06-12
There are 6 comments in total
author
reply
Show 2 replies
Say something",Commuters reported long queue and train delay after track maintenance at Universiti station at Universiti Passengers shared delay slip and crowding evidence during rush hour Rapid KL staff guided queue and temporary shuttle arrangement Malaysia transport update 2026 06 12 There are 6 comments in total author reply Show 2 replies Say something,1,incident_delay,synthetic_mock
mrt - 小红书搜索 - Google Chrome,665,mock_post_665.png,mrt - 小红书搜索 - Google Chrome,2026-02-22T19:05:00,"City transit watcher
focus on
Service update says all lines are stable with no major delay this morning at Wangsa Maju.
People shared regular commute and station photos
No emergency notice was posted
There are 12 comments in total
author
reply
Show 2 replies
Say something",Service update says all lines are stable with no major delay this morning at Wangsa Maju People shared regular commute and station photos No emergency notice was posted There are 12 comments in total author reply Show 2 replies Say something,0,normal_update,synthetic_mock
mrt - 小红书搜索 - Google Chrome,666,mock_post_666.png,mrt - 小红书搜索 - Google Chrome,2026-02-22T19:06:00,"Little Red Potato 66A1
focus on
Power trip caused brief outage and service resumed after technicians completed repair at Pasar Seni.
Passengers shared delay slip and crowding evidence during rush hour
Rapid KL staff guided queue and temporary shuttle arrangement
Malaysia transport update 2026-11-08
There are 4 comments in total
author
reply
Show 3 replies
Say something",Power trip caused brief outage and service resumed after technicians completed repair at Pasar Seni Passengers shared delay slip and crowding evidence during rush hour Rapid KL staff guided queue and temporary shuttle arrangement Malaysia transport update 2026 11 08 There are 4 comments in total author reply Show 3 replies Say something,1,incident_power_outage,synthetic_mock
lrtkelanajaya故障 - 小红书搜索 - Google Chrome,667,mock_post_667.png,lrtkelanajaya故障 - 小红书搜索 - Google Chrome,2026-02-22T19:07:00,"Rapid commuter diary
focus on
Service update says all lines are stable with no major delay this morning at Masjid Jamek.
People shared regular commute and station photos
No emergency notice was posted
There are 7 comments in total
author
reply
Show 1 replies
Say something",Service update says all lines are stable with no major delay this morning at Masjid Jamek People shared regular commute and station photos No emergency notice was posted There are 7 comments in total author reply Show 1 replies Say something,0,normal_update,synthetic_mock
mrt fault - 小红书搜索 - Google Chrome,668,mock_post_668.png,mrt fault - 小红书搜索 - Google Chrome,2026-02-22T19:08:00,"Ootashi store
focus on
Power trip caused brief outage and service resumed after technicians completed repair at Kelana Jaya.
Passengers shared delay slip and crowding evidence during rush hour
Rapid KL staff guided queue and temporary shuttle arrangement
Malaysia transport update 2024-11-17
There are 18 comments in total
author
reply
Show 3 replies
Say something",Power trip caused brief outage and service resumed after technicians completed repair at Kelana Jaya Passengers shared delay slip and crowding evidence during rush hour Rapid KL staff guided queue and temporary shuttle arrangement Malaysia transport update 2024 11 17 There are 18 comments in total author reply Show 3 replies Say something,1,incident_power_outage,synthetic_mock
lrt klcc - 小红书搜索 - Google Chrome,669,mock_post_669.png,lrt klcc - 小红书搜索 - Google Chrome,2026-02-22T19:09:00,"Leisurely kitten
focus on
No disruption observed and transfer between lines completed without waiting at Gombak.
People shared regular commute and station photos
No emergency notice was posted
There are 2 comments in total
author
reply
Show 2 replies
Say something",No disruption observed and transfer between lines completed without waiting at Gombak People shared regular commute and station photos No emergency notice was posted There are 2 comments in total author reply Show 2 replies Say something,0,normal_no_incident,synthetic_mock
mrt fault - 小红书搜索 - Google Chrome,670,mock_post_670.png,mrt fault - 小红书搜索 - Google Chrome,2026-02-22T19:10:00,"Xiaoxuan Talk Malaysia Official
focus on
Kelana Jaya line maintenance phase affected frequency and caused crowding at stations at Pasar Seni.
Passengers shared delay slip and crowding evidence during rush hour
Rapid KL staff guided queue and temporary shuttle arrangement
Malaysia transport update 2025-08-27
There are 4 comments in total
author
reply
Show 2 replies
Say something",Kelana Jaya line maintenance phase affected frequency and caused crowding at stations at Pasar Seni Passengers shared delay slip and crowding evidence during rush hour Rapid KL staff guided queue and temporary shuttle arrangement Malaysia transport update 2025 08 27 There are 4 comments in total author reply Show 2 replies Say something,1,incident_maintenance_impact,synthetic_mock
lrt is bad again - Xiaohongshu search - Google Chrome,671,mock_post_671.png,lrt is bad again - Xiaohongshu search - Google Chrome,2026-02-22T19:11:00,"Leisurely kitten
focus on
Commuting to work was smooth and station crowd level was manageable today at Putra Heights.
People shared regular commute and station photos
No emergency notice was posted
There are 9 comments in total
author
reply
Show 2 replies
Say something",Commuting to work was smooth and station crowd level was manageable today at Putra Heights People shared regular commute and station photos No emergency notice was posted There are 9 comments in total author reply Show 2 replies Say something,0,normal_commute,synthetic_mock
🇲🇾LRT KelanajayaLine通告，列车降速 - 小红书 - Google Chrome,672,mock_post_672.png,🇲🇾LRT KelanajayaLine通告，列车降速 - 小红书 - Google Chrome,2026-02-22T19:12:00,"Leisurely kitten
focus on
Power trip caused brief outage and service resumed after technicians completed repair at KLCC.
Passengers shared delay slip and crowding evidence during rush hour
Rapid KL staff guided queue and temporary shuttle arrangement
There are 7 comments in total
author
reply
Show 3 replies
Say something",Power trip caused brief outage and service resumed after technicians completed repair at KLCC Passengers shared delay slip and crowding evidence during rush hour Rapid KL staff guided queue and temporary shuttle arrangement There are 7 comments in total author reply Show 3 replies Say something,1,incident_power_outage,synthetic_mock
mrt fault - 小红书搜索 - Google Chrome,673,mock_post_673.png,mrt fault - 小红书搜索 - Google Chrome,2026-02-22T19:13:00,"Ootashi store
focus on
General city transport post not related to outage or malfunction at Masjid Jamek.
People shared regular commute and station photos
No emergency notice was posted
There are 10 comments in total
author
reply
Show 2 replies
Say something",General city transport post not related to outage or malfunction at Masjid Jamek People shared regular commute and station photos No emergency notice was posted There are 10 comments in total author reply Show 2 replies Say something,0,normal_general,synthetic_mock
mrt kajang - 小红书搜索 - Google Chrome,674,mock_post_674.png,mrt kajang - 小红书搜索 - Google Chrome,2026-02-22T19:14:00,"Rapid commuter diary
focus on
Kelana Jaya line maintenance phase affected frequency and caused crowding at stations at Masjid Jamek.
Passengers shared delay slip and crowding evidence during rush hour
Rapid KL staff guided queue and temporary shuttle arrangement
There are 15 comments in total
author
reply
Show 1 replies
Say something",Kelana Jaya line maintenance phase affected frequency and caused crowding at stations at Masjid Jamek Passengers shared delay slip and crowding evidence during rush hour Rapid KL staff guided queue and temporary shuttle arrangement There are 15 comments in total author reply Show 1 replies Say something,1,incident_maintenance_impact,synthetic_mock
🇲🇾LRT停运 注意了‼️ - 小红书 - Google Chrome,675,mock_post_675.png,🇲🇾LRT停运 注意了‼️ - 小红书 - Google Chrome,2026-02-22T19:15:00,"Rapid commuter diary
focus on
Routine travel post about route tips and fare sharing at Gombak.
People shared regular commute and station photos
No emergency notice was posted
There are 5 comments in total
author
reply
Show 1 replies
Say something",Routine travel post about route tips and fare sharing at Gombak People shared regular commute and station photos No emergency notice was posted There are 5 comments in total author reply Show 1 replies Say something,0,normal_travel_tip,synthetic_mock
lrt klcc - 小红书搜索 - Google Chrome,676,mock_post_676.png,lrt klcc - 小红书搜索 - Google Chrome,2026-02-22T19:16:00,"City transit watcher
focus on
Commuters reported long queue and train delay after track maintenance at Universiti station at Wangsa Maju.
Passengers shared delay slip and crowding evidence during rush hour
Rapid KL staff guided queue and temporary shuttle arrangement
There are 13 comments in total
author
reply
Show 1 replies
Say something",Commuters reported long queue and train delay after track maintenance at Universiti station at Wangsa Maju Passengers shared delay slip and crowding evidence during rush hour Rapid KL staff guided queue and temporary shuttle arrangement There are 13 comments in total author reply Show 1 replies Say something,1,incident_delay,synthetic_mock
🇲🇾LRT停运 注意了‼️ - 小红书 - Google Chrome,677,mock_post_677.png,🇲🇾LRT停运 注意了‼️ - 小红书 - Google Chrome,2026-02-22T19:17:00,"Ootashi store
focus on
Service update says all lines are stable with no major delay this morning at Putra Heights.
People shared regular commute and station photos
No emergency notice was posted
Malaysia transport update 2026-05-23
There are 9 comments in total
author
reply
Show 3 replies
Say something",Service update says all lines are stable with no major delay this morning at Putra Heights People shared regular commute and station photos No emergency notice was posted Malaysia transport update 2026 05 23 There are 9 comments in total author reply Show 3 replies Say something,0,normal_update,synthetic_mock
🇲🇾LRT KelanajayaLine通告，列车降速 - 小红书 - Google Chrome,678,mock_post_678.png,🇲🇾LRT KelanajayaLine通告，列车降速 - 小红书 - Google Chrome,2026-02-22T19:18:00,"Rapid commuter diary
focus on
Power trip caused brief outage and service resumed after technicians completed repair at Gombak.
Passengers shared delay slip and crowding evidence during rush hour
Rapid KL staff guided queue and temporary shuttle arrangement
There are 12 comments in total
author
reply
Show 3 replies
Say something",Power trip caused brief outage and service resumed after technicians completed repair at Gombak Passengers shared delay slip and crowding evidence during rush hour Rapid KL staff guided queue and temporary shuttle arrangement There are 12 comments in total author reply Show 3 replies Say something,1,incident_power_outage,synthetic_mock
mrt - 小红书搜索 - Google Chrome,679,mock_post_679.png,mrt - 小红书搜索 - Google Chrome,2026-02-22T19:19:00,"Rapid commuter diary
focus on
Routine travel post about route tips and fare sharing at Ampang Park.
People shared regular commute and station photos
No emergency notice was posted
Malaysia transport update 2024-03-24
There are 8 comments in total
author
reply
Show 3 replies
Say something",Routine travel post about route tips and fare sharing at Ampang Park People shared regular commute and station photos No emergency notice was posted Malaysia transport update 2024 03 24 There are 8 comments in total author reply Show 3 replies Say something,0,normal_travel_tip,synthetic_mock
lrt is bad again - Xiaohongshu search - Google Chrome,680,mock_post_680.png,lrt is bad again - Xiaohongshu search - Google Chrome,2026-02-22T19:20:00,"Ootashi store
focus on
Kelana Jaya line maintenance phase affected frequency and caused crowding at stations at KLCC.
Passengers shared delay slip and crowding evidence during rush hour
Rapid KL staff guided queue and temporary shuttle arrangement
Malaysia transport update 2024-02-03
There are 16 comments in total
author
reply
Show 3 replies
Say something",Kelana Jaya line maintenance phase affected frequency and caused crowding at stations at KLCC Passengers shared delay slip and crowding evidence during rush hour Rapid KL staff guided queue and temporary shuttle arrangement Malaysia transport update 2024 02 03 There are 16 comments in total author reply Show 3 replies Say something,1,incident_maintenance_impact,synthetic_mock
mrt - 小红书搜索 - Google Chrome,681,mock_post_681.png,mrt - 小红书搜索 - Google Chrome,2026-02-22T19:21:00,"Little Red Potato 66A1
focus on
Normal operation resumed and train intervals are back to schedule at Wangsa Maju.
People shared regular commute and station photos
No emergency notice was posted
There are 3 comments in total
author
reply
Show 1 replies
Say something",Normal operation resumed and train intervals are back to schedule at Wangsa Maju People shared regular commute and station photos No emergency notice was posted There are 3 comments in total author reply Show 1 replies Say something,0,normal_operation,synthetic_mock
lrtkelanajaya线 - 小红书搜索 - Google Chrome,682,mock_post_682.png,lrtkelanajaya线 - 小红书搜索 - Google Chrome,2026-02-22T19:22:00,"Xiaoxuan Talk Malaysia Official
focus on
Passengers were asked to get off at Pasar Seni due to train fault and wait for replacement at Pasar Seni.
Passengers shared delay slip and crowding evidence during rush hour
Rapid KL staff guided queue and temporary shuttle arrangement
There are 13 comments in total
author
reply
Show 2 replies
Say something",Passengers were asked to get off at Pasar Seni due to train fault and wait for replacement at Pasar Seni Passengers shared delay slip and crowding evidence during rush hour Rapid KL staff guided queue and temporary shuttle arrangement There are 13 comments in total author reply Show 2 replies Say something,1,incident_train_fault,synthetic_mock
lrtkelanajaya故障 - 小红书搜索 - Google Chrome,683,mock_post_683.png,lrtkelanajaya故障 - 小红书搜索 - Google Chrome,2026-02-22T19:23:00,"Rapid commuter diary
focus on
Service update says all lines are stable with no major delay this morning at Gombak.
People shared regular commute and station photos
No emergency notice was posted
There are 5 comments in total
author
reply
Show 3 replies
Say something",Service update says all lines are stable with no major delay this morning at Gombak People shared regular commute and station photos No emergency notice was posted There are 5 comments in total author reply Show 3 replies Say something,0,normal_update,synthetic_mock
地铁 马来西亚 - 小红书搜索 - Google Chrome,684,mock_post_684.png,地铁 马来西亚 - 小红书搜索 - Google Chrome,2026-02-22T19:24:00,"City transit watcher
focus on
LRT Kelana Jaya line had a signaling issue during peak hour and trains moved slowly at Kelana Jaya.
Passengers shared delay slip and crowding evidence during rush hour
Rapid KL staff guided queue and temporary shuttle arrangement
Malaysia transport update 2025-08-15
There are 18 comments in total
author
reply
Show 2 replies
Say something",LRT Kelana Jaya line had a signaling issue during peak hour and trains moved slowly at Kelana Jaya Passengers shared delay slip and crowding evidence during rush hour Rapid KL staff guided queue and temporary shuttle arrangement Malaysia transport update 2025 08 15 There are 18 comments in total author reply Show 2 replies Say something,1,incident_breakdown,synthetic_mock
🇲🇾LRT停运 注意了‼️ - 小红书 - Google Chrome,685,mock_post_685.png,🇲🇾LRT停运 注意了‼️ - 小红书 - Google Chrome,2026-02-22T19:25:00,"City transit watcher
focus on
No disruption observed and transfer between lines completed without waiting at Pasar Seni.
People shared regular commute and station photos
No emergency notice was posted
Malaysia transport update 2026-10-15
There are 14 comments in total
author
reply
Show 3 replies
Say something",No disruption observed and transfer between lines completed without waiting at Pasar Seni People shared regular commute and station photos No emergency notice was posted Malaysia transport update 2026 10 15 There are 14 comments in total author reply Show 3 replies Say something,0,normal_no_incident,synthetic_mock
lrtkelanajaya线 - 小红书搜索 - Google Chrome,686,mock_post_686.png,lrtkelanajaya线 - 小红书搜索 - Google Chrome,2026-02-22T19:26:00,"Leisurely kitten
focus on
Kelana Jaya line maintenance phase affected frequency and caused crowding at stations at Masjid Jamek.
Passengers shared delay slip and crowding evidence during rush hour
Rapid KL staff guided queue and temporary shuttle arrangement
There are 16 comments in total
author
reply
Show 3 replies
Say something",Kelana Jaya line maintenance phase affected frequency and caused crowding at stations at Masjid Jamek Passengers shared delay slip and crowding evidence during rush hour Rapid KL staff guided queue and temporary shuttle arrangement There are 16 comments in total author reply Show 3 replies Say something,1,incident_maintenance_impact,synthetic_mock
地铁 马来西亚 - 小红书搜索 - Google Chrome,687,mock_post_687.png,地铁 马来西亚 - 小红书搜索 - Google Chrome,2026-02-22T19:27:00,"Leisurely kitten
focus on
Normal operation resumed and train intervals are back to schedule at Ampang Park.
People shared regular commute and station photos
No emergency notice was posted
Malaysia transport update 2025-03-10
There are 1 comments in total
author
reply
Show 1 replies
Say something",Normal operation resumed and train intervals are back to schedule at Ampang Park People shared regular commute and station photos No emergency notice was posted Malaysia transport update 2025 03 10 There are 1 comments in total author reply Show 1 replies Say something,0,normal_operation,synthetic_mock
lrt is bad again - Xiaohongshu search - Google Chrome,688,mock_post_688.png,lrt is bad again - Xiaohongshu search - Google Chrome,2026-02-22T19:28:00,"Leisurely kitten
focus on
Rapid KL announced temporary service disruption between KLCC and Gombak with shuttle support at Putra Heights.
Passengers shared delay slip and crowding evidence during rush hour
Rapid KL staff guided queue and temporary shuttle arrangement
Malaysia transport update 2024-12-16
There are 16 comments in total
author
reply
Show 2 replies
Say something",Rapid KL announced temporary service disruption between KLCC and Gombak with shuttle support at Putra Heights Passengers shared delay slip and crowding evidence during rush hour Rapid KL staff guided queue and temporary shuttle arrangement Malaysia transport update 2024 12 16 There are 16 comments in total author reply Show 2 replies Say something,1,incident_service_disruption,synthetic_mock
地铁 马来西亚 - 小红书搜索 - Google Chrome,689,mock_post_689.png,地铁 马来西亚 - 小红书搜索 - Google Chrome,2026-02-22T19:29:00,"Little Red Potato 66A1
focus on
No disruption observed and transfer between lines completed without waiting at Gombak.
People shared regular commute and station photos
No emergency notice was posted
Malaysia transport update 2024-09-12
There are 7 comments in total
author
reply
Show 2 replies
Say something",No disruption observed and transfer between lines completed without waiting at Gombak People shared regular commute and station photos No emergency notice was posted Malaysia transport update 2024 09 12 There are 7 comments in total author reply Show 2 replies Say something,0,normal_no_incident,synthetic_mock
mrt - 小红书搜索 - Google Chrome,690,mock_post_690.png,mrt - 小红书搜索 - Google Chrome,2026-02-22T19:30:00,"Ootashi store
focus on
Power trip caused brief outage and service resumed after technicians completed repair at Wangsa Maju.
Passengers shared delay slip and crowding evidence during rush hour
Rapid KL staff guided queue and temporary shuttle arrangement
Malaysia transport update 2026-11-13
There are 13 comments in total
author
reply
Show 1 replies
Say something",Power trip caused brief outage and service resumed after technicians completed repair at Wangsa Maju Passengers shared delay slip and crowding evidence during rush hour Rapid KL staff guided queue and temporary shuttle arrangement Malaysia transport update 2026 11 13 There are 13 comments in total author reply Show 1 replies Say something,1,incident_power_outage,synthetic_mock
🇲🇾LRT停运 注意了‼️ - 小红书 - Google Chrome,691,mock_post_691.png,🇲🇾LRT停运 注意了‼️ - 小红书 - Google Chrome,2026-02-22T19:31:00,"City transit watcher
focus on
Normal operation resumed and train intervals are back to schedule at Wangsa Maju.
People shared regular commute and station photos
No emergency notice was posted
Malaysia transport update 2026-12-22
There are 9 comments in total
author
reply
Show 2 replies
Say something",Normal operation resumed and train intervals are back to schedule at Wangsa Maju People shared regular commute and station photos No emergency notice was posted Malaysia transport update 2026 12 22 There are 9 comments in total author reply Show 2 replies Say something,0,normal_operation,synthetic_mock
lrt klcc - 小红书搜索 - Google Chrome,692,mock_post_692.png,lrt klcc - 小红书搜索 - Google Chrome,2026-02-22T19:32:00,"KL daily commuter
focus on
Kelana Jaya line maintenance phase affected frequency and caused crowding at stations at Masjid Jamek.
Passengers shared delay slip and crowding evidence during rush hour
Rapid KL staff guided queue and temporary shuttle arrangement
Malaysia transport update 2024-02-06
There are 5 comments in total
author
reply
Show 2 replies
Say something",Kelana Jaya line maintenance phase affected frequency and caused crowding at stations at Masjid Jamek Passengers shared delay slip and crowding evidence during rush hour Rapid KL staff guided queue and temporary shuttle arrangement Malaysia transport update 2024 02 06 There are 5 comments in total author reply Show 2 replies Say something,1,incident_maintenance_impact,synthetic_mock
lrt is bad again - Xiaohongshu search - Google Chrome,693,mock_post_693.png,lrt is bad again - Xiaohongshu search - Google Chrome,2026-02-22T19:33:00,"Little Red Potato 66A1
focus on
General city transport post not related to outage or malfunction at Ampang Park.
People shared regular commute and station photos
No emergency notice was posted
Malaysia transport update 2026-10-16
There are 7 comments in total
author
reply
Show 2 replies
Say something",General city transport post not related to outage or malfunction at Ampang Park People shared regular commute and station photos No emergency notice was posted Malaysia transport update 2026 10 16 There are 7 comments in total author reply Show 2 replies Say something,0,normal_general,synthetic_mock
mrtkajang问题 - 小红书搜索 - Google Chrome,694,mock_post_694.png,mrtkajang问题 - 小红书搜索 - Google Chrome,2026-02-22T19:34:00,"Little Red Potato 66A1
focus on
Rapid KL announced temporary service disruption between KLCC and Gombak with shuttle support at Kelana Jaya.
Passengers shared delay slip and crowding evidence during rush hour
Rapid KL staff guided queue and temporary shuttle arrangement
Malaysia transport update 2024-05-09
There are 5 comments in total
author
reply
Show 3 replies
Say something",Rapid KL announced temporary service disruption between KLCC and Gombak with shuttle support at Kelana Jaya Passengers shared delay slip and crowding evidence during rush hour Rapid KL staff guided queue and temporary shuttle arrangement Malaysia transport update 2024 05 09 There are 5 comments in total author reply Show 3 replies Say something,1,incident_service_disruption,synthetic_mock
mrt - 小红书搜索 - Google Chrome,695,mock_post_695.png,mrt - 小红书搜索 - Google Chrome,2026-02-22T19:35:00,"Ootashi store
focus on
General city transport post not related to outage or malfunction at Kelana Jaya.
People shared regular commute and station photos
No emergency notice was posted
Malaysia transport update 2024-08-07
There are 11 comments in total
author
reply
Show 2 replies
Say something",General city transport post not related to outage or malfunction at Kelana Jaya People shared regular commute and station photos No emergency notice was posted Malaysia transport update 2024 08 07 There are 11 comments in total author reply Show 2 replies Say something,0,normal_general,synthetic_mock
lrt klcc - 小红书搜索 - Google Chrome,696,mock_post_696.png,lrt klcc - 小红书搜索 - Google Chrome,2026-02-22T19:36:00,"Rapid commuter diary
focus on
Power trip caused brief outage and service resumed after technicians completed repair at Putra Heights.
Passengers shared delay slip and crowding evidence during rush hour
Rapid KL staff guided queue and temporary shuttle arrangement
There are 2 comments in total
author
reply
Show 2 replies
Say something",Power trip caused brief outage and service resumed after technicians completed repair at Putra Heights Passengers shared delay slip and crowding evidence during rush hour Rapid KL staff guided queue and temporary shuttle arrangement There are 2 comments in total author reply Show 2 replies Say something,1,incident_power_outage,synthetic_mock
mrtkajang问题 - 小红书搜索 - Google Chrome,697,mock_post_697.png,mrtkajang问题 - 小红书搜索 - Google Chrome,2026-02-22T19:37:00,"Leisurely kitten
focus on
Service update says all lines are stable with no major delay this morning at Kelana Jaya.
People shared regular commute and station photos
No emergency notice was posted
There are 3 comments in total
author
reply
Show 3 replies
Say something",Service update says all lines are stable with no major delay this morning at Kelana Jaya People shared regular commute and station photos No emergency notice was posted There are 3 comments in total author reply Show 3 replies Say something,0,normal_update,synthetic_mock
mrtkajang问题 - 小红书搜索 - Google Chrome,698,mock_post_698.png,mrtkajang问题 - 小红书搜索 - Google Chrome,2026-02-22T19:38:00,"KL daily commuter
focus on
Rapid KL announced temporary service disruption between KLCC and Gombak with shuttle support at Universiti.
Passengers shared delay slip and crowding evidence during rush hour
Rapid KL staff guided queue and temporary shuttle arrangement
Malaysia transport update 2025-01-04
There are 8 comments in total
author
reply
Show 2 replies
Say something",Rapid KL announced temporary service disruption between KLCC and Gombak with shuttle support at Universiti Passengers shared delay slip and crowding evidence during rush hour Rapid KL staff guided queue and temporary shuttle arrangement Malaysia transport update 2025 01 04 There are 8 comments in total author reply Show 2 replies Say something,1,incident_service_disruption,synthetic_mock
mrt kajang - 小红书搜索 - Google Chrome,699,mock_post_699.png,mrt kajang - 小红书搜索 - Google Chrome,2026-02-22T19:39:00,"Ootashi store
focus on
Service update says all lines are stable with no major delay this morning at Kelana Jaya.
People shared regular commute and station photos
No emergency notice was posted
Malaysia transport update 2024-09-22
There are 7 comments in total
author
reply
Show 2 replies
Say something",Service update says all lines are stable with no major delay this morning at Kelana Jaya People shared regular commute and station photos No emergency notice was posted Malaysia transport update 2024 09 22 There are 7 comments in total author reply Show 2 replies Say something,0,normal_update,synthetic_mock
lrt klcc - 小红书搜索 - Google Chrome,700,mock_post_700.png,lrt klcc - 小红书搜索 - Google Chrome,2026-02-22T19:40:00,"Leisurely kitten
focus on
Kelana Jaya line maintenance phase affected frequency and caused crowding at stations at Gombak.
Passengers shared delay slip and crowding evidence during rush hour
Rapid KL staff guided queue and temporary shuttle arrangement
Malaysia transport update 2026-01-24
There are 18 comments in total
author
reply
Show 3 replies
Say something",Kelana Jaya line maintenance phase affected frequency and caused crowding at stations at Gombak Passengers shared delay slip and crowding evidence during rush hour Rapid KL staff guided queue and temporary shuttle arrangement Malaysia transport update 2026 01 24 There are 18 comments in total author reply Show 3 replies Say something,1,incident_maintenance_impact,synthetic_mock
lrtkelanajaya线 - 小红书搜索 - Google Chrome,701,mock_post_701.png,lrtkelanajaya线 - 小红书搜索 - Google Chrome,2026-02-22T19:41:00,"City transit watcher
focus on
Commuting to work was smooth and station crowd level was manageable today at Ampang Park.
People shared regular commute and station photos
No emergency notice was posted
Malaysia transport update 2025-01-28
There are 7 comments in total
author
reply
Show 1 replies
Say something",Commuting to work was smooth and station crowd level was manageable today at Ampang Park People shared regular commute and station photos No emergency notice was posted Malaysia transport update 2025 01 28 There are 7 comments in total author reply Show 1 replies Say something,0,normal_commute,synthetic_mock
lrt is bad again - Xiaohongshu search - Google Chrome,702,mock_post_702.png,lrt is bad again - Xiaohongshu search - Google Chrome,2026-02-22T19:42:00,"Leisurely kitten
focus on
Kelana Jaya line maintenance phase affected frequency and caused crowding at stations at Wangsa Maju.
Passengers shared delay slip and crowding evidence during rush hour
Rapid KL staff guided queue and temporary shuttle arrangement
Malaysia transport update 2025-10-04
There are 13 comments in total
author
reply
Show 1 replies
Say something",Kelana Jaya line maintenance phase affected frequency and caused crowding at stations at Wangsa Maju Passengers shared delay slip and crowding evidence during rush hour Rapid KL staff guided queue and temporary shuttle arrangement Malaysia transport update 2025 10 04 There are 13 comments in total author reply Show 1 replies Say something,1,incident_maintenance_impact,synthetic_mock
lrt klcc - 小红书搜索 - Google Chrome,703,mock_post_703.png,lrt klcc - 小红书搜索 - Google Chrome,2026-02-22T19:43:00,"KL daily commuter
focus on
Normal operation resumed and train intervals are back to schedule at KL Sentral.
People shared regular commute and station photos
No emergency notice was posted
There are 5 comments in total
author
reply
Show 2 replies
Say something",Normal operation resumed and train intervals are back to schedule at KL Sentral People shared regular commute and station photos No emergency notice was posted There are 5 comments in total author reply Show 2 replies Say something,0,normal_operation,synthetic_mock
mrt fault - 小红书搜索 - Google Chrome,704,mock_post_704.png,mrt fault - 小红书搜索 - Google Chrome,2026-02-22T19:44:00,"Rapid commuter diary
focus on
Rapid KL announced temporary service disruption between KLCC and Gombak with shuttle support at Pasar Seni.
Passengers shared delay slip and crowding evidence during rush hour
Rapid KL staff guided queue and temporary shuttle arrangement
Malaysia transport update 2026-06-25
There are 2 comments in total
author
reply
Show 1 replies
Say something",Rapid KL announced temporary service disruption between KLCC and Gombak with shuttle support at Pasar Seni Passengers shared delay slip and crowding evidence during rush hour Rapid KL staff guided queue and temporary shuttle arrangement Malaysia transport update 2026 06 25 There are 2 comments in total author reply Show 1 replies Say something,1,incident_service_disruption,synthetic_mock
地铁 马来西亚 - 小红书搜索 - Google Chrome,705,mock_post_705.png,地铁 马来西亚 - 小红书搜索 - Google Chrome,2026-02-22T19:45:00,"City transit watcher
focus on
General city transport post not related to outage or malfunction at Pasar Seni.
People shared regular commute and station photos
No emergency notice was posted
Malaysia transport update 2024-03-16
There are 8 comments in total
author
reply
Show 2 replies
Say something",General city transport post not related to outage or malfunction at Pasar Seni People shared regular commute and station photos No emergency notice was posted Malaysia transport update 2024 03 16 There are 8 comments in total author reply Show 2 replies Say something,0,normal_general,synthetic_mock
mrt kajang - 小红书搜索 - Google Chrome,706,mock_post_706.png,mrt kajang - 小红书搜索 - Google Chrome,2026-02-22T19:46:00,"KL daily commuter
focus on
Kelana Jaya line maintenance phase affected frequency and caused crowding at stations at Putra Heights.
Passengers shared delay slip and crowding evidence during rush hour
Rapid KL staff guided queue and temporary shuttle arrangement
There are 7 comments in total
author
reply
Show 1 replies
Say something",Kelana Jaya line maintenance phase affected frequency and caused crowding at stations at Putra Heights Passengers shared delay slip and crowding evidence during rush hour Rapid KL staff guided queue and temporary shuttle arrangement There are 7 comments in total author reply Show 1 replies Say something,1,incident_maintenance_impact,synthetic_mock
mrtkajang问题 - 小红书搜索 - Google Chrome,707,mock_post_707.png,mrtkajang问题 - 小红书搜索 - Google Chrome,2026-02-22T19:47:00,"Leisurely kitten
focus on
Commuting to work was smooth and station crowd level was manageable today at Pasar Seni.
People shared regular commute and station photos
No emergency notice was posted
There are 16 comments in total
author
reply
Show 3 replies
Say something",Commuting to work was smooth and station crowd level was manageable today at Pasar Seni People shared regular commute and station photos No emergency notice was posted There are 16 comments in total author reply Show 3 replies Say something,0,normal_commute,synthetic_mock
lrtkelanajaya故障 - 小红书搜索 - Google Chrome,708,mock_post_708.png,lrtkelanajaya故障 - 小红书搜索 - Google Chrome,2026-02-22T19:48:00,"Little Red Potato 66A1
focus on
Passengers were asked to get off at Pasar Seni due to train fault and wait for replacement at Gombak.
Passengers shared delay slip and crowding evidence during rush hour
Rapid KL staff guided queue and temporary shuttle arrangement
There are 7 comments in total
author
reply
Show 3 replies
Say something",Passengers were asked to get off at Pasar Seni due to train fault and wait for replacement at Gombak Passengers shared delay slip and crowding evidence during rush hour Rapid KL staff guided queue and temporary shuttle arrangement There are 7 comments in total author reply Show 3 replies Say something,1,incident_train_fault,synthetic_mock
地铁 马来西亚 - 小红书搜索 - Google Chrome,709,mock_post_709.png,地铁 马来西亚 - 小红书搜索 - Google Chrome,2026-02-22T19:49:00,"Leisurely kitten
focus on
Routine travel post about route tips and fare sharing at Putra Heights.
People shared regular commute and station photos
No emergency notice was posted
There are 9 comments in total
author
reply
Show 3 replies
Say something",Routine travel post about route tips and fare sharing at Putra Heights People shared regular commute and station photos No emergency notice was posted There are 9 comments in total author reply Show 3 replies Say something,0,normal_travel_tip,synthetic_mock
lrt is bad again - Xiaohongshu search - Google Chrome,710,mock_post_710.png,lrt is bad again - Xiaohongshu search - Google Chrome,2026-02-22T19:50:00,"Little Red Potato 66A1
focus on
Rapid KL announced temporary service disruption between KLCC and Gombak with shuttle support at KLCC.
Passengers shared delay slip and crowding evidence during rush hour
Rapid KL staff guided queue and temporary shuttle arrangement
Malaysia transport update 2025-05-18
There are 12 comments in total
author
reply
Show 2 replies
Say something",Rapid KL announced temporary service disruption between KLCC and Gombak with shuttle support at KLCC Passengers shared delay slip and crowding evidence during rush hour Rapid KL staff guided queue and temporary shuttle arrangement Malaysia transport update 2025 05 18 There are 12 comments in total author reply Show 2 replies Say something,1,incident_service_disruption,synthetic_mock
mrt fault - 小红书搜索 - Google Chrome,711,mock_post_711.png,mrt fault - 小红书搜索 - Google Chrome,2026-02-22T19:51:00,"Rapid commuter diary
focus on
General city transport post not related to outage or malfunction at Masjid Jamek.
People shared regular commute and station photos
No emergency notice was posted
There are 1 comments in total
author
reply
Show 3 replies
Say something",General city transport post not related to outage or malfunction at Masjid Jamek People shared regular commute and station photos No emergency notice was posted There are 1 comments in total author reply Show 3 replies Say something,0,normal_general,synthetic_mock
lrtkelanajaya线 - 小红书搜索 - Google Chrome,712,mock_post_712.png,lrtkelanajaya线 - 小红书搜索 - Google Chrome,2026-02-22T19:52:00,"Leisurely kitten
focus on
Passengers were asked to get off at Pasar Seni due to train fault and wait for replacement at Universiti.
Passengers shared delay slip and crowding evidence during rush hour
Rapid KL staff guided queue and temporary shuttle arrangement
There are 18 comments in total
author
reply
Show 2 replies
Say something",Passengers were asked to get off at Pasar Seni due to train fault and wait for replacement at Universiti Passengers shared delay slip and crowding evidence during rush hour Rapid KL staff guided queue and temporary shuttle arrangement There are 18 comments in total author reply Show 2 replies Say something,1,incident_train_fault,synthetic_mock
mrt kajang - 小红书搜索 - Google Chrome,713,mock_post_713.png,mrt kajang - 小红书搜索 - Google Chrome,2026-02-22T19:53:00,"KL daily commuter
focus on
Routine travel post about route tips and fare sharing at Ampang Park.
People shared regular commute and station photos
No emergency notice was posted
There are 10 comments in total
author
reply
Show 2 replies
Say something",Routine travel post about route tips and fare sharing at Ampang Park People shared regular commute and station photos No emergency notice was posted There are 10 comments in total author reply Show 2 replies Say something,0,normal_travel_tip,synthetic_mock
lrt is bad again - Xiaohongshu search - Google Chrome,714,mock_post_714.png,lrt is bad again - Xiaohongshu search - Google Chrome,2026-02-22T19:54:00,"Xiaoxuan Talk Malaysia Official
focus on
Kelana Jaya line maintenance phase affected frequency and caused crowding at stations at Putra Heights.
Passengers shared delay slip and crowding evidence during rush hour
Rapid KL staff guided queue and temporary shuttle arrangement
Malaysia transport update 2026-02-02
There are 5 comments in total
author
reply
Show 1 replies
Say something",Kelana Jaya line maintenance phase affected frequency and caused crowding at stations at Putra Heights Passengers shared delay slip and crowding evidence during rush hour Rapid KL staff guided queue and temporary shuttle arrangement Malaysia transport update 2026 02 02 There are 5 comments in total author reply Show 1 replies Say something,1,incident_maintenance_impact,synthetic_mock
mrtkajang问题 - 小红书搜索 - Google Chrome,715,mock_post_715.png,mrtkajang问题 - 小红书搜索 - Google Chrome,2026-02-22T19:55:00,"Rapid commuter diary
focus on
Service update says all lines are stable with no major delay this morning at KLCC.
People shared regular commute and station photos
No emergency notice was posted
Malaysia transport update 2024-10-21
There are 13 comments in total
author
reply
Show 3 replies
Say something",Service update says all lines are stable with no major delay this morning at KLCC People shared regular commute and station photos No emergency notice was posted Malaysia transport update 2024 10 21 There are 13 comments in total author reply Show 3 replies Say something,0,normal_update,synthetic_mock
lrtkelanajaya线 - 小红书搜索 - Google Chrome,716,mock_post_716.png,lrtkelanajaya线 - 小红书搜索 - Google Chrome,2026-02-22T19:56:00,"City transit watcher
focus on
Passengers were asked to get off at Pasar Seni due to train fault and wait for replacement at KL Sentral.
Passengers shared delay slip and crowding evidence during rush hour
Rapid KL staff guided queue and temporary shuttle arrangement
There are 2 comments in total
author
reply
Show 2 replies
Say something",Passengers were asked to get off at Pasar Seni due to train fault and wait for replacement at KL Sentral Passengers shared delay slip and crowding evidence during rush hour Rapid KL staff guided queue and temporary shuttle arrangement There are 2 comments in total author reply Show 2 replies Say something,1,incident_train_fault,synthetic_mock
mrtkajang问题 - 小红书搜索 - Google Chrome,717,mock_post_717.png,mrtkajang问题 - 小红书搜索 - Google Chrome,2026-02-22T19:57:00,"Xiaoxuan Talk Malaysia Official
focus on
Routine travel post about route tips and fare sharing at KLCC.
People shared regular commute and station photos
No emergency notice was posted
There are 7 comments in total
author
reply
Show 3 replies
Say something",Routine travel post about route tips and fare sharing at KLCC People shared regular commute and station photos No emergency notice was posted There are 7 comments in total author reply Show 3 replies Say something,0,normal_travel_tip,synthetic_mock
mrt kajang - 小红书搜索 - Google Chrome,718,mock_post_718.png,mrt kajang - 小红书搜索 - Google Chrome,2026-02-22T19:58:00,"KL daily commuter
focus on
LRT Kelana Jaya line had a signaling issue during peak hour and trains moved slowly at Ampang Park.
Passengers shared delay slip and crowding evidence during rush hour
Rapid KL staff guided queue and temporary shuttle arrangement
There are 12 comments in total
author
reply
Show 3 replies
Say something",LRT Kelana Jaya line had a signaling issue during peak hour and trains moved slowly at Ampang Park Passengers shared delay slip and crowding evidence during rush hour Rapid KL staff guided queue and temporary shuttle arrangement There are 12 comments in total author reply Show 3 replies Say something,1,incident_breakdown,synthetic_mock
lrt klcc - 小红书搜索 - Google Chrome,719,mock_post_719.png,lrt klcc - 小红书搜索 - Google Chrome,2026-02-22T19:59:00,"KL daily commuter
focus on
Commuting to work was smooth and station crowd level was manageable today at Kelana Jaya.
People shared regular commute and station photos
No emergency notice was posted
There are 17 comments in total
author
reply
Show 1 replies
Say something",Commuting to work was smooth and station crowd level was manageable today at Kelana Jaya People shared regular commute and station photos No emergency notice was posted There are 17 comments in total author reply Show 1 replies Say something,0,normal_commute,synthetic_mock
lrtkelanajaya线 - 小红书搜索 - Google Chrome,720,mock_post_720.png,lrtkelanajaya线 - 小红书搜索 - Google Chrome,2026-02-22T20:00:00,"Ootashi store
focus on
Commuters reported long queue and train delay after track maintenance at Universiti station at KLCC.
Passengers shared delay slip and crowding evidence during rush hour
Rapid KL staff guided queue and temporary shuttle arrangement
There are 4 comments in total
author
reply
Show 1 replies
Say something",Commuters reported long queue and train delay after track maintenance at Universiti station at KLCC Passengers shared delay slip and crowding evidence during rush hour Rapid KL staff guided queue and temporary shuttle arrangement There are 4 comments in total author reply Show 1 replies Say something,1,incident_delay,synthetic_mock
地铁 马来西亚 - 小红书搜索 - Google Chrome,721,mock_post_721.png,地铁 马来西亚 - 小红书搜索 - Google Chrome,2026-02-22T20:01:00,"Ootashi store
focus on
Routine travel post about route tips and fare sharing at Wangsa Maju.
People shared regular commute and station photos
No emergency notice was posted
Malaysia transport update 2026-04-19
There are 6 comments in total
author
reply
Show 3 replies
Say something",Routine travel post about route tips and fare sharing at Wangsa Maju People shared regular commute and station photos No emergency notice was posted Malaysia transport update 2026 04 19 There are 6 comments in total author reply Show 3 replies Say something,0,normal_travel_tip,synthetic_mock
mrtkajang问题 - 小红书搜索 - Google Chrome,722,mock_post_722.png,mrtkajang问题 - 小红书搜索 - Google Chrome,2026-02-22T20:02:00,"KL daily commuter
focus on
Power trip caused brief outage and service resumed after technicians completed repair at KLCC.
Passengers shared delay slip and crowding evidence during rush hour
Rapid KL staff guided queue and temporary shuttle arrangement
There are 12 comments in total
author
reply
Show 3 replies
Say something",Power trip caused brief outage and service resumed after technicians completed repair at KLCC Passengers shared delay slip and crowding evidence during rush hour Rapid KL staff guided queue and temporary shuttle arrangement There are 12 comments in total author reply Show 3 replies Say something,1,incident_power_outage,synthetic_mock
🇲🇾LRT停运 注意了‼️ - 小红书 - Google Chrome,723,mock_post_723.png,🇲🇾LRT停运 注意了‼️ - 小红书 - Google Chrome,2026-02-22T20:03:00,"Xiaoxuan Talk Malaysia Official
focus on
General city transport post not related to outage or malfunction at Wangsa Maju.
People shared regular commute and station photos
No emergency notice was posted
Malaysia transport update 2024-09-13
There are 17 comments in total
author
reply
Show 2 replies
Say something",General city transport post not related to outage or malfunction at Wangsa Maju People shared regular commute and station photos No emergency notice was posted Malaysia transport update 2024 09 13 There are 17 comments in total author reply Show 2 replies Say something,0,normal_general,synthetic_mock
mrt kajang - 小红书搜索 - Google Chrome,724,mock_post_724.png,mrt kajang - 小红书搜索 - Google Chrome,2026-02-22T20:04:00,"Little Red Potato 66A1
focus on
Rapid KL announced temporary service disruption between KLCC and Gombak with shuttle support at Masjid Jamek.
Passengers shared delay slip and crowding evidence during rush hour
Rapid KL staff guided queue and temporary shuttle arrangement
Malaysia transport update 2025-06-18
There are 11 comments in total
author
reply
Show 2 replies
Say something",Rapid KL announced temporary service disruption between KLCC and Gombak with shuttle support at Masjid Jamek Passengers shared delay slip and crowding evidence during rush hour Rapid KL staff guided queue and temporary shuttle arrangement Malaysia transport update 2025 06 18 There are 11 comments in total author reply Show 2 replies Say something,1,incident_service_disruption,synthetic_mock
地铁 马来西亚 - 小红书搜索 - Google Chrome,725,mock_post_725.png,地铁 马来西亚 - 小红书搜索 - Google Chrome,2026-02-22T20:05:00,"KL daily commuter
focus on
General city transport post not related to outage or malfunction at Wangsa Maju.
People shared regular commute and station photos
No emergency notice was posted
There are 8 comments in total
author
reply
Show 3 replies
Say something",General city transport post not related to outage or malfunction at Wangsa Maju People shared regular commute and station photos No emergency notice was posted There are 8 comments in total author reply Show 3 replies Say something,0,normal_general,synthetic_mock
mrtkajang问题 - 小红书搜索 - Google Chrome,726,mock_post_726.png,mrtkajang问题 - 小红书搜索 - Google Chrome,2026-02-22T20:06:00,"KL daily commuter
focus on
Rapid KL announced temporary service disruption between KLCC and Gombak with shuttle support at Wangsa Maju.
Passengers shared delay slip and crowding evidence during rush hour
Rapid KL staff guided queue and temporary shuttle arrangement
There are 9 comments in total
author
reply
Show 2 replies
Say something",Rapid KL announced temporary service disruption between KLCC and Gombak with shuttle support at Wangsa Maju Passengers shared delay slip and crowding evidence during rush hour Rapid KL staff guided queue and temporary shuttle arrangement There are 9 comments in total author reply Show 2 replies Say something,1,incident_service_disruption,synthetic_mock
lrt is bad again - Xiaohongshu search - Google Chrome,727,mock_post_727.png,lrt is bad again - Xiaohongshu search - Google Chrome,2026-02-22T20:07:00,"Xiaoxuan Talk Malaysia Official
focus on
No disruption observed and transfer between lines completed without waiting at Wangsa Maju.
People shared regular commute and station photos
No emergency notice was posted
There are 10 comments in total
author
reply
Show 3 replies
Say something",No disruption observed and transfer between lines completed without waiting at Wangsa Maju People shared regular commute and station photos No emergency notice was posted There are 10 comments in total author reply Show 3 replies Say something,0,normal_no_incident,synthetic_mock
mrt - 小红书搜索 - Google Chrome,728,mock_post_728.png,mrt - 小红书搜索 - Google Chrome,2026-02-22T20:08:00,"Leisurely kitten
focus on
Passengers were asked to get off at Pasar Seni due to train fault and wait for replacement at Pasar Seni.
Passengers shared delay slip and crowding evidence during rush hour
Rapid KL staff guided queue and temporary shuttle arrangement
Malaysia transport update 2024-04-28
There are 11 comments in total
author
reply
Show 1 replies
Say something",Passengers were asked to get off at Pasar Seni due to train fault and wait for replacement at Pasar Seni Passengers shared delay slip and crowding evidence during rush hour Rapid KL staff guided queue and temporary shuttle arrangement Malaysia transport update 2024 04 28 There are 11 comments in total author reply Show 1 replies Say something,1,incident_train_fault,synthetic_mock
lrt is bad again - Xiaohongshu search - Google Chrome,729,mock_post_729.png,lrt is bad again - Xiaohongshu search - Google Chrome,2026-02-22T20:09:00,"Little Red Potato 66A1
focus on
Routine travel post about route tips and fare sharing at Masjid Jamek.
People shared regular commute and station photos
No emergency notice was posted
There are 5 comments in total
author
reply
Show 1 replies
Say something",Routine travel post about route tips and fare sharing at Masjid Jamek People shared regular commute and station photos No emergency notice was posted There are 5 comments in total author reply Show 1 replies Say something,0,normal_travel_tip,synthetic_mock
mrt - 小红书搜索 - Google Chrome,730,mock_post_730.png,mrt - 小红书搜索 - Google Chrome,2026-02-22T20:10:00,"Ootashi store
focus on
Power trip caused brief outage and service resumed after technicians completed repair at Putra Heights.
Passengers shared delay slip and crowding evidence during rush hour
Rapid KL staff guided queue and temporary shuttle arrangement
Malaysia transport update 2025-10-08
There are 8 comments in total
author
reply
Show 2 replies
Say something",Power trip caused brief outage and service resumed after technicians completed repair at Putra Heights Passengers shared delay slip and crowding evidence during rush hour Rapid KL staff guided queue and temporary shuttle arrangement Malaysia transport update 2025 10 08 There are 8 comments in total author reply Show 2 replies Say something,1,incident_power_outage,synthetic_mock
lrt klcc - 小红书搜索 - Google Chrome,731,mock_post_731.png,lrt klcc - 小红书搜索 - Google Chrome,2026-02-22T20:11:00,"Rapid commuter diary
focus on
Normal operation resumed and train intervals are back to schedule at KL Sentral.
People shared regular commute and station photos
No emergency notice was posted
There are 7 comments in total
author
reply
Show 3 replies
Say something",Normal operation resumed and train intervals are back to schedule at KL Sentral People shared regular commute and station photos No emergency notice was posted There are 7 comments in total author reply Show 3 replies Say something,0,normal_operation,synthetic_mock
🇲🇾LRT停运 注意了‼️ - 小红书 - Google Chrome,732,mock_post_732.png,🇲🇾LRT停运 注意了‼️ - 小红书 - Google Chrome,2026-02-22T20:12:00,"KL daily commuter
focus on
Kelana Jaya line maintenance phase affected frequency and caused crowding at stations at Putra Heights.
Passengers shared delay slip and crowding evidence during rush hour
Rapid KL staff guided queue and temporary shuttle arrangement
Malaysia transport update 2025-12-23
There are 4 comments in total
author
reply
Show 3 replies
Say something",Kelana Jaya line maintenance phase affected frequency and caused crowding at stations at Putra Heights Passengers shared delay slip and crowding evidence during rush hour Rapid KL staff guided queue and temporary shuttle arrangement Malaysia transport update 2025 12 23 There are 4 comments in total author reply Show 3 replies Say something,1,incident_maintenance_impact,synthetic_mock
lrt is bad again - Xiaohongshu search - Google Chrome,733,mock_post_733.png,lrt is bad again - Xiaohongshu search - Google Chrome,2026-02-22T20:13:00,"City transit watcher
focus on
Commuting to work was smooth and station crowd level was manageable today at Kelana Jaya.
People shared regular commute and station photos
No emergency notice was posted
There are 13 comments in total
author
reply
Show 1 replies
Say something",Commuting to work was smooth and station crowd level was manageable today at Kelana Jaya People shared regular commute and station photos No emergency notice was posted There are 13 comments in total author reply Show 1 replies Say something,0,normal_commute,synthetic_mock
🇲🇾LRT停运 注意了‼️ - 小红书 - Google Chrome,734,mock_post_734.png,🇲🇾LRT停运 注意了‼️ - 小红书 - Google Chrome,2026-02-22T20:14:00,"KL daily commuter
focus on
Commuters reported long queue and train delay after track maintenance at Universiti station at Putra Heights.
Passengers shared delay slip and crowding evidence during rush hour
Rapid KL staff guided queue and temporary shuttle arrangement
Malaysia transport update 2024-04-24
There are 1 comments in total
author
reply
Show 3 replies
Say something",Commuters reported long queue and train delay after track maintenance at Universiti station at Putra Heights Passengers shared delay slip and crowding evidence during rush hour Rapid KL staff guided queue and temporary shuttle arrangement Malaysia transport update 2024 04 24 There are 1 comments in total author reply Show 3 replies Say something,1,incident_delay,synthetic_mock
地铁 马来西亚 - 小红书搜索 - Google Chrome,735,mock_post_735.png,地铁 马来西亚 - 小红书搜索 - Google Chrome,2026-02-22T20:15:00,"Leisurely kitten
focus on
No disruption observed and transfer between lines completed without waiting at Kelana Jaya.
People shared regular commute and station photos
No emergency notice was posted
Malaysia transport update 2025-09-19
There are 5 comments in total
author
reply
Show 2 replies
Say something",No disruption observed and transfer between lines completed without waiting at Kelana Jaya People shared regular commute and station photos No emergency notice was posted Malaysia transport update 2025 09 19 There are 5 comments in total author reply Show 2 replies Say something,0,normal_no_incident,synthetic_mock
lrtkelanajaya线 - 小红书搜索 - Google Chrome,736,mock_post_736.png,lrtkelanajaya线 - 小红书搜索 - Google Chrome,2026-02-22T20:16:00,"Ootashi store
focus on
Kelana Jaya line maintenance phase affected frequency and caused crowding at stations at Universiti.
Passengers shared delay slip and crowding evidence during rush hour
Rapid KL staff guided queue and temporary shuttle arrangement
Malaysia transport update 2026-07-15
There are 17 comments in total
author
reply
Show 1 replies
Say something",Kelana Jaya line maintenance phase affected frequency and caused crowding at stations at Universiti Passengers shared delay slip and crowding evidence during rush hour Rapid KL staff guided queue and temporary shuttle arrangement Malaysia transport update 2026 07 15 There are 17 comments in total author reply Show 1 replies Say something,1,incident_maintenance_impact,synthetic_mock
lrt is bad again - Xiaohongshu search - Google Chrome,737,mock_post_737.png,lrt is bad again - Xiaohongshu search - Google Chrome,2026-02-22T20:17:00,"KL daily commuter
focus on
No disruption observed and transfer between lines completed without waiting at Gombak.
People shared regular commute and station photos
No emergency notice was posted
Malaysia transport update 2024-06-03
There are 16 comments in total
author
reply
Show 3 replies
Say something",No disruption observed and transfer between lines completed without waiting at Gombak People shared regular commute and station photos No emergency notice was posted Malaysia transport update 2024 06 03 There are 16 comments in total author reply Show 3 replies Say something,0,normal_no_incident,synthetic_mock
mrtkajang问题 - 小红书搜索 - Google Chrome,738,mock_post_738.png,mrtkajang问题 - 小红书搜索 - Google Chrome,2026-02-22T20:18:00,"Leisurely kitten
focus on
Passengers were asked to get off at Pasar Seni due to train fault and wait for replacement at Wangsa Maju.
Passengers shared delay slip and crowding evidence during rush hour
Rapid KL staff guided queue and temporary shuttle arrangement
Malaysia transport update 2026-07-25
There are 5 comments in total
author
reply
Show 1 replies
Say something",Passengers were asked to get off at Pasar Seni due to train fault and wait for replacement at Wangsa Maju Passengers shared delay slip and crowding evidence during rush hour Rapid KL staff guided queue and temporary shuttle arrangement Malaysia transport update 2026 07 25 There are 5 comments in total author reply Show 1 replies Say something,1,incident_train_fault,synthetic_mock
lrtkelanajaya线 - 小红书搜索 - Google Chrome,739,mock_post_739.png,lrtkelanajaya线 - 小红书搜索 - Google Chrome,2026-02-22T20:19:00,"Rapid commuter diary
focus on
Routine travel post about route tips and fare sharing at Universiti.
People shared regular commute and station photos
No emergency notice was posted
Malaysia transport update 2026-04-18
There are 17 comments in total
author
reply
Show 1 replies
Say something",Routine travel post about route tips and fare sharing at Universiti People shared regular commute and station photos No emergency notice was posted Malaysia transport update 2026 04 18 There are 17 comments in total author reply Show 1 replies Say something,0,normal_travel_tip,synthetic_mock
mrt kajang - 小红书搜索 - Google Chrome,740,mock_post_740.png,mrt kajang - 小红书搜索 - Google Chrome,2026-02-22T20:20:00,"KL daily commuter
focus on
LRT Kelana Jaya line had a signaling issue during peak hour and trains moved slowly at Gombak.
Passengers shared delay slip and crowding evidence during rush hour
Rapid KL staff guided queue and temporary shuttle arrangement
Malaysia transport update 2026-10-03
There are 4 comments in total
author
reply
Show 3 replies
Say something",LRT Kelana Jaya line had a signaling issue during peak hour and trains moved slowly at Gombak Passengers shared delay slip and crowding evidence during rush hour Rapid KL staff guided queue and temporary shuttle arrangement Malaysia transport update 2026 10 03 There are 4 comments in total author reply Show 3 replies Say something,1,incident_breakdown,synthetic_mock
lrtkelanajaya故障 - 小红书搜索 - Google Chrome,741,mock_post_741.png,lrtkelanajaya故障 - 小红书搜索 - Google Chrome,2026-02-22T20:21:00,"Leisurely kitten
focus on
No disruption observed and transfer between lines completed without waiting at Putra Heights.
People shared regular commute and station photos
No emergency notice was posted
Malaysia transport update 2025-10-21
There are 1 comments in total
author
reply
Show 2 replies
Say something",No disruption observed and transfer between lines completed without waiting at Putra Heights People shared regular commute and station photos No emergency notice was posted Malaysia transport update 2025 10 21 There are 1 comments in total author reply Show 2 replies Say something,0,normal_no_incident,synthetic_mock
lrtkelanajaya故障 - 小红书搜索 - Google Chrome,742,mock_post_742.png,lrtkelanajaya故障 - 小红书搜索 - Google Chrome,2026-02-22T20:22:00,"KL daily commuter
focus on
Commuters reported long queue and train delay after track maintenance at Universiti station at KL Sentral.
Passengers shared delay slip and crowding evidence during rush hour
Rapid KL staff guided queue and temporary shuttle arrangement
There are 15 comments in total
author
reply
Show 3 replies
Say something",Commuters reported long queue and train delay after track maintenance at Universiti station at KL Sentral Passengers shared delay slip and crowding evidence during rush hour Rapid KL staff guided queue and temporary shuttle arrangement There are 15 comments in total author reply Show 3 replies Say something,1,incident_delay,synthetic_mock
lrt is bad again - Xiaohongshu search - Google Chrome,743,mock_post_743.png,lrt is bad again - Xiaohongshu search - Google Chrome,2026-02-22T20:23:00,"KL daily commuter
focus on
No disruption observed and transfer between lines completed without waiting at Kelana Jaya.
People shared regular commute and station photos
No emergency notice was posted
Malaysia transport update 2026-06-05
There are 3 comments in total
author
reply
Show 1 replies
Say something",No disruption observed and transfer between lines completed without waiting at Kelana Jaya People shared regular commute and station photos No emergency notice was posted Malaysia transport update 2026 06 05 There are 3 comments in total author reply Show 1 replies Say something,0,normal_no_incident,synthetic_mock
mrt fault - 小红书搜索 - Google Chrome,744,mock_post_744.png,mrt fault - 小红书搜索 - Google Chrome,2026-02-22T20:24:00,"Ootashi store
focus on
Rapid KL announced temporary service disruption between KLCC and Gombak with shuttle support at KL Sentral.
Passengers shared delay slip and crowding evidence during rush hour
Rapid KL staff guided queue and temporary shuttle arrangement
There are 10 comments in total
author
reply
Show 1 replies
Say something",Rapid KL announced temporary service disruption between KLCC and Gombak with shuttle support at KL Sentral Passengers shared delay slip and crowding evidence during rush hour Rapid KL staff guided queue and temporary shuttle arrangement There are 10 comments in total author reply Show 1 replies Say something,1,incident_service_disruption,synthetic_mock
lrtkelanajaya线 - 小红书搜索 - Google Chrome,745,mock_post_745.png,lrtkelanajaya线 - 小红书搜索 - Google Chrome,2026-02-22T20:25:00,"Leisurely kitten
focus on
General city transport post not related to outage or malfunction at KLCC.
People shared regular commute and station photos
No emergency notice was posted
Malaysia transport update 2024-06-07
There are 18 comments in total
author
reply
Show 1 replies
Say something",General city transport post not related to outage or malfunction at KLCC People shared regular commute and station photos No emergency notice was posted Malaysia transport update 2024 06 07 There are 18 comments in total author reply Show 1 replies Say something,0,normal_general,synthetic_mock
🇲🇾LRT停运 注意了‼️ - 小红书 - Google Chrome,746,mock_post_746.png,🇲🇾LRT停运 注意了‼️ - 小红书 - Google Chrome,2026-02-22T20:26:00,"KL daily commuter
focus on
Passengers were asked to get off at Pasar Seni due to train fault and wait for replacement at Masjid Jamek.
Passengers shared delay slip and crowding evidence during rush hour
Rapid KL staff guided queue and temporary shuttle arrangement
Malaysia transport update 2025-10-24
There are 5 comments in total
author
reply
Show 3 replies
Say something",Passengers were asked to get off at Pasar Seni due to train fault and wait for replacement at Masjid Jamek Passengers shared delay slip and crowding evidence during rush hour Rapid KL staff guided queue and temporary shuttle arrangement Malaysia transport update 2025 10 24 There are 5 comments in total author reply Show 3 replies Say something,1,incident_train_fault,synthetic_mock
mrt - 小红书搜索 - Google Chrome,747,mock_post_747.png,mrt - 小红书搜索 - Google Chrome,2026-02-22T20:27:00,"Little Red Potato 66A1
focus on
Normal operation resumed and train intervals are back to schedule at Wangsa Maju.
People shared regular commute and station photos
No emergency notice was posted
There are 17 comments in total
author
reply
Show 1 replies
Say something",Normal operation resumed and train intervals are back to schedule at Wangsa Maju People shared regular commute and station photos No emergency notice was posted There are 17 comments in total author reply Show 1 replies Say something,0,normal_operation,synthetic_mock
🇲🇾LRT停运 注意了‼️ - 小红书 - Google Chrome,748,mock_post_748.png,🇲🇾LRT停运 注意了‼️ - 小红书 - Google Chrome,2026-02-22T20:28:00,"Leisurely kitten
focus on
Rapid KL announced temporary service disruption between KLCC and Gombak with shuttle support at Kelana Jaya.
Passengers shared delay slip and crowding evidence during rush hour
Rapid KL staff guided queue and temporary shuttle arrangement
Malaysia transport update 2026-10-09
There are 2 comments in total
author
reply
Show 2 replies
Say something",Rapid KL announced temporary service disruption between KLCC and Gombak with shuttle support at Kelana Jaya Passengers shared delay slip and crowding evidence during rush hour Rapid KL staff guided queue and temporary shuttle arrangement Malaysia transport update 2026 10 09 There are 2 comments in total author reply Show 2 replies Say something,1,incident_service_disruption,synthetic_mock
lrt is bad again - Xiaohongshu search - Google Chrome,749,mock_post_749.png,lrt is bad again - Xiaohongshu search - Google Chrome,2026-02-22T20:29:00,"Rapid commuter diary
focus on
Normal operation resumed and train intervals are back to schedule at KLCC.
People shared regular commute and station photos
No emergency notice was posted
There are 12 comments in total
author
reply
Show 1 replies
Say something",Normal operation resumed and train intervals are back to schedule at KLCC People shared regular commute and station photos No emergency notice was posted There are 12 comments in total author reply Show 1 replies Say something,0,normal_operation,synthetic_mock
lrt klcc - 小红书搜索 - Google Chrome,750,mock_post_750.png,lrt klcc - 小红书搜索 - Google Chrome,2026-02-22T20:30:00,"Ootashi store
focus on
Commuters reported long queue and train delay after track maintenance at Universiti station at Wangsa Maju.
Passengers shared delay slip and crowding evidence during rush hour
Rapid KL staff guided queue and temporary shuttle arrangement
There are 17 comments in total
author
reply
Show 3 replies
Say something",Commuters reported long queue and train delay after track maintenance at Universiti station at Wangsa Maju Passengers shared delay slip and crowding evidence during rush hour Rapid KL staff guided queue and temporary shuttle arrangement There are 17 comments in total author reply Show 3 replies Say something,1,incident_delay,synthetic_mock
lrtkelanajaya线 - 小红书搜索 - Google Chrome,751,mock_post_751.png,lrtkelanajaya线 - 小红书搜索 - Google Chrome,2026-02-22T20:31:00,"KL daily commuter
focus on
Commuting to work was smooth and station crowd level was manageable today at Ampang Park.
People shared regular commute and station photos
No emergency notice was posted
There are 3 comments in total
author
reply
Show 1 replies
Say something",Commuting to work was smooth and station crowd level was manageable today at Ampang Park People shared regular commute and station photos No emergency notice was posted There are 3 comments in total author reply Show 1 replies Say something,0,normal_commute,synthetic_mock
lrtkelanajaya线 - 小红书搜索 - Google Chrome,752,mock_post_752.png,lrtkelanajaya线 - 小红书搜索 - Google Chrome,2026-02-22T20:32:00,"Little Red Potato 66A1
focus on
Passengers were asked to get off at Pasar Seni due to train fault and wait for replacement at Ampang Park.
Passengers shared delay slip and crowding evidence during rush hour
Rapid KL staff guided queue and temporary shuttle arrangement
There are 1 comments in total
author
reply
Show 1 replies
Say something",Passengers were asked to get off at Pasar Seni due to train fault and wait for replacement at Ampang Park Passengers shared delay slip and crowding evidence during rush hour Rapid KL staff guided queue and temporary shuttle arrangement There are 1 comments in total author reply Show 1 replies Say something,1,incident_train_fault,synthetic_mock
mrt fault - 小红书搜索 - Google Chrome,753,mock_post_753.png,mrt fault - 小红书搜索 - Google Chrome,2026-02-22T20:33:00,"Leisurely kitten
focus on
Routine travel post about route tips and fare sharing at Gombak.
People shared regular commute and station photos
No emergency notice was posted
Malaysia transport update 2026-03-01
There are 12 comments in total
author
reply
Show 3 replies
Say something",Routine travel post about route tips and fare sharing at Gombak People shared regular commute and station photos No emergency notice was posted Malaysia transport update 2026 03 01 There are 12 comments in total author reply Show 3 replies Say something,0,normal_travel_tip,synthetic_mock
lrt is bad again - Xiaohongshu search - Google Chrome,754,mock_post_754.png,lrt is bad again - Xiaohongshu search - Google Chrome,2026-02-22T20:34:00,"Ootashi store
focus on
Commuters reported long queue and train delay after track maintenance at Universiti station at Gombak.
Passengers shared delay slip and crowding evidence during rush hour
Rapid KL staff guided queue and temporary shuttle arrangement
There are 17 comments in total
author
reply
Show 2 replies
Say something",Commuters reported long queue and train delay after track maintenance at Universiti station at Gombak Passengers shared delay slip and crowding evidence during rush hour Rapid KL staff guided queue and temporary shuttle arrangement There are 17 comments in total author reply Show 2 replies Say something,1,incident_delay,synthetic_mock
mrt - 小红书搜索 - Google Chrome,755,mock_post_755.png,mrt - 小红书搜索 - Google Chrome,2026-02-22T20:35:00,"Rapid commuter diary
focus on
General city transport post not related to outage or malfunction at Gombak.
People shared regular commute and station photos
No emergency notice was posted
There are 1 comments in total
author
reply
Show 3 replies
Say something",General city transport post not related to outage or malfunction at Gombak People shared regular commute and station photos No emergency notice was posted There are 1 comments in total author reply Show 3 replies Say something,0,normal_general,synthetic_mock
mrt kajang - 小红书搜索 - Google Chrome,756,mock_post_756.png,mrt kajang - 小红书搜索 - Google Chrome,2026-02-22T20:36:00,"Leisurely kitten
focus on
Rapid KL announced temporary service disruption between KLCC and Gombak with shuttle support at Pasar Seni.
Passengers shared delay slip and crowding evidence during rush hour
Rapid KL staff guided queue and temporary shuttle arrangement
There are 5 comments in total
author
reply
Show 1 replies
Say something",Rapid KL announced temporary service disruption between KLCC and Gombak with shuttle support at Pasar Seni Passengers shared delay slip and crowding evidence during rush hour Rapid KL staff guided queue and temporary shuttle arrangement There are 5 comments in total author reply Show 1 replies Say something,1,incident_service_disruption,synthetic_mock
lrtkelanajaya线 - 小红书搜索 - Google Chrome,757,mock_post_757.png,lrtkelanajaya线 - 小红书搜索 - Google Chrome,2026-02-22T20:37:00,"KL daily commuter
focus on
Routine travel post about route tips and fare sharing at KL Sentral.
People shared regular commute and station photos
No emergency notice was posted
There are 8 comments in total
author
reply
Show 2 replies
Say something",Routine travel post about route tips and fare sharing at KL Sentral People shared regular commute and station photos No emergency notice was posted There are 8 comments in total author reply Show 2 replies Say something,0,normal_travel_tip,synthetic_mock
地铁 马来西亚 - 小红书搜索 - Google Chrome,758,mock_post_758.png,地铁 马来西亚 - 小红书搜索 - Google Chrome,2026-02-22T20:38:00,"Rapid commuter diary
focus on
Passengers were asked to get off at Pasar Seni due to train fault and wait for replacement at Pasar Seni.
Passengers shared delay slip and crowding evidence during rush hour
Rapid KL staff guided queue and temporary shuttle arrangement
There are 11 comments in total
author
reply
Show 2 replies
Say something",Passengers were asked to get off at Pasar Seni due to train fault and wait for replacement at Pasar Seni Passengers shared delay slip and crowding evidence during rush hour Rapid KL staff guided queue and temporary shuttle arrangement There are 11 comments in total author reply Show 2 replies Say something,1,incident_train_fault,synthetic_mock
mrt - 小红书搜索 - Google Chrome,759,mock_post_759.png,mrt - 小红书搜索 - Google Chrome,2026-02-22T20:39:00,"City transit watcher
focus on
Service update says all lines are stable with no major delay this morning at Universiti.
People shared regular commute and station photos
No emergency notice was posted
Malaysia transport update 2026-11-26
There are 7 comments in total
author
reply
Show 1 replies
Say something",Service update says all lines are stable with no major delay this morning at Universiti People shared regular commute and station photos No emergency notice was posted Malaysia transport update 2026 11 26 There are 7 comments in total author reply Show 1 replies Say something,0,normal_update,synthetic_mock
lrt klcc - 小红书搜索 - Google Chrome,760,mock_post_760.png,lrt klcc - 小红书搜索 - Google Chrome,2026-02-22T20:40:00,"Ootashi store
focus on
Kelana Jaya line maintenance phase affected frequency and caused crowding at stations at Masjid Jamek.
Passengers shared delay slip and crowding evidence during rush hour
Rapid KL staff guided queue and temporary shuttle arrangement
Malaysia transport update 2024-11-19
There are 6 comments in total
author
reply
Show 2 replies
Say something",Kelana Jaya line maintenance phase affected frequency and caused crowding at stations at Masjid Jamek Passengers shared delay slip and crowding evidence during rush hour Rapid KL staff guided queue and temporary shuttle arrangement Malaysia transport update 2024 11 19 There are 6 comments in total author reply Show 2 replies Say something,1,incident_maintenance_impact,synthetic_mock
mrt kajang - 小红书搜索 - Google Chrome,761,mock_post_761.png,mrt kajang - 小红书搜索 - Google Chrome,2026-02-22T20:41:00,"City transit watcher
focus on
Routine travel post about route tips and fare sharing at Masjid Jamek.
People shared regular commute and station photos
No emergency notice was posted
Malaysia transport update 2025-03-24
There are 1 comments in total
author
reply
Show 2 replies
Say something",Routine travel post about route tips and fare sharing at Masjid Jamek People shared regular commute and station photos No emergency notice was posted Malaysia transport update 2025 03 24 There are 1 comments in total author reply Show 2 replies Say something,0,normal_travel_tip,synthetic_mock
lrtkelanajaya线 - 小红书搜索 - Google Chrome,762,mock_post_762.png,lrtkelanajaya线 - 小红书搜索 - Google Chrome,2026-02-22T20:42:00,"Rapid commuter diary
focus on
Power trip caused brief outage and service resumed after technicians completed repair at Gombak.
Passengers shared delay slip and crowding evidence during rush hour
Rapid KL staff guided queue and temporary shuttle arrangement
There are 9 comments in total
author
reply
Show 1 replies
Say something",Power trip caused brief outage and service resumed after technicians completed repair at Gombak Passengers shared delay slip and crowding evidence during rush hour Rapid KL staff guided queue and temporary shuttle arrangement There are 9 comments in total author reply Show 1 replies Say something,1,incident_power_outage,synthetic_mock
lrtkelanajaya线 - 小红书搜索 - Google Chrome,763,mock_post_763.png,lrtkelanajaya线 - 小红书搜索 - Google Chrome,2026-02-22T20:43:00,"Ootashi store
focus on
Normal operation resumed and train intervals are back to schedule at Pasar Seni.
People shared regular commute and station photos
No emergency notice was posted
Malaysia transport update 2026-10-09
There are 8 comments in total
author
reply
Show 3 replies
Say something",Normal operation resumed and train intervals are back to schedule at Pasar Seni People shared regular commute and station photos No emergency notice was posted Malaysia transport update 2026 10 09 There are 8 comments in total author reply Show 3 replies Say something,0,normal_operation,synthetic_mock
🇲🇾LRT停运 注意了‼️ - 小红书 - Google Chrome,764,mock_post_764.png,🇲🇾LRT停运 注意了‼️ - 小红书 - Google Chrome,2026-02-22T20:44:00,"Leisurely kitten
focus on
Rapid KL announced temporary service disruption between KLCC and Gombak with shuttle support at Kelana Jaya.
Passengers shared delay slip and crowding evidence during rush hour
Rapid KL staff guided queue and temporary shuttle arrangement
Malaysia transport update 2025-03-17
There are 16 comments in total
author
reply
Show 3 replies
Say something",Rapid KL announced temporary service disruption between KLCC and Gombak with shuttle support at Kelana Jaya Passengers shared delay slip and crowding evidence during rush hour Rapid KL staff guided queue and temporary shuttle arrangement Malaysia transport update 2025 03 17 There are 16 comments in total author reply Show 3 replies Say something,1,incident_service_disruption,synthetic_mock
lrt is bad again - Xiaohongshu search - Google Chrome,765,mock_post_765.png,lrt is bad again - Xiaohongshu search - Google Chrome,2026-02-22T20:45:00,"KL daily commuter
focus on
Commuting to work was smooth and station crowd level was manageable today at Pasar Seni.
People shared regular commute and station photos
No emergency notice was posted
Malaysia transport update 2025-03-06
There are 7 comments in total
author
reply
Show 1 replies
Say something",Commuting to work was smooth and station crowd level was manageable today at Pasar Seni People shared regular commute and station photos No emergency notice was posted Malaysia transport update 2025 03 06 There are 7 comments in total author reply Show 1 replies Say something,0,normal_commute,synthetic_mock
🇲🇾LRT停运 注意了‼️ - 小红书 - Google Chrome,766,mock_post_766.png,🇲🇾LRT停运 注意了‼️ - 小红书 - Google Chrome,2026-02-22T20:46:00,"Leisurely kitten
focus on
Power trip caused brief outage and service resumed after technicians completed repair at Kelana Jaya.
Passengers shared delay slip and crowding evidence during rush hour
Rapid KL staff guided queue and temporary shuttle arrangement
There are 8 comments in total
author
reply
Show 3 replies
Say something",Power trip caused brief outage and service resumed after technicians completed repair at Kelana Jaya Passengers shared delay slip and crowding evidence during rush hour Rapid KL staff guided queue and temporary shuttle arrangement There are 8 comments in total author reply Show 3 replies Say something,1,incident_power_outage,synthetic_mock
lrtkelanajaya线 - 小红书搜索 - Google Chrome,767,mock_post_767.png,lrtkelanajaya线 - 小红书搜索 - Google Chrome,2026-02-22T20:47:00,"Xiaoxuan Talk Malaysia Official
focus on
Service update says all lines are stable with no major delay this morning at Universiti.
People shared regular commute and station photos
No emergency notice was posted
Malaysia transport update 2025-10-16
There are 11 comments in total
author
reply
Show 2 replies
Say something",Service update says all lines are stable with no major delay this morning at Universiti People shared regular commute and station photos No emergency notice was posted Malaysia transport update 2025 10 16 There are 11 comments in total author reply Show 2 replies Say something,0,normal_update,synthetic_mock
🇲🇾LRT KelanajayaLine通告，列车降速 - 小红书 - Google Chrome,768,mock_post_768.png,🇲🇾LRT KelanajayaLine通告，列车降速 - 小红书 - Google Chrome,2026-02-22T20:48:00,"KL daily commuter
focus on
Power trip caused brief outage and service resumed after technicians completed repair at Wangsa Maju.
Passengers shared delay slip and crowding evidence during rush hour
Rapid KL staff guided queue and temporary shuttle arrangement
Malaysia transport update 2026-07-24
There are 11 comments in total
author
reply
Show 2 replies
Say something",Power trip caused brief outage and service resumed after technicians completed repair at Wangsa Maju Passengers shared delay slip and crowding evidence during rush hour Rapid KL staff guided queue and temporary shuttle arrangement Malaysia transport update 2026 07 24 There are 11 comments in total author reply Show 2 replies Say something,1,incident_power_outage,synthetic_mock
lrt klcc - 小红书搜索 - Google Chrome,769,mock_post_769.png,lrt klcc - 小红书搜索 - Google Chrome,2026-02-22T20:49:00,"Little Red Potato 66A1
focus on
General city transport post not related to outage or malfunction at KL Sentral.
People shared regular commute and station photos
No emergency notice was posted
Malaysia transport update 2026-12-26
There are 2 comments in total
author
reply
Show 3 replies
Say something",General city transport post not related to outage or malfunction at KL Sentral People shared regular commute and station photos No emergency notice was posted Malaysia transport update 2026 12 26 There are 2 comments in total author reply Show 3 replies Say something,0,normal_general,synthetic_mock
地铁 马来西亚 - 小红书搜索 - Google Chrome,770,mock_post_770.png,地铁 马来西亚 - 小红书搜索 - Google Chrome,2026-02-22T20:50:00,"KL daily commuter
focus on
Power trip caused brief outage and service resumed after technicians completed repair at Ampang Park.
Passengers shared delay slip and crowding evidence during rush hour
Rapid KL staff guided queue and temporary shuttle arrangement
There are 8 comments in total
author
reply
Show 3 replies
Say something",Power trip caused brief outage and service resumed after technicians completed repair at Ampang Park Passengers shared delay slip and crowding evidence during rush hour Rapid KL staff guided queue and temporary shuttle arrangement There are 8 comments in total author reply Show 3 replies Say something,1,incident_power_outage,synthetic_mock
mrt kajang - 小红书搜索 - Google Chrome,771,mock_post_771.png,mrt kajang - 小红书搜索 - Google Chrome,2026-02-22T20:51:00,"Little Red Potato 66A1
focus on
No disruption observed and transfer between lines completed without waiting at Kelana Jaya.
People shared regular commute and station photos
No emergency notice was posted
Malaysia transport update 2026-01-07
There are 10 comments in total
author
reply
Show 2 replies
Say something",No disruption observed and transfer between lines completed without waiting at Kelana Jaya People shared regular commute and station photos No emergency notice was posted Malaysia transport update 2026 01 07 There are 10 comments in total author reply Show 2 replies Say something,0,normal_no_incident,synthetic_mock
mrtkajang问题 - 小红书搜索 - Google Chrome,772,mock_post_772.png,mrtkajang问题 - 小红书搜索 - Google Chrome,2026-02-22T20:52:00,"Rapid commuter diary
focus on
Commuters reported long queue and train delay after track maintenance at Universiti station at Gombak.
Passengers shared delay slip and crowding evidence during rush hour
Rapid KL staff guided queue and temporary shuttle arrangement
Malaysia transport update 2025-10-02
There are 17 comments in total
author
reply
Show 1 replies
Say something",Commuters reported long queue and train delay after track maintenance at Universiti station at Gombak Passengers shared delay slip and crowding evidence during rush hour Rapid KL staff guided queue and temporary shuttle arrangement Malaysia transport update 2025 10 02 There are 17 comments in total author reply Show 1 replies Say something,1,incident_delay,synthetic_mock
🇲🇾LRT KelanajayaLine通告，列车降速 - 小红书 - Google Chrome,773,mock_post_773.png,🇲🇾LRT KelanajayaLine通告，列车降速 - 小红书 - Google Chrome,2026-02-22T20:53:00,"Xiaoxuan Talk Malaysia Official
focus on
General city transport post not related to outage or malfunction at Ampang Park.
People shared regular commute and station photos
No emergency notice was posted
There are 4 comments in total
author
reply
Show 1 replies
Say something",General city transport post not related to outage or malfunction at Ampang Park People shared regular commute and station photos No emergency notice was posted There are 4 comments in total author reply Show 1 replies Say something,0,normal_general,synthetic_mock
🇲🇾LRT KelanajayaLine通告，列车降速 - 小红书 - Google Chrome,774,mock_post_774.png,🇲🇾LRT KelanajayaLine通告，列车降速 - 小红书 - Google Chrome,2026-02-22T20:54:00,"Ootashi store
focus on
Kelana Jaya line maintenance phase affected frequency and caused crowding at stations at Masjid Jamek.
Passengers shared delay slip and crowding evidence during rush hour
Rapid KL staff guided queue and temporary shuttle arrangement
Malaysia transport update 2025-08-01
There are 6 comments in total
author
reply
Show 2 replies
Say something",Kelana Jaya line maintenance phase affected frequency and caused crowding at stations at Masjid Jamek Passengers shared delay slip and crowding evidence during rush hour Rapid KL staff guided queue and temporary shuttle arrangement Malaysia transport update 2025 08 01 There are 6 comments in total author reply Show 2 replies Say something,1,incident_maintenance_impact,synthetic_mock
lrt klcc - 小红书搜索 - Google Chrome,775,mock_post_775.png,lrt klcc - 小红书搜索 - Google Chrome,2026-02-22T20:55:00,"Rapid commuter diary
focus on
General city transport post not related to outage or malfunction at Universiti.
People shared regular commute and station photos
No emergency notice was posted
Malaysia transport update 2025-12-21
There are 6 comments in total
author
reply
Show 3 replies
Say something",General city transport post not related to outage or malfunction at Universiti People shared regular commute and station photos No emergency notice was posted Malaysia transport update 2025 12 21 There are 6 comments in total author reply Show 3 replies Say something,0,normal_general,synthetic_mock
地铁 马来西亚 - 小红书搜索 - Google Chrome,776,mock_post_776.png,地铁 马来西亚 - 小红书搜索 - Google Chrome,2026-02-22T20:56:00,"City transit watcher
focus on
LRT Kelana Jaya line had a signaling issue during peak hour and trains moved slowly at KLCC.
Passengers shared delay slip and crowding evidence during rush hour
Rapid KL staff guided queue and temporary shuttle arrangement
Malaysia transport update 2025-02-17
There are 13 comments in total
author
reply
Show 3 replies
Say something",LRT Kelana Jaya line had a signaling issue during peak hour and trains moved slowly at KLCC Passengers shared delay slip and crowding evidence during rush hour Rapid KL staff guided queue and temporary shuttle arrangement Malaysia transport update 2025 02 17 There are 13 comments in total author reply Show 3 replies Say something,1,incident_breakdown,synthetic_mock
mrt fault - 小红书搜索 - Google Chrome,777,mock_post_777.png,mrt fault - 小红书搜索 - Google Chrome,2026-02-22T20:57:00,"Rapid commuter diary
focus on
Routine travel post about route tips and fare sharing at Pasar Seni.
People shared regular commute and station photos
No emergency notice was posted
There are 2 comments in total
author
reply
Show 1 replies
Say something",Routine travel post about route tips and fare sharing at Pasar Seni People shared regular commute and station photos No emergency notice was posted There are 2 comments in total author reply Show 1 replies Say something,0,normal_travel_tip,synthetic_mock
lrt is bad again - Xiaohongshu search - Google Chrome,778,mock_post_778.png,lrt is bad again - Xiaohongshu search - Google Chrome,2026-02-22T20:58:00,"Ootashi store
focus on
Passengers were asked to get off at Pasar Seni due to train fault and wait for replacement at Pasar Seni.
Passengers shared delay slip and crowding evidence during rush hour
Rapid KL staff guided queue and temporary shuttle arrangement
There are 6 comments in total
author
reply
Show 3 replies
Say something",Passengers were asked to get off at Pasar Seni due to train fault and wait for replacement at Pasar Seni Passengers shared delay slip and crowding evidence during rush hour Rapid KL staff guided queue and temporary shuttle arrangement There are 6 comments in total author reply Show 3 replies Say something,1,incident_train_fault,synthetic_mock
🇲🇾LRT停运 注意了‼️ - 小红书 - Google Chrome,779,mock_post_779.png,🇲🇾LRT停运 注意了‼️ - 小红书 - Google Chrome,2026-02-22T20:59:00,"Leisurely kitten
focus on
No disruption observed and transfer between lines completed without waiting at Gombak.
People shared regular commute and station photos
No emergency notice was posted
There are 15 comments in total
author
reply
Show 2 replies
Say something",No disruption observed and transfer between lines completed without waiting at Gombak People shared regular commute and station photos No emergency notice was posted There are 15 comments in total author reply Show 2 replies Say something,0,normal_no_incident,synthetic_mock
mrt - 小红书搜索 - Google Chrome,780,mock_post_780.png,mrt - 小红书搜索 - Google Chrome,2026-02-22T21:00:00,"Ootashi store
focus on
Rapid KL announced temporary service disruption between KLCC and Gombak with shuttle support at KLCC.
Passengers shared delay slip and crowding evidence during rush hour
Rapid KL staff guided queue and temporary shuttle arrangement
There are 1 comments in total
author
reply
Show 3 replies
Say something",Rapid KL announced temporary service disruption between KLCC and Gombak with shuttle support at KLCC Passengers shared delay slip and crowding evidence during rush hour Rapid KL staff guided queue and temporary shuttle arrangement There are 1 comments in total author reply Show 3 replies Say something,1,incident_service_disruption,synthetic_mock
🇲🇾LRT KelanajayaLine通告，列车降速 - 小红书 - Google Chrome,781,mock_post_781.png,🇲🇾LRT KelanajayaLine通告，列车降速 - 小红书 - Google Chrome,2026-02-22T21:01:00,"Rapid commuter diary
focus on
Normal operation resumed and train intervals are back to schedule at Ampang Park.
People shared regular commute and station photos
No emergency notice was posted
There are 18 comments in total
author
reply
Show 1 replies
Say something",Normal operation resumed and train intervals are back to schedule at Ampang Park People shared regular commute and station photos No emergency notice was posted There are 18 comments in total author reply Show 1 replies Say something,0,normal_operation,synthetic_mock
mrt kajang - 小红书搜索 - Google Chrome,782,mock_post_782.png,mrt kajang - 小红书搜索 - Google Chrome,2026-02-22T21:02:00,"Ootashi store
focus on
Power trip caused brief outage and service resumed after technicians completed repair at Universiti.
Passengers shared delay slip and crowding evidence during rush hour
Rapid KL staff guided queue and temporary shuttle arrangement
There are 16 comments in total
author
reply
Show 2 replies
Say something",Power trip caused brief outage and service resumed after technicians completed repair at Universiti Passengers shared delay slip and crowding evidence during rush hour Rapid KL staff guided queue and temporary shuttle arrangement There are 16 comments in total author reply Show 2 replies Say something,1,incident_power_outage,synthetic_mock
mrt - 小红书搜索 - Google Chrome,783,mock_post_783.png,mrt - 小红书搜索 - Google Chrome,2026-02-22T21:03:00,"Little Red Potato 66A1
focus on
No disruption observed and transfer between lines completed without waiting at KLCC.
People shared regular commute and station photos
No emergency notice was posted
There are 8 comments in total
author
reply
Show 3 replies
Say something",No disruption observed and transfer between lines completed without waiting at KLCC People shared regular commute and station photos No emergency notice was posted There are 8 comments in total author reply Show 3 replies Say something,0,normal_no_incident,synthetic_mock
lrtkelanajaya故障 - 小红书搜索 - Google Chrome,784,mock_post_784.png,lrtkelanajaya故障 - 小红书搜索 - Google Chrome,2026-02-22T21:04:00,"KL daily commuter
focus on
Passengers were asked to get off at Pasar Seni due to train fault and wait for replacement at Masjid Jamek.
Passengers shared delay slip and crowding evidence during rush hour
Rapid KL staff guided queue and temporary shuttle arrangement
There are 2 comments in total
author
reply
Show 1 replies
Say something",Passengers were asked to get off at Pasar Seni due to train fault and wait for replacement at Masjid Jamek Passengers shared delay slip and crowding evidence during rush hour Rapid KL staff guided queue and temporary shuttle arrangement There are 2 comments in total author reply Show 1 replies Say something,1,incident_train_fault,synthetic_mock
lrt klcc - 小红书搜索 - Google Chrome,785,mock_post_785.png,lrt klcc - 小红书搜索 - Google Chrome,2026-02-22T21:05:00,"Xiaoxuan Talk Malaysia Official
focus on
Normal operation resumed and train intervals are back to schedule at Putra Heights.
People shared regular commute and station photos
No emergency notice was posted
Malaysia transport update 2024-11-19
There are 10 comments in total
author
reply
Show 2 replies
Say something",Normal operation resumed and train intervals are back to schedule at Putra Heights People shared regular commute and station photos No emergency notice was posted Malaysia transport update 2024 11 19 There are 10 comments in total author reply Show 2 replies Say something,0,normal_operation,synthetic_mock
mrt - 小红书搜索 - Google Chrome,786,mock_post_786.png,mrt - 小红书搜索 - Google Chrome,2026-02-22T21:06:00,"Rapid commuter diary
focus on
LRT Kelana Jaya line had a signaling issue during peak hour and trains moved slowly at KLCC.
Passengers shared delay slip and crowding evidence during rush hour
Rapid KL staff guided queue and temporary shuttle arrangement
There are 6 comments in total
author
reply
Show 3 replies
Say something",LRT Kelana Jaya line had a signaling issue during peak hour and trains moved slowly at KLCC Passengers shared delay slip and crowding evidence during rush hour Rapid KL staff guided queue and temporary shuttle arrangement There are 6 comments in total author reply Show 3 replies Say something,1,incident_breakdown,synthetic_mock
🇲🇾LRT KelanajayaLine通告，列车降速 - 小红书 - Google Chrome,787,mock_post_787.png,🇲🇾LRT KelanajayaLine通告，列车降速 - 小红书 - Google Chrome,2026-02-22T21:07:00,"Little Red Potato 66A1
focus on
Routine travel post about route tips and fare sharing at KL Sentral.
People shared regular commute and station photos
No emergency notice was posted
There are 6 comments in total
author
reply
Show 2 replies
Say something",Routine travel post about route tips and fare sharing at KL Sentral People shared regular commute and station photos No emergency notice was posted There are 6 comments in total author reply Show 2 replies Say something,0,normal_travel_tip,synthetic_mock
mrt kajang - 小红书搜索 - Google Chrome,788,mock_post_788.png,mrt kajang - 小红书搜索 - Google Chrome,2026-02-22T21:08:00,"Xiaoxuan Talk Malaysia Official
focus on
Commuters reported long queue and train delay after track maintenance at Universiti station at Kelana Jaya.
Passengers shared delay slip and crowding evidence during rush hour
Rapid KL staff guided queue and temporary shuttle arrangement
There are 11 comments in total
author
reply
Show 2 replies
Say something",Commuters reported long queue and train delay after track maintenance at Universiti station at Kelana Jaya Passengers shared delay slip and crowding evidence during rush hour Rapid KL staff guided queue and temporary shuttle arrangement There are 11 comments in total author reply Show 2 replies Say something,1,incident_delay,synthetic_mock
lrtkelanajaya故障 - 小红书搜索 - Google Chrome,789,mock_post_789.png,lrtkelanajaya故障 - 小红书搜索 - Google Chrome,2026-02-22T21:09:00,"KL daily commuter
focus on
Normal operation resumed and train intervals are back to schedule at Wangsa Maju.
People shared regular commute and station photos
No emergency notice was posted
There are 10 comments in total
author
reply
Show 2 replies
Say something",Normal operation resumed and train intervals are back to schedule at Wangsa Maju People shared regular commute and station photos No emergency notice was posted There are 10 comments in total author reply Show 2 replies Say something,0,normal_operation,synthetic_mock
lrt is bad again - Xiaohongshu search - Google Chrome,790,mock_post_790.png,lrt is bad again - Xiaohongshu search - Google Chrome,2026-02-22T21:10:00,"Leisurely kitten
focus on
LRT Kelana Jaya line had a signaling issue during peak hour and trains moved slowly at Gombak.
Passengers shared delay slip and crowding evidence during rush hour
Rapid KL staff guided queue and temporary shuttle arrangement
Malaysia transport update 2026-04-23
There are 7 comments in total
author
reply
Show 3 replies
Say something",LRT Kelana Jaya line had a signaling issue during peak hour and trains moved slowly at Gombak Passengers shared delay slip and crowding evidence during rush hour Rapid KL staff guided queue and temporary shuttle arrangement Malaysia transport update 2026 04 23 There are 7 comments in total author reply Show 3 replies Say something,1,incident_breakdown,synthetic_mock
mrtkajang问题 - 小红书搜索 - Google Chrome,791,mock_post_791.png,mrtkajang问题 - 小红书搜索 - Google Chrome,2026-02-22T21:11:00,"City transit watcher
focus on
Normal operation resumed and train intervals are back to schedule at KL Sentral.
People shared regular commute and station photos
No emergency notice was posted
There are 17 comments in total
author
reply
Show 1 replies
Say something",Normal operation resumed and train intervals are back to schedule at KL Sentral People shared regular commute and station photos No emergency notice was posted There are 17 comments in total author reply Show 1 replies Say something,0,normal_operation,synthetic_mock
🇲🇾LRT KelanajayaLine通告，列车降速 - 小红书 - Google Chrome,792,mock_post_792.png,🇲🇾LRT KelanajayaLine通告，列车降速 - 小红书 - Google Chrome,2026-02-22T21:12:00,"KL daily commuter
focus on
Kelana Jaya line maintenance phase affected frequency and caused crowding at stations at KL Sentral.
Passengers shared delay slip and crowding evidence during rush hour
Rapid KL staff guided queue and temporary shuttle arrangement
There are 10 comments in total
author
reply
Show 2 replies
Say something",Kelana Jaya line maintenance phase affected frequency and caused crowding at stations at KL Sentral Passengers shared delay slip and crowding evidence during rush hour Rapid KL staff guided queue and temporary shuttle arrangement There are 10 comments in total author reply Show 2 replies Say something,1,incident_maintenance_impact,synthetic_mock
🇲🇾LRT KelanajayaLine通告，列车降速 - 小红书 - Google Chrome,793,mock_post_793.png,🇲🇾LRT KelanajayaLine通告，列车降速 - 小红书 - Google Chrome,2026-02-22T21:13:00,"Little Red Potato 66A1
focus on
Commuting to work was smooth and station crowd level was manageable today at Gombak.
People shared regular commute and station photos
No emergency notice was posted
There are 12 comments in total
author
reply
Show 1 replies
Say something",Commuting to work was smooth and station crowd level was manageable today at Gombak People shared regular commute and station photos No emergency notice was posted There are 12 comments in total author reply Show 1 replies Say something,0,normal_commute,synthetic_mock
lrtkelanajaya故障 - 小红书搜索 - Google Chrome,794,mock_post_794.png,lrtkelanajaya故障 - 小红书搜索 - Google Chrome,2026-02-22T21:14:00,"Little Red Potato 66A1
focus on
Passengers were asked to get off at Pasar Seni due to train fault and wait for replacement at Ampang Park.
Passengers shared delay slip and crowding evidence during rush hour
Rapid KL staff guided queue and temporary shuttle arrangement
There are 16 comments in total
author
reply
Show 2 replies
Say something",Passengers were asked to get off at Pasar Seni due to train fault and wait for replacement at Ampang Park Passengers shared delay slip and crowding evidence during rush hour Rapid KL staff guided queue and temporary shuttle arrangement There are 16 comments in total author reply Show 2 replies Say something,1,incident_train_fault,synthetic_mock
🇲🇾LRT停运 注意了‼️ - 小红书 - Google Chrome,795,mock_post_795.png,🇲🇾LRT停运 注意了‼️ - 小红书 - Google Chrome,2026-02-22T21:15:00,"City transit watcher
focus on
Routine travel post about route tips and fare sharing at Universiti.
People shared regular commute and station photos
No emergency notice was posted
Malaysia transport update 2024-01-04
There are 1 comments in total
author
reply
Show 2 replies
Say something",Routine travel post about route tips and fare sharing at Universiti People shared regular commute and station photos No emergency notice was posted Malaysia transport update 2024 01 04 There are 1 comments in total author reply Show 2 replies Say something,0,normal_travel_tip,synthetic_mock
lrt is bad again - Xiaohongshu search - Google Chrome,796,mock_post_796.png,lrt is bad again - Xiaohongshu search - Google Chrome,2026-02-22T21:16:00,"KL daily commuter
focus on
LRT Kelana Jaya line had a signaling issue during peak hour and trains moved slowly at Universiti.
Passengers shared delay slip and crowding evidence during rush hour
Rapid KL staff guided queue and temporary shuttle arrangement
There are 14 comments in total
author
reply
Show 2 replies
Say something",LRT Kelana Jaya line had a signaling issue during peak hour and trains moved slowly at Universiti Passengers shared delay slip and crowding evidence during rush hour Rapid KL staff guided queue and temporary shuttle arrangement There are 14 comments in total author reply Show 2 replies Say something,1,incident_breakdown,synthetic_mock
🇲🇾LRT停运 注意了‼️ - 小红书 - Google Chrome,797,mock_post_797.png,🇲🇾LRT停运 注意了‼️ - 小红书 - Google Chrome,2026-02-22T21:17:00,"Little Red Potato 66A1
focus on
Commuting to work was smooth and station crowd level was manageable today at Putra Heights.
People shared regular commute and station photos
No emergency notice was posted
There are 7 comments in total
author
reply
Show 1 replies
Say something",Commuting to work was smooth and station crowd level was manageable today at Putra Heights People shared regular commute and station photos No emergency notice was posted There are 7 comments in total author reply Show 1 replies Say something,0,normal_commute,synthetic_mock
地铁 马来西亚 - 小红书搜索 - Google Chrome,798,mock_post_798.png,地铁 马来西亚 - 小红书搜索 - Google Chrome,2026-02-22T21:18:00,"Leisurely kitten
focus on
Rapid KL announced temporary service disruption between KLCC and Gombak with shuttle support at Gombak.
Passengers shared delay slip and crowding evidence during rush hour
Rapid KL staff guided queue and temporary shuttle arrangement
There are 10 comments in total
author
reply
Show 2 replies
Say something",Rapid KL announced temporary service disruption between KLCC and Gombak with shuttle support at Gombak Passengers shared delay slip and crowding evidence during rush hour Rapid KL staff guided queue and temporary shuttle arrangement There are 10 comments in total author reply Show 2 replies Say something,1,incident_service_disruption,synthetic_mock
🇲🇾LRT KelanajayaLine通告，列车降速 - 小红书 - Google Chrome,799,mock_post_799.png,🇲🇾LRT KelanajayaLine通告，列车降速 - 小红书 - Google Chrome,2026-02-22T21:19:00,"KL daily commuter
focus on
Routine travel post about route tips and fare sharing at Putra Heights.
People shared regular commute and station photos
No emergency notice was posted
Malaysia transport update 2026-06-11
There are 13 comments in total
author
reply
Show 3 replies
Say something",Routine travel post about route tips and fare sharing at Putra Heights People shared regular commute and station photos No emergency notice was posted Malaysia transport update 2026 06 11 There are 13 comments in total author reply Show 3 replies Say something,0,normal_travel_tip,synthetic_mock
lrt is bad again - Xiaohongshu search - Google Chrome,800,mock_post_800.png,lrt is bad again - Xiaohongshu search - Google Chrome,2026-02-22T21:20:00,"KL daily commuter
focus on
Passengers were asked to get off at Pasar Seni due to train fault and wait for replacement at Kelana Jaya.
Passengers shared delay slip and crowding evidence during rush hour
Rapid KL staff guided queue and temporary shuttle arrangement
Malaysia transport update 2025-06-22
There are 16 comments in total
author
reply
Show 2 replies
Say something",Passengers were asked to get off at Pasar Seni due to train fault and wait for replacement at Kelana Jaya Passengers shared delay slip and crowding evidence during rush hour Rapid KL staff guided queue and temporary shuttle arrangement Malaysia transport update 2025 06 22 There are 16 comments in total author reply Show 2 replies Say something,1,incident_train_fault,synthetic_mock
lrt is bad again - Xiaohongshu search - Google Chrome,801,mock_post_801.png,lrt is bad again - Xiaohongshu search - Google Chrome,2026-02-22T21:21:00,"Rapid commuter diary
focus on
General city transport post not related to outage or malfunction at Pasar Seni.
People shared regular commute and station photos
No emergency notice was posted
Malaysia transport update 2025-09-11
There are 15 comments in total
author
reply
Show 2 replies
Say something",General city transport post not related to outage or malfunction at Pasar Seni People shared regular commute and station photos No emergency notice was posted Malaysia transport update 2025 09 11 There are 15 comments in total author reply Show 2 replies Say something,0,normal_general,synthetic_mock
地铁 马来西亚 - 小红书搜索 - Google Chrome,802,mock_post_802.png,地铁 马来西亚 - 小红书搜索 - Google Chrome,2026-02-22T21:22:00,"Little Red Potato 66A1
focus on
Passengers were asked to get off at Pasar Seni due to train fault and wait for replacement at Gombak.
Passengers shared delay slip and crowding evidence during rush hour
Rapid KL staff guided queue and temporary shuttle arrangement
There are 11 comments in total
author
reply
Show 3 replies
Say something",Passengers were asked to get off at Pasar Seni due to train fault and wait for replacement at Gombak Passengers shared delay slip and crowding evidence during rush hour Rapid KL staff guided queue and temporary shuttle arrangement There are 11 comments in total author reply Show 3 replies Say something,1,incident_train_fault,synthetic_mock
lrtkelanajaya故障 - 小红书搜索 - Google Chrome,803,mock_post_803.png,lrtkelanajaya故障 - 小红书搜索 - Google Chrome,2026-02-22T21:23:00,"Little Red Potato 66A1
focus on
Normal operation resumed and train intervals are back to schedule at Universiti.
People shared regular commute and station photos
No emergency notice was posted
There are 12 comments in total
author
reply
Show 1 replies
Say something",Normal operation resumed and train intervals are back to schedule at Universiti People shared regular commute and station photos No emergency notice was posted There are 12 comments in total author reply Show 1 replies Say something,0,normal_operation,synthetic_mock
🇲🇾LRT KelanajayaLine通告，列车降速 - 小红书 - Google Chrome,804,mock_post_804.png,🇲🇾LRT KelanajayaLine通告，列车降速 - 小红书 - Google Chrome,2026-02-22T21:24:00,"Leisurely kitten
focus on
Commuters reported long queue and train delay after track maintenance at Universiti station at Kelana Jaya.
Passengers shared delay slip and crowding evidence during rush hour
Rapid KL staff guided queue and temporary shuttle arrangement
There are 18 comments in total
author
reply
Show 1 replies
Say something",Commuters reported long queue and train delay after track maintenance at Universiti station at Kelana Jaya Passengers shared delay slip and crowding evidence during rush hour Rapid KL staff guided queue and temporary shuttle arrangement There are 18 comments in total author reply Show 1 replies Say something,1,incident_delay,synthetic_mock
mrt fault - 小红书搜索 - Google Chrome,805,mock_post_805.png,mrt fault - 小红书搜索 - Google Chrome,2026-02-22T21:25:00,"Ootashi store
focus on
Routine travel post about route tips and fare sharing at Wangsa Maju.
People shared regular commute and station photos
No emergency notice was posted
There are 10 comments in total
author
reply
Show 3 replies
Say something",Routine travel post about route tips and fare sharing at Wangsa Maju People shared regular commute and station photos No emergency notice was posted There are 10 comments in total author reply Show 3 replies Say something,0,normal_travel_tip,synthetic_mock
lrtkelanajaya线 - 小红书搜索 - Google Chrome,806,mock_post_806.png,lrtkelanajaya线 - 小红书搜索 - Google Chrome,2026-02-22T21:26:00,"Leisurely kitten
focus on
Kelana Jaya line maintenance phase affected frequency and caused crowding at stations at Kelana Jaya.
Passengers shared delay slip and crowding evidence during rush hour
Rapid KL staff guided queue and temporary shuttle arrangement
Malaysia transport update 2025-04-12
There are 15 comments in total
author
reply
Show 2 replies
Say something",Kelana Jaya line maintenance phase affected frequency and caused crowding at stations at Kelana Jaya Passengers shared delay slip and crowding evidence during rush hour Rapid KL staff guided queue and temporary shuttle arrangement Malaysia transport update 2025 04 12 There are 15 comments in total author reply Show 2 replies Say something,1,incident_maintenance_impact,synthetic_mock
lrt is bad again - Xiaohongshu search - Google Chrome,807,mock_post_807.png,lrt is bad again - Xiaohongshu search - Google Chrome,2026-02-22T21:27:00,"Ootashi store
focus on
Routine travel post about route tips and fare sharing at Gombak.
People shared regular commute and station photos
No emergency notice was posted
Malaysia transport update 2024-04-03
There are 15 comments in total
author
reply
Show 3 replies
Say something",Routine travel post about route tips and fare sharing at Gombak People shared regular commute and station photos No emergency notice was posted Malaysia transport update 2024 04 03 There are 15 comments in total author reply Show 3 replies Say something,0,normal_travel_tip,synthetic_mock
mrt fault - 小红书搜索 - Google Chrome,808,mock_post_808.png,mrt fault - 小红书搜索 - Google Chrome,2026-02-22T21:28:00,"Ootashi store
focus on
Power trip caused brief outage and service resumed after technicians completed repair at Masjid Jamek.
Passengers shared delay slip and crowding evidence during rush hour
Rapid KL staff guided queue and temporary shuttle arrangement
Malaysia transport update 2025-12-28
There are 17 comments in total
author
reply
Show 2 replies
Say something",Power trip caused brief outage and service resumed after technicians completed repair at Masjid Jamek Passengers shared delay slip and crowding evidence during rush hour Rapid KL staff guided queue and temporary shuttle arrangement Malaysia transport update 2025 12 28 There are 17 comments in total author reply Show 2 replies Say something,1,incident_power_outage,synthetic_mock
lrtkelanajaya故障 - 小红书搜索 - Google Chrome,809,mock_post_809.png,lrtkelanajaya故障 - 小红书搜索 - Google Chrome,2026-02-22T21:29:00,"KL daily commuter
focus on
Service update says all lines are stable with no major delay this morning at KLCC.
People shared regular commute and station photos
No emergency notice was posted
There are 17 comments in total
author
reply
Show 3 replies
Say something",Service update says all lines are stable with no major delay this morning at KLCC People shared regular commute and station photos No emergency notice was posted There are 17 comments in total author reply Show 3 replies Say something,0,normal_update,synthetic_mock
🇲🇾LRT停运 注意了‼️ - 小红书 - Google Chrome,810,mock_post_810.png,🇲🇾LRT停运 注意了‼️ - 小红书 - Google Chrome,2026-02-22T21:30:00,"Rapid commuter diary
focus on
Rapid KL announced temporary service disruption between KLCC and Gombak with shuttle support at Kelana Jaya.
Passengers shared delay slip and crowding evidence during rush hour
Rapid KL staff guided queue and temporary shuttle arrangement
Malaysia transport update 2026-02-01
There are 10 comments in total
author
reply
Show 1 replies
Say something",Rapid KL announced temporary service disruption between KLCC and Gombak with shuttle support at Kelana Jaya Passengers shared delay slip and crowding evidence during rush hour Rapid KL staff guided queue and temporary shuttle arrangement Malaysia transport update 2026 02 01 There are 10 comments in total author reply Show 1 replies Say something,1,incident_service_disruption,synthetic_mock
🇲🇾LRT KelanajayaLine通告，列车降速 - 小红书 - Google Chrome,811,mock_post_811.png,🇲🇾LRT KelanajayaLine通告，列车降速 - 小红书 - Google Chrome,2026-02-22T21:31:00,"Leisurely kitten
focus on
Routine travel post about route tips and fare sharing at KLCC.
People shared regular commute and station photos
No emergency notice was posted
Malaysia transport update 2024-02-17
There are 10 comments in total
author
reply
Show 1 replies
Say something",Routine travel post about route tips and fare sharing at KLCC People shared regular commute and station photos No emergency notice was posted Malaysia transport update 2024 02 17 There are 10 comments in total author reply Show 1 replies Say something,0,normal_travel_tip,synthetic_mock
🇲🇾LRT停运 注意了‼️ - 小红书 - Google Chrome,812,mock_post_812.png,🇲🇾LRT停运 注意了‼️ - 小红书 - Google Chrome,2026-02-22T21:32:00,"Leisurely kitten
focus on
Commuters reported long queue and train delay after track maintenance at Universiti station at Universiti.
Passengers shared delay slip and crowding evidence during rush hour
Rapid KL staff guided queue and temporary shuttle arrangement
Malaysia transport update 2025-05-18
There are 11 comments in total
author
reply
Show 2 replies
Say something",Commuters reported long queue and train delay after track maintenance at Universiti station at Universiti Passengers shared delay slip and crowding evidence during rush hour Rapid KL staff guided queue and temporary shuttle arrangement Malaysia transport update 2025 05 18 There are 11 comments in total author reply Show 2 replies Say something,1,incident_delay,synthetic_mock
lrt klcc - 小红书搜索 - Google Chrome,813,mock_post_813.png,lrt klcc - 小红书搜索 - Google Chrome,2026-02-22T21:33:00,"Ootashi store
focus on
Normal operation resumed and train intervals are back to schedule at Gombak.
People shared regular commute and station photos
No emergency notice was posted
Malaysia transport update 2024-01-20
There are 18 comments in total
author
reply
Show 3 replies
Say something",Normal operation resumed and train intervals are back to schedule at Gombak People shared regular commute and station photos No emergency notice was posted Malaysia transport update 2024 01 20 There are 18 comments in total author reply Show 3 replies Say something,0,normal_operation,synthetic_mock
lrtkelanajaya线 - 小红书搜索 - Google Chrome,814,mock_post_814.png,lrtkelanajaya线 - 小红书搜索 - Google Chrome,2026-02-22T21:34:00,"Leisurely kitten
focus on
Rapid KL announced temporary service disruption between KLCC and Gombak with shuttle support at Masjid Jamek.
Passengers shared delay slip and crowding evidence during rush hour
Rapid KL staff guided queue and temporary shuttle arrangement
Malaysia transport update 2025-03-23
There are 10 comments in total
author
reply
Show 3 replies
Say something",Rapid KL announced temporary service disruption between KLCC and Gombak with shuttle support at Masjid Jamek Passengers shared delay slip and crowding evidence during rush hour Rapid KL staff guided queue and temporary shuttle arrangement Malaysia transport update 2025 03 23 There are 10 comments in total author reply Show 3 replies Say something,1,incident_service_disruption,synthetic_mock
mrtkajang问题 - 小红书搜索 - Google Chrome,815,mock_post_815.png,mrtkajang问题 - 小红书搜索 - Google Chrome,2026-02-22T21:35:00,"Leisurely kitten
focus on
Service update says all lines are stable with no major delay this morning at KLCC.
People shared regular commute and station photos
No emergency notice was posted
There are 11 comments in total
author
reply
Show 3 replies
Say something",Service update says all lines are stable with no major delay this morning at KLCC People shared regular commute and station photos No emergency notice was posted There are 11 comments in total author reply Show 3 replies Say something,0,normal_update,synthetic_mock
lrt klcc - 小红书搜索 - Google Chrome,816,mock_post_816.png,lrt klcc - 小红书搜索 - Google Chrome,2026-02-22T21:36:00,"Xiaoxuan Talk Malaysia Official
focus on
LRT Kelana Jaya line had a signaling issue during peak hour and trains moved slowly at Pasar Seni.
Passengers shared delay slip and crowding evidence during rush hour
Rapid KL staff guided queue and temporary shuttle arrangement
Malaysia transport update 2026-01-04
There are 13 comments in total
author
reply
Show 1 replies
Say something",LRT Kelana Jaya line had a signaling issue during peak hour and trains moved slowly at Pasar Seni Passengers shared delay slip and crowding evidence during rush hour Rapid KL staff guided queue and temporary shuttle arrangement Malaysia transport update 2026 01 04 There are 13 comments in total author reply Show 1 replies Say something,1,incident_breakdown,synthetic_mock
mrt fault - 小红书搜索 - Google Chrome,817,mock_post_817.png,mrt fault - 小红书搜索 - Google Chrome,2026-02-22T21:37:00,"Ootashi store
focus on
No disruption observed and transfer between lines completed without waiting at Wangsa Maju.
People shared regular commute and station photos
No emergency notice was posted
There are 15 comments in total
author
reply
Show 3 replies
Say something",No disruption observed and transfer between lines completed without waiting at Wangsa Maju People shared regular commute and station photos No emergency notice was posted There are 15 comments in total author reply Show 3 replies Say something,0,normal_no_incident,synthetic_mock
lrtkelanajaya故障 - 小红书搜索 - Google Chrome,818,mock_post_818.png,lrtkelanajaya故障 - 小红书搜索 - Google Chrome,2026-02-22T21:38:00,"KL daily commuter
focus on
Commuters reported long queue and train delay after track maintenance at Universiti station at Putra Heights.
Passengers shared delay slip and crowding evidence during rush hour
Rapid KL staff guided queue and temporary shuttle arrangement
Malaysia transport update 2026-09-03
There are 15 comments in total
author
reply
Show 3 replies
Say something",Commuters reported long queue and train delay after track maintenance at Universiti station at Putra Heights Passengers shared delay slip and crowding evidence during rush hour Rapid KL staff guided queue and temporary shuttle arrangement Malaysia transport update 2026 09 03 There are 15 comments in total author reply Show 3 replies Say something,1,incident_delay,synthetic_mock
lrtkelanajaya线 - 小红书搜索 - Google Chrome,819,mock_post_819.png,lrtkelanajaya线 - 小红书搜索 - Google Chrome,2026-02-22T21:39:00,"Xiaoxuan Talk Malaysia Official
focus on
Normal operation resumed and train intervals are back to schedule at Ampang Park.
People shared regular commute and station photos
No emergency notice was posted
Malaysia transport update 2026-11-23
There are 15 comments in total
author
reply
Show 2 replies
Say something",Normal operation resumed and train intervals are back to schedule at Ampang Park People shared regular commute and station photos No emergency notice was posted Malaysia transport update 2026 11 23 There are 15 comments in total author reply Show 2 replies Say something,0,normal_operation,synthetic_mock
mrt kajang - 小红书搜索 - Google Chrome,820,mock_post_820.png,mrt kajang - 小红书搜索 - Google Chrome,2026-02-22T21:40:00,"KL daily commuter
focus on
Rapid KL announced temporary service disruption between KLCC and Gombak with shuttle support at Pasar Seni.
Passengers shared delay slip and crowding evidence during rush hour
Rapid KL staff guided queue and temporary shuttle arrangement
There are 9 comments in total
author
reply
Show 2 replies
Say something",Rapid KL announced temporary service disruption between KLCC and Gombak with shuttle support at Pasar Seni Passengers shared delay slip and crowding evidence during rush hour Rapid KL staff guided queue and temporary shuttle arrangement There are 9 comments in total author reply Show 2 replies Say something,1,incident_service_disruption,synthetic_mock
mrtkajang问题 - 小红书搜索 - Google Chrome,821,mock_post_821.png,mrtkajang问题 - 小红书搜索 - Google Chrome,2026-02-22T21:41:00,"KL daily commuter
focus on
Service update says all lines are stable with no major delay this morning at Putra Heights.
People shared regular commute and station photos
No emergency notice was posted
There are 11 comments in total
author
reply
Show 2 replies
Say something",Service update says all lines are stable with no major delay this morning at Putra Heights People shared regular commute and station photos No emergency notice was posted There are 11 comments in total author reply Show 2 replies Say something,0,normal_update,synthetic_mock
mrt fault - 小红书搜索 - Google Chrome,822,mock_post_822.png,mrt fault - 小红书搜索 - Google Chrome,2026-02-22T21:42:00,"Rapid commuter diary
focus on
LRT Kelana Jaya line had a signaling issue during peak hour and trains moved slowly at KLCC.
Passengers shared delay slip and crowding evidence during rush hour
Rapid KL staff guided queue and temporary shuttle arrangement
Malaysia transport update 2025-08-28
There are 6 comments in total
author
reply
Show 2 replies
Say something",LRT Kelana Jaya line had a signaling issue during peak hour and trains moved slowly at KLCC Passengers shared delay slip and crowding evidence during rush hour Rapid KL staff guided queue and temporary shuttle arrangement Malaysia transport update 2025 08 28 There are 6 comments in total author reply Show 2 replies Say something,1,incident_breakdown,synthetic_mock
地铁 马来西亚 - 小红书搜索 - Google Chrome,823,mock_post_823.png,地铁 马来西亚 - 小红书搜索 - Google Chrome,2026-02-22T21:43:00,"Ootashi store
focus on
Routine travel post about route tips and fare sharing at KL Sentral.
People shared regular commute and station photos
No emergency notice was posted
Malaysia transport update 2025-12-26
There are 4 comments in total
author
reply
Show 2 replies
Say something",Routine travel post about route tips and fare sharing at KL Sentral People shared regular commute and station photos No emergency notice was posted Malaysia transport update 2025 12 26 There are 4 comments in total author reply Show 2 replies Say something,0,normal_travel_tip,synthetic_mock
🇲🇾LRT KelanajayaLine通告，列车降速 - 小红书 - Google Chrome,824,mock_post_824.png,🇲🇾LRT KelanajayaLine通告，列车降速 - 小红书 - Google Chrome,2026-02-22T21:44:00,"KL daily commuter
focus on
Kelana Jaya line maintenance phase affected frequency and caused crowding at stations at KLCC.
Passengers shared delay slip and crowding evidence during rush hour
Rapid KL staff guided queue and temporary shuttle arrangement
Malaysia transport update 2025-07-19
There are 14 comments in total
author
reply
Show 1 replies
Say something",Kelana Jaya line maintenance phase affected frequency and caused crowding at stations at KLCC Passengers shared delay slip and crowding evidence during rush hour Rapid KL staff guided queue and temporary shuttle arrangement Malaysia transport update 2025 07 19 There are 14 comments in total author reply Show 1 replies Say something,1,incident_maintenance_impact,synthetic_mock
mrt fault - 小红书搜索 - Google Chrome,825,mock_post_825.png,mrt fault - 小红书搜索 - Google Chrome,2026-02-22T21:45:00,"Ootashi store
focus on
Service update says all lines are stable with no major delay this morning at Masjid Jamek.
People shared regular commute and station photos
No emergency notice was posted
There are 13 comments in total
author
reply
Show 1 replies
Say something",Service update says all lines are stable with no major delay this morning at Masjid Jamek People shared regular commute and station photos No emergency notice was posted There are 13 comments in total author reply Show 1 replies Say something,0,normal_update,synthetic_mock
mrt fault - 小红书搜索 - Google Chrome,826,mock_post_826.png,mrt fault - 小红书搜索 - Google Chrome,2026-02-22T21:46:00,"Rapid commuter diary
focus on
Rapid KL announced temporary service disruption between KLCC and Gombak with shuttle support at KL Sentral.
Passengers shared delay slip and crowding evidence during rush hour
Rapid KL staff guided queue and temporary shuttle arrangement
There are 14 comments in total
author
reply
Show 3 replies
Say something",Rapid KL announced temporary service disruption between KLCC and Gombak with shuttle support at KL Sentral Passengers shared delay slip and crowding evidence during rush hour Rapid KL staff guided queue and temporary shuttle arrangement There are 14 comments in total author reply Show 3 replies Say something,1,incident_service_disruption,synthetic_mock
🇲🇾LRT KelanajayaLine通告，列车降速 - 小红书 - Google Chrome,827,mock_post_827.png,🇲🇾LRT KelanajayaLine通告，列车降速 - 小红书 - Google Chrome,2026-02-22T21:47:00,"Ootashi store
focus on
Routine travel post about route tips and fare sharing at Universiti.
People shared regular commute and station photos
No emergency notice was posted
There are 3 comments in total
author
reply
Show 3 replies
Say something",Routine travel post about route tips and fare sharing at Universiti People shared regular commute and station photos No emergency notice was posted There are 3 comments in total author reply Show 3 replies Say something,0,normal_travel_tip,synthetic_mock
lrt klcc - 小红书搜索 - Google Chrome,828,mock_post_828.png,lrt klcc - 小红书搜索 - Google Chrome,2026-02-22T21:48:00,"Little Red Potato 66A1
focus on
Power trip caused brief outage and service resumed after technicians completed repair at KLCC.
Passengers shared delay slip and crowding evidence during rush hour
Rapid KL staff guided queue and temporary shuttle arrangement
There are 11 comments in total
author
reply
Show 3 replies
Say something",Power trip caused brief outage and service resumed after technicians completed repair at KLCC Passengers shared delay slip and crowding evidence during rush hour Rapid KL staff guided queue and temporary shuttle arrangement There are 11 comments in total author reply Show 3 replies Say something,1,incident_power_outage,synthetic_mock
lrt klcc - 小红书搜索 - Google Chrome,829,mock_post_829.png,lrt klcc - 小红书搜索 - Google Chrome,2026-02-22T21:49:00,"Leisurely kitten
focus on
No disruption observed and transfer between lines completed without waiting at Pasar Seni.
People shared regular commute and station photos
No emergency notice was posted
There are 3 comments in total
author
reply
Show 3 replies
Say something",No disruption observed and transfer between lines completed without waiting at Pasar Seni People shared regular commute and station photos No emergency notice was posted There are 3 comments in total author reply Show 3 replies Say something,0,normal_no_incident,synthetic_mock
🇲🇾LRT停运 注意了‼️ - 小红书 - Google Chrome,830,mock_post_830.png,🇲🇾LRT停运 注意了‼️ - 小红书 - Google Chrome,2026-02-22T21:50:00,"KL daily commuter
focus on
Kelana Jaya line maintenance phase affected frequency and caused crowding at stations at KL Sentral.
Passengers shared delay slip and crowding evidence during rush hour
Rapid KL staff guided queue and temporary shuttle arrangement
There are 11 comments in total
author
reply
Show 2 replies
Say something",Kelana Jaya line maintenance phase affected frequency and caused crowding at stations at KL Sentral Passengers shared delay slip and crowding evidence during rush hour Rapid KL staff guided queue and temporary shuttle arrangement There are 11 comments in total author reply Show 2 replies Say something,1,incident_maintenance_impact,synthetic_mock
🇲🇾LRT停运 注意了‼️ - 小红书 - Google Chrome,831,mock_post_831.png,🇲🇾LRT停运 注意了‼️ - 小红书 - Google Chrome,2026-02-22T21:51:00,"Xiaoxuan Talk Malaysia Official
focus on
General city transport post not related to outage or malfunction at Kelana Jaya.
People shared regular commute and station photos
No emergency notice was posted
Malaysia transport update 2024-10-25
There are 1 comments in total
author
reply
Show 1 replies
Say something",General city transport post not related to outage or malfunction at Kelana Jaya People shared regular commute and station photos No emergency notice was posted Malaysia transport update 2024 10 25 There are 1 comments in total author reply Show 1 replies Say something,0,normal_general,synthetic_mock
🇲🇾LRT停运 注意了‼️ - 小红书 - Google Chrome,832,mock_post_832.png,🇲🇾LRT停运 注意了‼️ - 小红书 - Google Chrome,2026-02-22T21:52:00,"Little Red Potato 66A1
focus on
Rapid KL announced temporary service disruption between KLCC and Gombak with shuttle support at Ampang Park.
Passengers shared delay slip and crowding evidence during rush hour
Rapid KL staff guided queue and temporary shuttle arrangement
Malaysia transport update 2026-10-15
There are 7 comments in total
author
reply
Show 1 replies
Say something",Rapid KL announced temporary service disruption between KLCC and Gombak with shuttle support at Ampang Park Passengers shared delay slip and crowding evidence during rush hour Rapid KL staff guided queue and temporary shuttle arrangement Malaysia transport update 2026 10 15 There are 7 comments in total author reply Show 1 replies Say something,1,incident_service_disruption,synthetic_mock
mrt fault - 小红书搜索 - Google Chrome,833,mock_post_833.png,mrt fault - 小红书搜索 - Google Chrome,2026-02-22T21:53:00,"Little Red Potato 66A1
focus on
Commuting to work was smooth and station crowd level was manageable today at Gombak.
People shared regular commute and station photos
No emergency notice was posted
There are 10 comments in total
author
reply
Show 2 replies
Say something",Commuting to work was smooth and station crowd level was manageable today at Gombak People shared regular commute and station photos No emergency notice was posted There are 10 comments in total author reply Show 2 replies Say something,0,normal_commute,synthetic_mock
lrtkelanajaya故障 - 小红书搜索 - Google Chrome,834,mock_post_834.png,lrtkelanajaya故障 - 小红书搜索 - Google Chrome,2026-02-22T21:54:00,"Xiaoxuan Talk Malaysia Official
focus on
LRT Kelana Jaya line had a signaling issue during peak hour and trains moved slowly at KL Sentral.
Passengers shared delay slip and crowding evidence during rush hour
Rapid KL staff guided queue and temporary shuttle arrangement
There are 17 comments in total
author
reply
Show 2 replies
Say something",LRT Kelana Jaya line had a signaling issue during peak hour and trains moved slowly at KL Sentral Passengers shared delay slip and crowding evidence during rush hour Rapid KL staff guided queue and temporary shuttle arrangement There are 17 comments in total author reply Show 2 replies Say something,1,incident_breakdown,synthetic_mock
地铁 马来西亚 - 小红书搜索 - Google Chrome,835,mock_post_835.png,地铁 马来西亚 - 小红书搜索 - Google Chrome,2026-02-22T21:55:00,"Leisurely kitten
focus on
Commuting to work was smooth and station crowd level was manageable today at Kelana Jaya.
People shared regular commute and station photos
No emergency notice was posted
There are 2 comments in total
author
reply
Show 1 replies
Say something",Commuting to work was smooth and station crowd level was manageable today at Kelana Jaya People shared regular commute and station photos No emergency notice was posted There are 2 comments in total author reply Show 1 replies Say something,0,normal_commute,synthetic_mock
mrt fault - 小红书搜索 - Google Chrome,836,mock_post_836.png,mrt fault - 小红书搜索 - Google Chrome,2026-02-22T21:56:00,"KL daily commuter
focus on
Commuters reported long queue and train delay after track maintenance at Universiti station at KLCC.
Passengers shared delay slip and crowding evidence during rush hour
Rapid KL staff guided queue and temporary shuttle arrangement
Malaysia transport update 2024-04-14
There are 13 comments in total
author
reply
Show 3 replies
Say something",Commuters reported long queue and train delay after track maintenance at Universiti station at KLCC Passengers shared delay slip and crowding evidence during rush hour Rapid KL staff guided queue and temporary shuttle arrangement Malaysia transport update 2024 04 14 There are 13 comments in total author reply Show 3 replies Say something,1,incident_delay,synthetic_mock
lrtkelanajaya故障 - 小红书搜索 - Google Chrome,837,mock_post_837.png,lrtkelanajaya故障 - 小红书搜索 - Google Chrome,2026-02-22T21:57:00,"Rapid commuter diary
focus on
General city transport post not related to outage or malfunction at Wangsa Maju.
People shared regular commute and station photos
No emergency notice was posted
Malaysia transport update 2026-04-22
There are 6 comments in total
author
reply
Show 2 replies
Say something",General city transport post not related to outage or malfunction at Wangsa Maju People shared regular commute and station photos No emergency notice was posted Malaysia transport update 2026 04 22 There are 6 comments in total author reply Show 2 replies Say something,0,normal_general,synthetic_mock
lrtkelanajaya故障 - 小红书搜索 - Google Chrome,838,mock_post_838.png,lrtkelanajaya故障 - 小红书搜索 - Google Chrome,2026-02-22T21:58:00,"Rapid commuter diary
focus on
Rapid KL announced temporary service disruption between KLCC and Gombak with shuttle support at Masjid Jamek.
Passengers shared delay slip and crowding evidence during rush hour
Rapid KL staff guided queue and temporary shuttle arrangement
There are 12 comments in total
author
reply
Show 2 replies
Say something",Rapid KL announced temporary service disruption between KLCC and Gombak with shuttle support at Masjid Jamek Passengers shared delay slip and crowding evidence during rush hour Rapid KL staff guided queue and temporary shuttle arrangement There are 12 comments in total author reply Show 2 replies Say something,1,incident_service_disruption,synthetic_mock
mrt kajang - 小红书搜索 - Google Chrome,839,mock_post_839.png,mrt kajang - 小红书搜索 - Google Chrome,2026-02-22T21:59:00,"Ootashi store
focus on
Commuting to work was smooth and station crowd level was manageable today at Pasar Seni.
People shared regular commute and station photos
No emergency notice was posted
Malaysia transport update 2026-01-05
There are 16 comments in total
author
reply
Show 3 replies
Say something",Commuting to work was smooth and station crowd level was manageable today at Pasar Seni People shared regular commute and station photos No emergency notice was posted Malaysia transport update 2026 01 05 There are 16 comments in total author reply Show 3 replies Say something,0,normal_commute,synthetic_mock
🇲🇾LRT KelanajayaLine通告，列车降速 - 小红书 - Google Chrome,840,mock_post_840.png,🇲🇾LRT KelanajayaLine通告，列车降速 - 小红书 - Google Chrome,2026-02-22T22:00:00,"Ootashi store
focus on
Rapid KL announced temporary service disruption between KLCC and Gombak with shuttle support at KLCC.
Passengers shared delay slip and crowding evidence during rush hour
Rapid KL staff guided queue and temporary shuttle arrangement
There are 14 comments in total
author
reply
Show 2 replies
Say something",Rapid KL announced temporary service disruption between KLCC and Gombak with shuttle support at KLCC Passengers shared delay slip and crowding evidence during rush hour Rapid KL staff guided queue and temporary shuttle arrangement There are 14 comments in total author reply Show 2 replies Say something,1,incident_service_disruption,synthetic_mock
mrt fault - 小红书搜索 - Google Chrome,841,mock_post_841.png,mrt fault - 小红书搜索 - Google Chrome,2026-02-22T22:01:00,"Ootashi store
focus on
No disruption observed and transfer between lines completed without waiting at KL Sentral.
People shared regular commute and station photos
No emergency notice was posted
Malaysia transport update 2025-09-27
There are 15 comments in total
author
reply
Show 2 replies
Say something",No disruption observed and transfer between lines completed without waiting at KL Sentral People shared regular commute and station photos No emergency notice was posted Malaysia transport update 2025 09 27 There are 15 comments in total author reply Show 2 replies Say something,0,normal_no_incident,synthetic_mock
lrtkelanajaya线 - 小红书搜索 - Google Chrome,842,mock_post_842.png,lrtkelanajaya线 - 小红书搜索 - Google Chrome,2026-02-22T22:02:00,"Rapid commuter diary
focus on
Rapid KL announced temporary service disruption between KLCC and Gombak with shuttle support at Pasar Seni.
Passengers shared delay slip and crowding evidence during rush hour
Rapid KL staff guided queue and temporary shuttle arrangement
There are 16 comments in total
author
reply
Show 3 replies
Say something",Rapid KL announced temporary service disruption between KLCC and Gombak with shuttle support at Pasar Seni Passengers shared delay slip and crowding evidence during rush hour Rapid KL staff guided queue and temporary shuttle arrangement There are 16 comments in total author reply Show 3 replies Say something,1,incident_service_disruption,synthetic_mock
🇲🇾LRT KelanajayaLine通告，列车降速 - 小红书 - Google Chrome,843,mock_post_843.png,🇲🇾LRT KelanajayaLine通告，列车降速 - 小红书 - Google Chrome,2026-02-22T22:03:00,"Leisurely kitten
focus on
General city transport post not related to outage or malfunction at Masjid Jamek.
People shared regular commute and station photos
No emergency notice was posted
Malaysia transport update 2026-10-12
There are 2 comments in total
author
reply
Show 1 replies
Say something",General city transport post not related to outage or malfunction at Masjid Jamek People shared regular commute and station photos No emergency notice was posted Malaysia transport update 2026 10 12 There are 2 comments in total author reply Show 1 replies Say something,0,normal_general,synthetic_mock
地铁 马来西亚 - 小红书搜索 - Google Chrome,844,mock_post_844.png,地铁 马来西亚 - 小红书搜索 - Google Chrome,2026-02-22T22:04:00,"Xiaoxuan Talk Malaysia Official
focus on
Power trip caused brief outage and service resumed after technicians completed repair at Putra Heights.
Passengers shared delay slip and crowding evidence during rush hour
Rapid KL staff guided queue and temporary shuttle arrangement
There are 3 comments in total
author
reply
Show 1 replies
Say something",Power trip caused brief outage and service resumed after technicians completed repair at Putra Heights Passengers shared delay slip and crowding evidence during rush hour Rapid KL staff guided queue and temporary shuttle arrangement There are 3 comments in total author reply Show 1 replies Say something,1,incident_power_outage,synthetic_mock
🇲🇾LRT停运 注意了‼️ - 小红书 - Google Chrome,845,mock_post_845.png,🇲🇾LRT停运 注意了‼️ - 小红书 - Google Chrome,2026-02-22T22:05:00,"Little Red Potato 66A1
focus on
Commuting to work was smooth and station crowd level was manageable today at Ampang Park.
People shared regular commute and station photos
No emergency notice was posted
Malaysia transport update 2026-02-08
There are 16 comments in total
author
reply
Show 3 replies
Say something",Commuting to work was smooth and station crowd level was manageable today at Ampang Park People shared regular commute and station photos No emergency notice was posted Malaysia transport update 2026 02 08 There are 16 comments in total author reply Show 3 replies Say something,0,normal_commute,synthetic_mock
lrt is bad again - Xiaohongshu search - Google Chrome,846,mock_post_846.png,lrt is bad again - Xiaohongshu search - Google Chrome,2026-02-22T22:06:00,"City transit watcher
focus on
Kelana Jaya line maintenance phase affected frequency and caused crowding at stations at KLCC.
Passengers shared delay slip and crowding evidence during rush hour
Rapid KL staff guided queue and temporary shuttle arrangement
There are 10 comments in total
author
reply
Show 3 replies
Say something",Kelana Jaya line maintenance phase affected frequency and caused crowding at stations at KLCC Passengers shared delay slip and crowding evidence during rush hour Rapid KL staff guided queue and temporary shuttle arrangement There are 10 comments in total author reply Show 3 replies Say something,1,incident_maintenance_impact,synthetic_mock
mrt fault - 小红书搜索 - Google Chrome,847,mock_post_847.png,mrt fault - 小红书搜索 - Google Chrome,2026-02-22T22:07:00,"KL daily commuter
focus on
Commuting to work was smooth and station crowd level was manageable today at Masjid Jamek.
People shared regular commute and station photos
No emergency notice was posted
Malaysia transport update 2025-09-16
There are 11 comments in total
author
reply
Show 2 replies
Say something",Commuting to work was smooth and station crowd level was manageable today at Masjid Jamek People shared regular commute and station photos No emergency notice was posted Malaysia transport update 2025 09 16 There are 11 comments in total author reply Show 2 replies Say something,0,normal_commute,synthetic_mock
🇲🇾LRT停运 注意了‼️ - 小红书 - Google Chrome,848,mock_post_848.png,🇲🇾LRT停运 注意了‼️ - 小红书 - Google Chrome,2026-02-22T22:08:00,"Ootashi store
focus on
Commuters reported long queue and train delay after track maintenance at Universiti station at Gombak.
Passengers shared delay slip and crowding evidence during rush hour
Rapid KL staff guided queue and temporary shuttle arrangement
Malaysia transport update 2026-12-10
There are 9 comments in total
author
reply
Show 1 replies
Say something",Commuters reported long queue and train delay after track maintenance at Universiti station at Gombak Passengers shared delay slip and crowding evidence during rush hour Rapid KL staff guided queue and temporary shuttle arrangement Malaysia transport update 2026 12 10 There are 9 comments in total author reply Show 1 replies Say something,1,incident_delay,synthetic_mock
🇲🇾LRT KelanajayaLine通告，列车降速 - 小红书 - Google Chrome,849,mock_post_849.png,🇲🇾LRT KelanajayaLine通告，列车降速 - 小红书 - Google Chrome,2026-02-22T22:09:00,"Ootashi store
focus on
No disruption observed and transfer between lines completed without waiting at KL Sentral.
People shared regular commute and station photos
No emergency notice was posted
There are 10 comments in total
author
reply
Show 3 replies
Say something",No disruption observed and transfer between lines completed without waiting at KL Sentral People shared regular commute and station photos No emergency notice was posted There are 10 comments in total author reply Show 3 replies Say something,0,normal_no_incident,synthetic_mock
lrtkelanajaya故障 - 小红书搜索 - Google Chrome,850,mock_post_850.png,lrtkelanajaya故障 - 小红书搜索 - Google Chrome,2026-02-22T22:10:00,"Rapid commuter diary
focus on
LRT Kelana Jaya line had a signaling issue during peak hour and trains moved slowly at Gombak.
Passengers shared delay slip and crowding evidence during rush hour
Rapid KL staff guided queue and temporary shuttle arrangement
Malaysia transport update 2026-02-28
There are 9 comments in total
author
reply
Show 2 replies
Say something",LRT Kelana Jaya line had a signaling issue during peak hour and trains moved slowly at Gombak Passengers shared delay slip and crowding evidence during rush hour Rapid KL staff guided queue and temporary shuttle arrangement Malaysia transport update 2026 02 28 There are 9 comments in total author reply Show 2 replies Say something,1,incident_breakdown,synthetic_mock
lrt klcc - 小红书搜索 - Google Chrome,851,mock_post_851.png,lrt klcc - 小红书搜索 - Google Chrome,2026-02-22T22:11:00,"Leisurely kitten
focus on
Routine travel post about route tips and fare sharing at Gombak.
People shared regular commute and station photos
No emergency notice was posted
There are 1 comments in total
author
reply
Show 3 replies
Say something",Routine travel post about route tips and fare sharing at Gombak People shared regular commute and station photos No emergency notice was posted There are 1 comments in total author reply Show 3 replies Say something,0,normal_travel_tip,synthetic_mock
lrtkelanajaya故障 - 小红书搜索 - Google Chrome,852,mock_post_852.png,lrtkelanajaya故障 - 小红书搜索 - Google Chrome,2026-02-22T22:12:00,"Little Red Potato 66A1
focus on
Passengers were asked to get off at Pasar Seni due to train fault and wait for replacement at Pasar Seni.
Passengers shared delay slip and crowding evidence during rush hour
Rapid KL staff guided queue and temporary shuttle arrangement
There are 15 comments in total
author
reply
Show 2 replies
Say something",Passengers were asked to get off at Pasar Seni due to train fault and wait for replacement at Pasar Seni Passengers shared delay slip and crowding evidence during rush hour Rapid KL staff guided queue and temporary shuttle arrangement There are 15 comments in total author reply Show 2 replies Say something,1,incident_train_fault,synthetic_mock
🇲🇾LRT KelanajayaLine通告，列车降速 - 小红书 - Google Chrome,853,mock_post_853.png,🇲🇾LRT KelanajayaLine通告，列车降速 - 小红书 - Google Chrome,2026-02-22T22:13:00,"Rapid commuter diary
focus on
Commuting to work was smooth and station crowd level was manageable today at Universiti.
People shared regular commute and station photos
No emergency notice was posted
Malaysia transport update 2026-01-11
There are 3 comments in total
author
reply
Show 1 replies
Say something",Commuting to work was smooth and station crowd level was manageable today at Universiti People shared regular commute and station photos No emergency notice was posted Malaysia transport update 2026 01 11 There are 3 comments in total author reply Show 1 replies Say something,0,normal_commute,synthetic_mock
🇲🇾LRT停运 注意了‼️ - 小红书 - Google Chrome,854,mock_post_854.png,🇲🇾LRT停运 注意了‼️ - 小红书 - Google Chrome,2026-02-22T22:14:00,"KL daily commuter
focus on
Rapid KL announced temporary service disruption between KLCC and Gombak with shuttle support at Ampang Park.
Passengers shared delay slip and crowding evidence during rush hour
Rapid KL staff guided queue and temporary shuttle arrangement
There are 13 comments in total
author
reply
Show 1 replies
Say something",Rapid KL announced temporary service disruption between KLCC and Gombak with shuttle support at Ampang Park Passengers shared delay slip and crowding evidence during rush hour Rapid KL staff guided queue and temporary shuttle arrangement There are 13 comments in total author reply Show 1 replies Say something,1,incident_service_disruption,synthetic_mock
🇲🇾LRT停运 注意了‼️ - 小红书 - Google Chrome,855,mock_post_855.png,🇲🇾LRT停运 注意了‼️ - 小红书 - Google Chrome,2026-02-22T22:15:00,"Ootashi store
focus on
No disruption observed and transfer between lines completed without waiting at Pasar Seni.
People shared regular commute and station photos
No emergency notice was posted
There are 12 comments in total
author
reply
Show 1 replies
Say something",No disruption observed and transfer between lines completed without waiting at Pasar Seni People shared regular commute and station photos No emergency notice was posted There are 12 comments in total author reply Show 1 replies Say something,0,normal_no_incident,synthetic_mock
地铁 马来西亚 - 小红书搜索 - Google Chrome,856,mock_post_856.png,地铁 马来西亚 - 小红书搜索 - Google Chrome,2026-02-22T22:16:00,"Xiaoxuan Talk Malaysia Official
focus on
Commuters reported long queue and train delay after track maintenance at Universiti station at KLCC.
Passengers shared delay slip and crowding evidence during rush hour
Rapid KL staff guided queue and temporary shuttle arrangement
Malaysia transport update 2025-08-10
There are 16 comments in total
author
reply
Show 3 replies
Say something",Commuters reported long queue and train delay after track maintenance at Universiti station at KLCC Passengers shared delay slip and crowding evidence during rush hour Rapid KL staff guided queue and temporary shuttle arrangement Malaysia transport update 2025 08 10 There are 16 comments in total author reply Show 3 replies Say something,1,incident_delay,synthetic_mock
lrtkelanajaya故障 - 小红书搜索 - Google Chrome,857,mock_post_857.png,lrtkelanajaya故障 - 小红书搜索 - Google Chrome,2026-02-22T22:17:00,"City transit watcher
focus on
Service update says all lines are stable with no major delay this morning at Wangsa Maju.
People shared regular commute and station photos
No emergency notice was posted
There are 16 comments in total
author
reply
Show 2 replies
Say something",Service update says all lines are stable with no major delay this morning at Wangsa Maju People shared regular commute and station photos No emergency notice was posted There are 16 comments in total author reply Show 2 replies Say something,0,normal_update,synthetic_mock
🇲🇾LRT停运 注意了‼️ - 小红书 - Google Chrome,858,mock_post_858.png,🇲🇾LRT停运 注意了‼️ - 小红书 - Google Chrome,2026-02-22T22:18:00,"Xiaoxuan Talk Malaysia Official
focus on
Passengers were asked to get off at Pasar Seni due to train fault and wait for replacement at Wangsa Maju.
Passengers shared delay slip and crowding evidence during rush hour
Rapid KL staff guided queue and temporary shuttle arrangement
Malaysia transport update 2025-07-22
There are 11 comments in total
author
reply
Show 3 replies
Say something",Passengers were asked to get off at Pasar Seni due to train fault and wait for replacement at Wangsa Maju Passengers shared delay slip and crowding evidence during rush hour Rapid KL staff guided queue and temporary shuttle arrangement Malaysia transport update 2025 07 22 There are 11 comments in total author reply Show 3 replies Say something,1,incident_train_fault,synthetic_mock
🇲🇾LRT停运 注意了‼️ - 小红书 - Google Chrome,859,mock_post_859.png,🇲🇾LRT停运 注意了‼️ - 小红书 - Google Chrome,2026-02-22T22:19:00,"Little Red Potato 66A1
focus on
Normal operation resumed and train intervals are back to schedule at KLCC.
People shared regular commute and station photos
No emergency notice was posted
There are 14 comments in total
author
reply
Show 3 replies
Say something",Normal operation resumed and train intervals are back to schedule at KLCC People shared regular commute and station photos No emergency notice was posted There are 14 comments in total author reply Show 3 replies Say something,0,normal_operation,synthetic_mock
🇲🇾LRT停运 注意了‼️ - 小红书 - Google Chrome,860,mock_post_860.png,🇲🇾LRT停运 注意了‼️ - 小红书 - Google Chrome,2026-02-22T22:20:00,"Leisurely kitten
focus on
Commuters reported long queue and train delay after track maintenance at Universiti station at Putra Heights.
Passengers shared delay slip and crowding evidence during rush hour
Rapid KL staff guided queue and temporary shuttle arrangement
Malaysia transport update 2024-05-21
There are 13 comments in total
author
reply
Show 2 replies
Say something",Commuters reported long queue and train delay after track maintenance at Universiti station at Putra Heights Passengers shared delay slip and crowding evidence during rush hour Rapid KL staff guided queue and temporary shuttle arrangement Malaysia transport update 2024 05 21 There are 13 comments in total author reply Show 2 replies Say something,1,incident_delay,synthetic_mock
mrt fault - 小红书搜索 - Google Chrome,861,mock_post_861.png,mrt fault - 小红书搜索 - Google Chrome,2026-02-22T22:21:00,"City transit watcher
focus on
General city transport post not related to outage or malfunction at Universiti.
People shared regular commute and station photos
No emergency notice was posted
There are 7 comments in total
author
reply
Show 3 replies
Say something",General city transport post not related to outage or malfunction at Universiti People shared regular commute and station photos No emergency notice was posted There are 7 comments in total author reply Show 3 replies Say something,0,normal_general,synthetic_mock
mrt kajang - 小红书搜索 - Google Chrome,862,mock_post_862.png,mrt kajang - 小红书搜索 - Google Chrome,2026-02-22T22:22:00,"Leisurely kitten
focus on
Kelana Jaya line maintenance phase affected frequency and caused crowding at stations at Pasar Seni.
Passengers shared delay slip and crowding evidence during rush hour
Rapid KL staff guided queue and temporary shuttle arrangement
Malaysia transport update 2026-01-27
There are 3 comments in total
author
reply
Show 1 replies
Say something",Kelana Jaya line maintenance phase affected frequency and caused crowding at stations at Pasar Seni Passengers shared delay slip and crowding evidence during rush hour Rapid KL staff guided queue and temporary shuttle arrangement Malaysia transport update 2026 01 27 There are 3 comments in total author reply Show 1 replies Say something,1,incident_maintenance_impact,synthetic_mock
mrt - 小红书搜索 - Google Chrome,863,mock_post_863.png,mrt - 小红书搜索 - Google Chrome,2026-02-22T22:23:00,"Xiaoxuan Talk Malaysia Official
focus on
Normal operation resumed and train intervals are back to schedule at Masjid Jamek.
People shared regular commute and station photos
No emergency notice was posted
There are 12 comments in total
author
reply
Show 1 replies
Say something",Normal operation resumed and train intervals are back to schedule at Masjid Jamek People shared regular commute and station photos No emergency notice was posted There are 12 comments in total author reply Show 1 replies Say something,0,normal_operation,synthetic_mock
🇲🇾LRT停运 注意了‼️ - 小红书 - Google Chrome,864,mock_post_864.png,🇲🇾LRT停运 注意了‼️ - 小红书 - Google Chrome,2026-02-22T22:24:00,"Xiaoxuan Talk Malaysia Official
focus on
Commuters reported long queue and train delay after track maintenance at Universiti station at Universiti.
Passengers shared delay slip and crowding evidence during rush hour
Rapid KL staff guided queue and temporary shuttle arrangement
Malaysia transport update 2024-01-20
There are 7 comments in total
author
reply
Show 3 replies
Say something",Commuters reported long queue and train delay after track maintenance at Universiti station at Universiti Passengers shared delay slip and crowding evidence during rush hour Rapid KL staff guided queue and temporary shuttle arrangement Malaysia transport update 2024 01 20 There are 7 comments in total author reply Show 3 replies Say something,1,incident_delay,synthetic_mock
🇲🇾LRT停运 注意了‼️ - 小红书 - Google Chrome,865,mock_post_865.png,🇲🇾LRT停运 注意了‼️ - 小红书 - Google Chrome,2026-02-22T22:25:00,"Xiaoxuan Talk Malaysia Official
focus on
Normal operation resumed and train intervals are back to schedule at KLCC.
People shared regular commute and station photos
No emergency notice was posted
There are 5 comments in total
author
reply
Show 2 replies
Say something",Normal operation resumed and train intervals are back to schedule at KLCC People shared regular commute and station photos No emergency notice was posted There are 5 comments in total author reply Show 2 replies Say something,0,normal_operation,synthetic_mock
lrtkelanajaya故障 - 小红书搜索 - Google Chrome,866,mock_post_866.png,lrtkelanajaya故障 - 小红书搜索 - Google Chrome,2026-02-22T22:26:00,"KL daily commuter
focus on
Kelana Jaya line maintenance phase affected frequency and caused crowding at stations at KL Sentral.
Passengers shared delay slip and crowding evidence during rush hour
Rapid KL staff guided queue and temporary shuttle arrangement
There are 4 comments in total
author
reply
Show 3 replies
Say something",Kelana Jaya line maintenance phase affected frequency and caused crowding at stations at KL Sentral Passengers shared delay slip and crowding evidence during rush hour Rapid KL staff guided queue and temporary shuttle arrangement There are 4 comments in total author reply Show 3 replies Say something,1,incident_maintenance_impact,synthetic_mock
mrtkajang问题 - 小红书搜索 - Google Chrome,867,mock_post_867.png,mrtkajang问题 - 小红书搜索 - Google Chrome,2026-02-22T22:27:00,"Rapid commuter diary
focus on
Commuting to work was smooth and station crowd level was manageable today at Gombak.
People shared regular commute and station photos
No emergency notice was posted
There are 3 comments in total
author
reply
Show 3 replies
Say something",Commuting to work was smooth and station crowd level was manageable today at Gombak People shared regular commute and station photos No emergency notice was posted There are 3 comments in total author reply Show 3 replies Say something,0,normal_commute,synthetic_mock
lrtkelanajaya故障 - 小红书搜索 - Google Chrome,868,mock_post_868.png,lrtkelanajaya故障 - 小红书搜索 - Google Chrome,2026-02-22T22:28:00,"City transit watcher
focus on
Commuters reported long queue and train delay after track maintenance at Universiti station at Wangsa Maju.
Passengers shared delay slip and crowding evidence during rush hour
Rapid KL staff guided queue and temporary shuttle arrangement
There are 11 comments in total
author
reply
Show 2 replies
Say something",Commuters reported long queue and train delay after track maintenance at Universiti station at Wangsa Maju Passengers shared delay slip and crowding evidence during rush hour Rapid KL staff guided queue and temporary shuttle arrangement There are 11 comments in total author reply Show 2 replies Say something,1,incident_delay,synthetic_mock
lrtkelanajaya故障 - 小红书搜索 - Google Chrome,869,mock_post_869.png,lrtkelanajaya故障 - 小红书搜索 - Google Chrome,2026-02-22T22:29:00,"KL daily commuter
focus on
Normal operation resumed and train intervals are back to schedule at Gombak.
People shared regular commute and station photos
No emergency notice was posted
Malaysia transport update 2025-06-02
There are 9 comments in total
author
reply
Show 2 replies
Say something",Normal operation resumed and train intervals are back to schedule at Gombak People shared regular commute and station photos No emergency notice was posted Malaysia transport update 2025 06 02 There are 9 comments in total author reply Show 2 replies Say something,0,normal_operation,synthetic_mock
mrt kajang - 小红书搜索 - Google Chrome,870,mock_post_870.png,mrt kajang - 小红书搜索 - Google Chrome,2026-02-22T22:30:00,"Rapid commuter diary
focus on
Power trip caused brief outage and service resumed after technicians completed repair at KLCC.
Passengers shared delay slip and crowding evidence during rush hour
Rapid KL staff guided queue and temporary shuttle arrangement
There are 7 comments in total
author
reply
Show 3 replies
Say something",Power trip caused brief outage and service resumed after technicians completed repair at KLCC Passengers shared delay slip and crowding evidence during rush hour Rapid KL staff guided queue and temporary shuttle arrangement There are 7 comments in total author reply Show 3 replies Say something,1,incident_power_outage,synthetic_mock
mrt - 小红书搜索 - Google Chrome,871,mock_post_871.png,mrt - 小红书搜索 - Google Chrome,2026-02-22T22:31:00,"Xiaoxuan Talk Malaysia Official
focus on
Service update says all lines are stable with no major delay this morning at Ampang Park.
People shared regular commute and station photos
No emergency notice was posted
Malaysia transport update 2025-04-20
There are 4 comments in total
author
reply
Show 2 replies
Say something",Service update says all lines are stable with no major delay this morning at Ampang Park People shared regular commute and station photos No emergency notice was posted Malaysia transport update 2025 04 20 There are 4 comments in total author reply Show 2 replies Say something,0,normal_update,synthetic_mock
mrtkajang问题 - 小红书搜索 - Google Chrome,872,mock_post_872.png,mrtkajang问题 - 小红书搜索 - Google Chrome,2026-02-22T22:32:00,"Xiaoxuan Talk Malaysia Official
focus on
LRT Kelana Jaya line had a signaling issue during peak hour and trains moved slowly at Kelana Jaya.
Passengers shared delay slip and crowding evidence during rush hour
Rapid KL staff guided queue and temporary shuttle arrangement
Malaysia transport update 2026-05-25
There are 15 comments in total
author
reply
Show 1 replies
Say something",LRT Kelana Jaya line had a signaling issue during peak hour and trains moved slowly at Kelana Jaya Passengers shared delay slip and crowding evidence during rush hour Rapid KL staff guided queue and temporary shuttle arrangement Malaysia transport update 2026 05 25 There are 15 comments in total author reply Show 1 replies Say something,1,incident_breakdown,synthetic_mock
mrt fault - 小红书搜索 - Google Chrome,873,mock_post_873.png,mrt fault - 小红书搜索 - Google Chrome,2026-02-22T22:33:00,"Xiaoxuan Talk Malaysia Official
focus on
Service update says all lines are stable with no major delay this morning at Kelana Jaya.
People shared regular commute and station photos
No emergency notice was posted
There are 9 comments in total
author
reply
Show 1 replies
Say something",Service update says all lines are stable with no major delay this morning at Kelana Jaya People shared regular commute and station photos No emergency notice was posted There are 9 comments in total author reply Show 1 replies Say something,0,normal_update,synthetic_mock
lrt klcc - 小红书搜索 - Google Chrome,874,mock_post_874.png,lrt klcc - 小红书搜索 - Google Chrome,2026-02-22T22:34:00,"Xiaoxuan Talk Malaysia Official
focus on
Power trip caused brief outage and service resumed after technicians completed repair at KL Sentral.
Passengers shared delay slip and crowding evidence during rush hour
Rapid KL staff guided queue and temporary shuttle arrangement
Malaysia transport update 2025-08-14
There are 13 comments in total
author
reply
Show 3 replies
Say something",Power trip caused brief outage and service resumed after technicians completed repair at KL Sentral Passengers shared delay slip and crowding evidence during rush hour Rapid KL staff guided queue and temporary shuttle arrangement Malaysia transport update 2025 08 14 There are 13 comments in total author reply Show 3 replies Say something,1,incident_power_outage,synthetic_mock
mrt fault - 小红书搜索 - Google Chrome,875,mock_post_875.png,mrt fault - 小红书搜索 - Google Chrome,2026-02-22T22:35:00,"Xiaoxuan Talk Malaysia Official
focus on
Routine travel post about route tips and fare sharing at Universiti.
People shared regular commute and station photos
No emergency notice was posted
Malaysia transport update 2026-08-04
There are 18 comments in total
author
reply
Show 2 replies
Say something",Routine travel post about route tips and fare sharing at Universiti People shared regular commute and station photos No emergency notice was posted Malaysia transport update 2026 08 04 There are 18 comments in total author reply Show 2 replies Say something,0,normal_travel_tip,synthetic_mock
lrt klcc - 小红书搜索 - Google Chrome,876,mock_post_876.png,lrt klcc - 小红书搜索 - Google Chrome,2026-02-22T22:36:00,"Rapid commuter diary
focus on
Kelana Jaya line maintenance phase affected frequency and caused crowding at stations at Gombak.
Passengers shared delay slip and crowding evidence during rush hour
Rapid KL staff guided queue and temporary shuttle arrangement
Malaysia transport update 2026-02-12
There are 18 comments in total
author
reply
Show 2 replies
Say something",Kelana Jaya line maintenance phase affected frequency and caused crowding at stations at Gombak Passengers shared delay slip and crowding evidence during rush hour Rapid KL staff guided queue and temporary shuttle arrangement Malaysia transport update 2026 02 12 There are 18 comments in total author reply Show 2 replies Say something,1,incident_maintenance_impact,synthetic_mock
mrt kajang - 小红书搜索 - Google Chrome,877,mock_post_877.png,mrt kajang - 小红书搜索 - Google Chrome,2026-02-22T22:37:00,"City transit watcher
focus on
No disruption observed and transfer between lines completed without waiting at Gombak.
People shared regular commute and station photos
No emergency notice was posted
Malaysia transport update 2026-01-13
There are 7 comments in total
author
reply
Show 2 replies
Say something",No disruption observed and transfer between lines completed without waiting at Gombak People shared regular commute and station photos No emergency notice was posted Malaysia transport update 2026 01 13 There are 7 comments in total author reply Show 2 replies Say something,0,normal_no_incident,synthetic_mock
lrt is bad again - Xiaohongshu search - Google Chrome,878,mock_post_878.png,lrt is bad again - Xiaohongshu search - Google Chrome,2026-02-22T22:38:00,"Rapid commuter diary
focus on
LRT Kelana Jaya line had a signaling issue during peak hour and trains moved slowly at Putra Heights.
Passengers shared delay slip and crowding evidence during rush hour
Rapid KL staff guided queue and temporary shuttle arrangement
Malaysia transport update 2026-08-24
There are 7 comments in total
author
reply
Show 1 replies
Say something",LRT Kelana Jaya line had a signaling issue during peak hour and trains moved slowly at Putra Heights Passengers shared delay slip and crowding evidence during rush hour Rapid KL staff guided queue and temporary shuttle arrangement Malaysia transport update 2026 08 24 There are 7 comments in total author reply Show 1 replies Say something,1,incident_breakdown,synthetic_mock
mrt kajang - 小红书搜索 - Google Chrome,879,mock_post_879.png,mrt kajang - 小红书搜索 - Google Chrome,2026-02-22T22:39:00,"City transit watcher
focus on
Service update says all lines are stable with no major delay this morning at Kelana Jaya.
People shared regular commute and station photos
No emergency notice was posted
There are 8 comments in total
author
reply
Show 2 replies
Say something",Service update says all lines are stable with no major delay this morning at Kelana Jaya People shared regular commute and station photos No emergency notice was posted There are 8 comments in total author reply Show 2 replies Say something,0,normal_update,synthetic_mock
lrt is bad again - Xiaohongshu search - Google Chrome,880,mock_post_880.png,lrt is bad again - Xiaohongshu search - Google Chrome,2026-02-22T22:40:00,"City transit watcher
focus on
LRT Kelana Jaya line had a signaling issue during peak hour and trains moved slowly at Masjid Jamek.
Passengers shared delay slip and crowding evidence during rush hour
Rapid KL staff guided queue and temporary shuttle arrangement
Malaysia transport update 2026-08-01
There are 2 comments in total
author
reply
Show 2 replies
Say something",LRT Kelana Jaya line had a signaling issue during peak hour and trains moved slowly at Masjid Jamek Passengers shared delay slip and crowding evidence during rush hour Rapid KL staff guided queue and temporary shuttle arrangement Malaysia transport update 2026 08 01 There are 2 comments in total author reply Show 2 replies Say something,1,incident_breakdown,synthetic_mock
地铁 马来西亚 - 小红书搜索 - Google Chrome,881,mock_post_881.png,地铁 马来西亚 - 小红书搜索 - Google Chrome,2026-02-22T22:41:00,"Rapid commuter diary
focus on
Commuting to work was smooth and station crowd level was manageable today at Kelana Jaya.
People shared regular commute and station photos
No emergency notice was posted
Malaysia transport update 2026-11-17
There are 15 comments in total
author
reply
Show 3 replies
Say something",Commuting to work was smooth and station crowd level was manageable today at Kelana Jaya People shared regular commute and station photos No emergency notice was posted Malaysia transport update 2026 11 17 There are 15 comments in total author reply Show 3 replies Say something,0,normal_commute,synthetic_mock
lrtkelanajaya故障 - 小红书搜索 - Google Chrome,882,mock_post_882.png,lrtkelanajaya故障 - 小红书搜索 - Google Chrome,2026-02-22T22:42:00,"Ootashi store
focus on
Rapid KL announced temporary service disruption between KLCC and Gombak with shuttle support at KL Sentral.
Passengers shared delay slip and crowding evidence during rush hour
Rapid KL staff guided queue and temporary shuttle arrangement
There are 2 comments in total
author
reply
Show 3 replies
Say something",Rapid KL announced temporary service disruption between KLCC and Gombak with shuttle support at KL Sentral Passengers shared delay slip and crowding evidence during rush hour Rapid KL staff guided queue and temporary shuttle arrangement There are 2 comments in total author reply Show 3 replies Say something,1,incident_service_disruption,synthetic_mock
🇲🇾LRT停运 注意了‼️ - 小红书 - Google Chrome,883,mock_post_883.png,🇲🇾LRT停运 注意了‼️ - 小红书 - Google Chrome,2026-02-22T22:43:00,"Rapid commuter diary
focus on
No disruption observed and transfer between lines completed without waiting at Kelana Jaya.
People shared regular commute and station photos
No emergency notice was posted
There are 2 comments in total
author
reply
Show 1 replies
Say something",No disruption observed and transfer between lines completed without waiting at Kelana Jaya People shared regular commute and station photos No emergency notice was posted There are 2 comments in total author reply Show 1 replies Say something,0,normal_no_incident,synthetic_mock
mrtkajang问题 - 小红书搜索 - Google Chrome,884,mock_post_884.png,mrtkajang问题 - 小红书搜索 - Google Chrome,2026-02-22T22:44:00,"Ootashi store
focus on
Rapid KL announced temporary service disruption between KLCC and Gombak with shuttle support at Kelana Jaya.
Passengers shared delay slip and crowding evidence during rush hour
Rapid KL staff guided queue and temporary shuttle arrangement
There are 10 comments in total
author
reply
Show 1 replies
Say something",Rapid KL announced temporary service disruption between KLCC and Gombak with shuttle support at Kelana Jaya Passengers shared delay slip and crowding evidence during rush hour Rapid KL staff guided queue and temporary shuttle arrangement There are 10 comments in total author reply Show 1 replies Say something,1,incident_service_disruption,synthetic_mock
mrtkajang问题 - 小红书搜索 - Google Chrome,885,mock_post_885.png,mrtkajang问题 - 小红书搜索 - Google Chrome,2026-02-22T22:45:00,"KL daily commuter
focus on
Routine travel post about route tips and fare sharing at Pasar Seni.
People shared regular commute and station photos
No emergency notice was posted
There are 4 comments in total
author
reply
Show 1 replies
Say something",Routine travel post about route tips and fare sharing at Pasar Seni People shared regular commute and station photos No emergency notice was posted There are 4 comments in total author reply Show 1 replies Say something,0,normal_travel_tip,synthetic_mock
lrt klcc - 小红书搜索 - Google Chrome,886,mock_post_886.png,lrt klcc - 小红书搜索 - Google Chrome,2026-02-22T22:46:00,"Ootashi store
focus on
Passengers were asked to get off at Pasar Seni due to train fault and wait for replacement at KL Sentral.
Passengers shared delay slip and crowding evidence during rush hour
Rapid KL staff guided queue and temporary shuttle arrangement
Malaysia transport update 2024-07-11
There are 13 comments in total
author
reply
Show 2 replies
Say something",Passengers were asked to get off at Pasar Seni due to train fault and wait for replacement at KL Sentral Passengers shared delay slip and crowding evidence during rush hour Rapid KL staff guided queue and temporary shuttle arrangement Malaysia transport update 2024 07 11 There are 13 comments in total author reply Show 2 replies Say something,1,incident_train_fault,synthetic_mock
lrt klcc - 小红书搜索 - Google Chrome,887,mock_post_887.png,lrt klcc - 小红书搜索 - Google Chrome,2026-02-22T22:47:00,"Little Red Potato 66A1
focus on
General city transport post not related to outage or malfunction at KL Sentral.
People shared regular commute and station photos
No emergency notice was posted
Malaysia transport update 2024-01-19
There are 6 comments in total
author
reply
Show 2 replies
Say something",General city transport post not related to outage or malfunction at KL Sentral People shared regular commute and station photos No emergency notice was posted Malaysia transport update 2024 01 19 There are 6 comments in total author reply Show 2 replies Say something,0,normal_general,synthetic_mock
mrt fault - 小红书搜索 - Google Chrome,888,mock_post_888.png,mrt fault - 小红书搜索 - Google Chrome,2026-02-22T22:48:00,"Ootashi store
focus on
LRT Kelana Jaya line had a signaling issue during peak hour and trains moved slowly at Gombak.
Passengers shared delay slip and crowding evidence during rush hour
Rapid KL staff guided queue and temporary shuttle arrangement
There are 6 comments in total
author
reply
Show 3 replies
Say something",LRT Kelana Jaya line had a signaling issue during peak hour and trains moved slowly at Gombak Passengers shared delay slip and crowding evidence during rush hour Rapid KL staff guided queue and temporary shuttle arrangement There are 6 comments in total author reply Show 3 replies Say something,1,incident_breakdown,synthetic_mock
🇲🇾LRT KelanajayaLine通告，列车降速 - 小红书 - Google Chrome,889,mock_post_889.png,🇲🇾LRT KelanajayaLine通告，列车降速 - 小红书 - Google Chrome,2026-02-22T22:49:00,"Rapid commuter diary
focus on
Routine travel post about route tips and fare sharing at Pasar Seni.
People shared regular commute and station photos
No emergency notice was posted
Malaysia transport update 2026-01-05
There are 4 comments in total
author
reply
Show 3 replies
Say something",Routine travel post about route tips and fare sharing at Pasar Seni People shared regular commute and station photos No emergency notice was posted Malaysia transport update 2026 01 05 There are 4 comments in total author reply Show 3 replies Say something,0,normal_travel_tip,synthetic_mock
lrt is bad again - Xiaohongshu search - Google Chrome,890,mock_post_890.png,lrt is bad again - Xiaohongshu search - Google Chrome,2026-02-22T22:50:00,"Xiaoxuan Talk Malaysia Official
focus on
Power trip caused brief outage and service resumed after technicians completed repair at Pasar Seni.
Passengers shared delay slip and crowding evidence during rush hour
Rapid KL staff guided queue and temporary shuttle arrangement
There are 3 comments in total
author
reply
Show 1 replies
Say something",Power trip caused brief outage and service resumed after technicians completed repair at Pasar Seni Passengers shared delay slip and crowding evidence during rush hour Rapid KL staff guided queue and temporary shuttle arrangement There are 3 comments in total author reply Show 1 replies Say something,1,incident_power_outage,synthetic_mock
mrtkajang问题 - 小红书搜索 - Google Chrome,891,mock_post_891.png,mrtkajang问题 - 小红书搜索 - Google Chrome,2026-02-22T22:51:00,"City transit watcher
focus on
Service update says all lines are stable with no major delay this morning at KLCC.
People shared regular commute and station photos
No emergency notice was posted
There are 10 comments in total
author
reply
Show 2 replies
Say something",Service update says all lines are stable with no major delay this morning at KLCC People shared regular commute and station photos No emergency notice was posted There are 10 comments in total author reply Show 2 replies Say something,0,normal_update,synthetic_mock
lrtkelanajaya故障 - 小红书搜索 - Google Chrome,892,mock_post_892.png,lrtkelanajaya故障 - 小红书搜索 - Google Chrome,2026-02-22T22:52:00,"Ootashi store
focus on
Kelana Jaya line maintenance phase affected frequency and caused crowding at stations at Pasar Seni.
Passengers shared delay slip and crowding evidence during rush hour
Rapid KL staff guided queue and temporary shuttle arrangement
Malaysia transport update 2025-09-15
There are 14 comments in total
author
reply
Show 1 replies
Say something",Kelana Jaya line maintenance phase affected frequency and caused crowding at stations at Pasar Seni Passengers shared delay slip and crowding evidence during rush hour Rapid KL staff guided queue and temporary shuttle arrangement Malaysia transport update 2025 09 15 There are 14 comments in total author reply Show 1 replies Say something,1,incident_maintenance_impact,synthetic_mock
mrt kajang - 小红书搜索 - Google Chrome,893,mock_post_893.png,mrt kajang - 小红书搜索 - Google Chrome,2026-02-22T22:53:00,"Little Red Potato 66A1
focus on
Routine travel post about route tips and fare sharing at Kelana Jaya.
People shared regular commute and station photos
No emergency notice was posted
Malaysia transport update 2025-10-03
There are 10 comments in total
author
reply
Show 2 replies
Say something",Routine travel post about route tips and fare sharing at Kelana Jaya People shared regular commute and station photos No emergency notice was posted Malaysia transport update 2025 10 03 There are 10 comments in total author reply Show 2 replies Say something,0,normal_travel_tip,synthetic_mock
地铁 马来西亚 - 小红书搜索 - Google Chrome,894,mock_post_894.png,地铁 马来西亚 - 小红书搜索 - Google Chrome,2026-02-22T22:54:00,"Ootashi store
focus on
LRT Kelana Jaya line had a signaling issue during peak hour and trains moved slowly at Masjid Jamek.
Passengers shared delay slip and crowding evidence during rush hour
Rapid KL staff guided queue and temporary shuttle arrangement
Malaysia transport update 2026-02-20
There are 12 comments in total
author
reply
Show 3 replies
Say something",LRT Kelana Jaya line had a signaling issue during peak hour and trains moved slowly at Masjid Jamek Passengers shared delay slip and crowding evidence during rush hour Rapid KL staff guided queue and temporary shuttle arrangement Malaysia transport update 2026 02 20 There are 12 comments in total author reply Show 3 replies Say something,1,incident_breakdown,synthetic_mock
lrt is bad again - Xiaohongshu search - Google Chrome,895,mock_post_895.png,lrt is bad again - Xiaohongshu search - Google Chrome,2026-02-22T22:55:00,"KL daily commuter
focus on
Service update says all lines are stable with no major delay this morning at Ampang Park.
People shared regular commute and station photos
No emergency notice was posted
There are 7 comments in total
author
reply
Show 2 replies
Say something",Service update says all lines are stable with no major delay this morning at Ampang Park People shared regular commute and station photos No emergency notice was posted There are 7 comments in total author reply Show 2 replies Say something,0,normal_update,synthetic_mock
lrt is bad again - Xiaohongshu search - Google Chrome,896,mock_post_896.png,lrt is bad again - Xiaohongshu search - Google Chrome,2026-02-22T22:56:00,"KL daily commuter
focus on
Rapid KL announced temporary service disruption between KLCC and Gombak with shuttle support at KLCC.
Passengers shared delay slip and crowding evidence during rush hour
Rapid KL staff guided queue and temporary shuttle arrangement
Malaysia transport update 2025-08-06
There are 6 comments in total
author
reply
Show 3 replies
Say something",Rapid KL announced temporary service disruption between KLCC and Gombak with shuttle support at KLCC Passengers shared delay slip and crowding evidence during rush hour Rapid KL staff guided queue and temporary shuttle arrangement Malaysia transport update 2025 08 06 There are 6 comments in total author reply Show 3 replies Say something,1,incident_service_disruption,synthetic_mock
lrt klcc - 小红书搜索 - Google Chrome,897,mock_post_897.png,lrt klcc - 小红书搜索 - Google Chrome,2026-02-22T22:57:00,"Leisurely kitten
focus on
Normal operation resumed and train intervals are back to schedule at Putra Heights.
People shared regular commute and station photos
No emergency notice was posted
Malaysia transport update 2025-06-20
There are 15 comments in total
author
reply
Show 1 replies
Say something",Normal operation resumed and train intervals are back to schedule at Putra Heights People shared regular commute and station photos No emergency notice was posted Malaysia transport update 2025 06 20 There are 15 comments in total author reply Show 1 replies Say something,0,normal_operation,synthetic_mock
lrtkelanajaya线 - 小红书搜索 - Google Chrome,898,mock_post_898.png,lrtkelanajaya线 - 小红书搜索 - Google Chrome,2026-02-22T22:58:00,"Little Red Potato 66A1
focus on
Kelana Jaya line maintenance phase affected frequency and caused crowding at stations at Kelana Jaya.
Passengers shared delay slip and crowding evidence during rush hour
Rapid KL staff guided queue and temporary shuttle arrangement
Malaysia transport update 2024-08-17
There are 4 comments in total
author
reply
Show 1 replies
Say something",Kelana Jaya line maintenance phase affected frequency and caused crowding at stations at Kelana Jaya Passengers shared delay slip and crowding evidence during rush hour Rapid KL staff guided queue and temporary shuttle arrangement Malaysia transport update 2024 08 17 There are 4 comments in total author reply Show 1 replies Say something,1,incident_maintenance_impact,synthetic_mock
🇲🇾LRT停运 注意了‼️ - 小红书 - Google Chrome,899,mock_post_899.png,🇲🇾LRT停运 注意了‼️ - 小红书 - Google Chrome,2026-02-22T22:59:00,"Little Red Potato 66A1
focus on
General city transport post not related to outage or malfunction at Ampang Park.
People shared regular commute and station photos
No emergency notice was posted
There are 14 comments in total
author
reply
Show 1 replies
Say something",General city transport post not related to outage or malfunction at Ampang Park People shared regular commute and station photos No emergency notice was posted There are 14 comments in total author reply Show 1 replies Say something,0,normal_general,synthetic_mock
mrt kajang - 小红书搜索 - Google Chrome,900,mock_post_900.png,mrt kajang - 小红书搜索 - Google Chrome,2026-02-22T23:00:00,"KL daily commuter
focus on
Commuters reported long queue and train delay after track maintenance at Universiti station at Universiti.
Passengers shared delay slip and crowding evidence during rush hour
Rapid KL staff guided queue and temporary shuttle arrangement
Malaysia transport update 2024-02-08
There are 14 comments in total
author
reply
Show 1 replies
Say something",Commuters reported long queue and train delay after track maintenance at Universiti station at Universiti Passengers shared delay slip and crowding evidence during rush hour Rapid KL staff guided queue and temporary shuttle arrangement Malaysia transport update 2024 02 08 There are 14 comments in total author reply Show 1 replies Say something,1,incident_delay,synthetic_mock
lrtkelanajaya故障 - 小红书搜索 - Google Chrome,901,mock_post_901.png,lrtkelanajaya故障 - 小红书搜索 - Google Chrome,2026-02-22T23:01:00,"Rapid commuter diary
focus on
Service update says all lines are stable with no major delay this morning at KLCC.
People shared regular commute and station photos
No emergency notice was posted
There are 2 comments in total
author
reply
Show 2 replies
Say something",Service update says all lines are stable with no major delay this morning at KLCC People shared regular commute and station photos No emergency notice was posted There are 2 comments in total author reply Show 2 replies Say something,0,normal_update,synthetic_mock
mrt fault - 小红书搜索 - Google Chrome,902,mock_post_902.png,mrt fault - 小红书搜索 - Google Chrome,2026-02-22T23:02:00,"Rapid commuter diary
focus on
Rapid KL announced temporary service disruption between KLCC and Gombak with shuttle support at KL Sentral.
Passengers shared delay slip and crowding evidence during rush hour
Rapid KL staff guided queue and temporary shuttle arrangement
Malaysia transport update 2025-03-15
There are 7 comments in total
author
reply
Show 3 replies
Say something",Rapid KL announced temporary service disruption between KLCC and Gombak with shuttle support at KL Sentral Passengers shared delay slip and crowding evidence during rush hour Rapid KL staff guided queue and temporary shuttle arrangement Malaysia transport update 2025 03 15 There are 7 comments in total author reply Show 3 replies Say something,1,incident_service_disruption,synthetic_mock
lrt klcc - 小红书搜索 - Google Chrome,903,mock_post_903.png,lrt klcc - 小红书搜索 - Google Chrome,2026-02-22T23:03:00,"Leisurely kitten
focus on
Commuting to work was smooth and station crowd level was manageable today at Universiti.
People shared regular commute and station photos
No emergency notice was posted
Malaysia transport update 2026-10-02
There are 9 comments in total
author
reply
Show 1 replies
Say something",Commuting to work was smooth and station crowd level was manageable today at Universiti People shared regular commute and station photos No emergency notice was posted Malaysia transport update 2026 10 02 There are 9 comments in total author reply Show 1 replies Say something,0,normal_commute,synthetic_mock
🇲🇾LRT KelanajayaLine通告，列车降速 - 小红书 - Google Chrome,904,mock_post_904.png,🇲🇾LRT KelanajayaLine通告，列车降速 - 小红书 - Google Chrome,2026-02-22T23:04:00,"Rapid commuter diary
focus on
Power trip caused brief outage and service resumed after technicians completed repair at Ampang Park.
Passengers shared delay slip and crowding evidence during rush hour
Rapid KL staff guided queue and temporary shuttle arrangement
Malaysia transport update 2025-04-10
There are 6 comments in total
author
reply
Show 3 replies
Say something",Power trip caused brief outage and service resumed after technicians completed repair at Ampang Park Passengers shared delay slip and crowding evidence during rush hour Rapid KL staff guided queue and temporary shuttle arrangement Malaysia transport update 2025 04 10 There are 6 comments in total author reply Show 3 replies Say something,1,incident_power_outage,synthetic_mock
地铁 马来西亚 - 小红书搜索 - Google Chrome,905,mock_post_905.png,地铁 马来西亚 - 小红书搜索 - Google Chrome,2026-02-22T23:05:00,"Little Red Potato 66A1
focus on
Service update says all lines are stable with no major delay this morning at KL Sentral.
People shared regular commute and station photos
No emergency notice was posted
There are 3 comments in total
author
reply
Show 2 replies
Say something",Service update says all lines are stable with no major delay this morning at KL Sentral People shared regular commute and station photos No emergency notice was posted There are 3 comments in total author reply Show 2 replies Say something,0,normal_update,synthetic_mock
lrtkelanajaya线 - 小红书搜索 - Google Chrome,906,mock_post_906.png,lrtkelanajaya线 - 小红书搜索 - Google Chrome,2026-02-22T23:06:00,"Little Red Potato 66A1
focus on
Power trip caused brief outage and service resumed after technicians completed repair at Universiti.
Passengers shared delay slip and crowding evidence during rush hour
Rapid KL staff guided queue and temporary shuttle arrangement
Malaysia transport update 2025-05-01
There are 14 comments in total
author
reply
Show 3 replies
Say something",Power trip caused brief outage and service resumed after technicians completed repair at Universiti Passengers shared delay slip and crowding evidence during rush hour Rapid KL staff guided queue and temporary shuttle arrangement Malaysia transport update 2025 05 01 There are 14 comments in total author reply Show 3 replies Say something,1,incident_power_outage,synthetic_mock
lrt is bad again - Xiaohongshu search - Google Chrome,907,mock_post_907.png,lrt is bad again - Xiaohongshu search - Google Chrome,2026-02-22T23:07:00,"Rapid commuter diary
focus on
Service update says all lines are stable with no major delay this morning at Putra Heights.
People shared regular commute and station photos
No emergency notice was posted
There are 5 comments in total
author
reply
Show 3 replies
Say something",Service update says all lines are stable with no major delay this morning at Putra Heights People shared regular commute and station photos No emergency notice was posted There are 5 comments in total author reply Show 3 replies Say something,0,normal_update,synthetic_mock
mrt kajang - 小红书搜索 - Google Chrome,908,mock_post_908.png,mrt kajang - 小红书搜索 - Google Chrome,2026-02-22T23:08:00,"Xiaoxuan Talk Malaysia Official
focus on
Power trip caused brief outage and service resumed after technicians completed repair at Kelana Jaya.
Passengers shared delay slip and crowding evidence during rush hour
Rapid KL staff guided queue and temporary shuttle arrangement
There are 17 comments in total
author
reply
Show 1 replies
Say something",Power trip caused brief outage and service resumed after technicians completed repair at Kelana Jaya Passengers shared delay slip and crowding evidence during rush hour Rapid KL staff guided queue and temporary shuttle arrangement There are 17 comments in total author reply Show 1 replies Say something,1,incident_power_outage,synthetic_mock
mrtkajang问题 - 小红书搜索 - Google Chrome,909,mock_post_909.png,mrtkajang问题 - 小红书搜索 - Google Chrome,2026-02-22T23:09:00,"Rapid commuter diary
focus on
Routine travel post about route tips and fare sharing at Wangsa Maju.
People shared regular commute and station photos
No emergency notice was posted
There are 4 comments in total
author
reply
Show 2 replies
Say something",Routine travel post about route tips and fare sharing at Wangsa Maju People shared regular commute and station photos No emergency notice was posted There are 4 comments in total author reply Show 2 replies Say something,0,normal_travel_tip,synthetic_mock
lrtkelanajaya故障 - 小红书搜索 - Google Chrome,910,mock_post_910.png,lrtkelanajaya故障 - 小红书搜索 - Google Chrome,2026-02-22T23:10:00,"Little Red Potato 66A1
focus on
Rapid KL announced temporary service disruption between KLCC and Gombak with shuttle support at KLCC.
Passengers shared delay slip and crowding evidence during rush hour
Rapid KL staff guided queue and temporary shuttle arrangement
There are 14 comments in total
author
reply
Show 1 replies
Say something",Rapid KL announced temporary service disruption between KLCC and Gombak with shuttle support at KLCC Passengers shared delay slip and crowding evidence during rush hour Rapid KL staff guided queue and temporary shuttle arrangement There are 14 comments in total author reply Show 1 replies Say something,1,incident_service_disruption,synthetic_mock
mrtkajang问题 - 小红书搜索 - Google Chrome,911,mock_post_911.png,mrtkajang问题 - 小红书搜索 - Google Chrome,2026-02-22T23:11:00,"Ootashi store
focus on
Commuting to work was smooth and station crowd level was manageable today at Gombak.
People shared regular commute and station photos
No emergency notice was posted
There are 3 comments in total
author
reply
Show 1 replies
Say something",Commuting to work was smooth and station crowd level was manageable today at Gombak People shared regular commute and station photos No emergency notice was posted There are 3 comments in total author reply Show 1 replies Say something,0,normal_commute,synthetic_mock
mrtkajang问题 - 小红书搜索 - Google Chrome,912,mock_post_912.png,mrtkajang问题 - 小红书搜索 - Google Chrome,2026-02-22T23:12:00,"Ootashi store
focus on
Kelana Jaya line maintenance phase affected frequency and caused crowding at stations at Gombak.
Passengers shared delay slip and crowding evidence during rush hour
Rapid KL staff guided queue and temporary shuttle arrangement
There are 1 comments in total
author
reply
Show 2 replies
Say something",Kelana Jaya line maintenance phase affected frequency and caused crowding at stations at Gombak Passengers shared delay slip and crowding evidence during rush hour Rapid KL staff guided queue and temporary shuttle arrangement There are 1 comments in total author reply Show 2 replies Say something,1,incident_maintenance_impact,synthetic_mock
mrtkajang问题 - 小红书搜索 - Google Chrome,913,mock_post_913.png,mrtkajang问题 - 小红书搜索 - Google Chrome,2026-02-22T23:13:00,"Ootashi store
focus on
Service update says all lines are stable with no major delay this morning at Wangsa Maju.
People shared regular commute and station photos
No emergency notice was posted
There are 12 comments in total
author
reply
Show 3 replies
Say something",Service update says all lines are stable with no major delay this morning at Wangsa Maju People shared regular commute and station photos No emergency notice was posted There are 12 comments in total author reply Show 3 replies Say something,0,normal_update,synthetic_mock
mrt fault - 小红书搜索 - Google Chrome,914,mock_post_914.png,mrt fault - 小红书搜索 - Google Chrome,2026-02-22T23:14:00,"KL daily commuter
focus on
Kelana Jaya line maintenance phase affected frequency and caused crowding at stations at Kelana Jaya.
Passengers shared delay slip and crowding evidence during rush hour
Rapid KL staff guided queue and temporary shuttle arrangement
There are 13 comments in total
author
reply
Show 3 replies
Say something",Kelana Jaya line maintenance phase affected frequency and caused crowding at stations at Kelana Jaya Passengers shared delay slip and crowding evidence during rush hour Rapid KL staff guided queue and temporary shuttle arrangement There are 13 comments in total author reply Show 3 replies Say something,1,incident_maintenance_impact,synthetic_mock
lrtkelanajaya线 - 小红书搜索 - Google Chrome,915,mock_post_915.png,lrtkelanajaya线 - 小红书搜索 - Google Chrome,2026-02-22T23:15:00,"Leisurely kitten
focus on
Routine travel post about route tips and fare sharing at Kelana Jaya.
People shared regular commute and station photos
No emergency notice was posted
Malaysia transport update 2025-12-20
There are 18 comments in total
author
reply
Show 3 replies
Say something",Routine travel post about route tips and fare sharing at Kelana Jaya People shared regular commute and station photos No emergency notice was posted Malaysia transport update 2025 12 20 There are 18 comments in total author reply Show 3 replies Say something,0,normal_travel_tip,synthetic_mock
🇲🇾LRT停运 注意了‼️ - 小红书 - Google Chrome,916,mock_post_916.png,🇲🇾LRT停运 注意了‼️ - 小红书 - Google Chrome,2026-02-22T23:16:00,"Little Red Potato 66A1
focus on
Kelana Jaya line maintenance phase affected frequency and caused crowding at stations at KLCC.
Passengers shared delay slip and crowding evidence during rush hour
Rapid KL staff guided queue and temporary shuttle arrangement
There are 2 comments in total
author
reply
Show 3 replies
Say something",Kelana Jaya line maintenance phase affected frequency and caused crowding at stations at KLCC Passengers shared delay slip and crowding evidence during rush hour Rapid KL staff guided queue and temporary shuttle arrangement There are 2 comments in total author reply Show 3 replies Say something,1,incident_maintenance_impact,synthetic_mock
lrtkelanajaya故障 - 小红书搜索 - Google Chrome,917,mock_post_917.png,lrtkelanajaya故障 - 小红书搜索 - Google Chrome,2026-02-22T23:17:00,"Xiaoxuan Talk Malaysia Official
focus on
Commuting to work was smooth and station crowd level was manageable today at Kelana Jaya.
People shared regular commute and station photos
No emergency notice was posted
Malaysia transport update 2025-10-02
There are 12 comments in total
author
reply
Show 2 replies
Say something",Commuting to work was smooth and station crowd level was manageable today at Kelana Jaya People shared regular commute and station photos No emergency notice was posted Malaysia transport update 2025 10 02 There are 12 comments in total author reply Show 2 replies Say something,0,normal_commute,synthetic_mock
地铁 马来西亚 - 小红书搜索 - Google Chrome,918,mock_post_918.png,地铁 马来西亚 - 小红书搜索 - Google Chrome,2026-02-22T23:18:00,"City transit watcher
focus on
Kelana Jaya line maintenance phase affected frequency and caused crowding at stations at Masjid Jamek.
Passengers shared delay slip and crowding evidence during rush hour
Rapid KL staff guided queue and temporary shuttle arrangement
Malaysia transport update 2026-04-05
There are 11 comments in total
author
reply
Show 1 replies
Say something",Kelana Jaya line maintenance phase affected frequency and caused crowding at stations at Masjid Jamek Passengers shared delay slip and crowding evidence during rush hour Rapid KL staff guided queue and temporary shuttle arrangement Malaysia transport update 2026 04 05 There are 11 comments in total author reply Show 1 replies Say something,1,incident_maintenance_impact,synthetic_mock
lrtkelanajaya线 - 小红书搜索 - Google Chrome,919,mock_post_919.png,lrtkelanajaya线 - 小红书搜索 - Google Chrome,2026-02-22T23:19:00,"City transit watcher
focus on
Normal operation resumed and train intervals are back to schedule at Ampang Park.
People shared regular commute and station photos
No emergency notice was posted
There are 7 comments in total
author
reply
Show 3 replies
Say something",Normal operation resumed and train intervals are back to schedule at Ampang Park People shared regular commute and station photos No emergency notice was posted There are 7 comments in total author reply Show 3 replies Say something,0,normal_operation,synthetic_mock
mrt fault - 小红书搜索 - Google Chrome,920,mock_post_920.png,mrt fault - 小红书搜索 - Google Chrome,2026-02-22T23:20:00,"Leisurely kitten
focus on
Commuters reported long queue and train delay after track maintenance at Universiti station at Putra Heights.
Passengers shared delay slip and crowding evidence during rush hour
Rapid KL staff guided queue and temporary shuttle arrangement
Malaysia transport update 2025-05-02
There are 3 comments in total
author
reply
Show 2 replies
Say something",Commuters reported long queue and train delay after track maintenance at Universiti station at Putra Heights Passengers shared delay slip and crowding evidence during rush hour Rapid KL staff guided queue and temporary shuttle arrangement Malaysia transport update 2025 05 02 There are 3 comments in total author reply Show 2 replies Say something,1,incident_delay,synthetic_mock
地铁 马来西亚 - 小红书搜索 - Google Chrome,921,mock_post_921.png,地铁 马来西亚 - 小红书搜索 - Google Chrome,2026-02-22T23:21:00,"Little Red Potato 66A1
focus on
No disruption observed and transfer between lines completed without waiting at Ampang Park.
People shared regular commute and station photos
No emergency notice was posted
Malaysia transport update 2024-08-23
There are 18 comments in total
author
reply
Show 3 replies
Say something",No disruption observed and transfer between lines completed without waiting at Ampang Park People shared regular commute and station photos No emergency notice was posted Malaysia transport update 2024 08 23 There are 18 comments in total author reply Show 3 replies Say something,0,normal_no_incident,synthetic_mock
mrtkajang问题 - 小红书搜索 - Google Chrome,922,mock_post_922.png,mrtkajang问题 - 小红书搜索 - Google Chrome,2026-02-22T23:22:00,"Little Red Potato 66A1
focus on
Commuters reported long queue and train delay after track maintenance at Universiti station at Ampang Park.
Passengers shared delay slip and crowding evidence during rush hour
Rapid KL staff guided queue and temporary shuttle arrangement
Malaysia transport update 2026-12-26
There are 3 comments in total
author
reply
Show 1 replies
Say something",Commuters reported long queue and train delay after track maintenance at Universiti station at Ampang Park Passengers shared delay slip and crowding evidence during rush hour Rapid KL staff guided queue and temporary shuttle arrangement Malaysia transport update 2026 12 26 There are 3 comments in total author reply Show 1 replies Say something,1,incident_delay,synthetic_mock
lrt klcc - 小红书搜索 - Google Chrome,923,mock_post_923.png,lrt klcc - 小红书搜索 - Google Chrome,2026-02-22T23:23:00,"Rapid commuter diary
focus on
Normal operation resumed and train intervals are back to schedule at KLCC.
People shared regular commute and station photos
No emergency notice was posted
There are 10 comments in total
author
reply
Show 1 replies
Say something",Normal operation resumed and train intervals are back to schedule at KLCC People shared regular commute and station photos No emergency notice was posted There are 10 comments in total author reply Show 1 replies Say something,0,normal_operation,synthetic_mock
lrtkelanajaya线 - 小红书搜索 - Google Chrome,924,mock_post_924.png,lrtkelanajaya线 - 小红书搜索 - Google Chrome,2026-02-22T23:24:00,"Xiaoxuan Talk Malaysia Official
focus on
Rapid KL announced temporary service disruption between KLCC and Gombak with shuttle support at Gombak.
Passengers shared delay slip and crowding evidence during rush hour
Rapid KL staff guided queue and temporary shuttle arrangement
There are 16 comments in total
author
reply
Show 1 replies
Say something",Rapid KL announced temporary service disruption between KLCC and Gombak with shuttle support at Gombak Passengers shared delay slip and crowding evidence during rush hour Rapid KL staff guided queue and temporary shuttle arrangement There are 16 comments in total author reply Show 1 replies Say something,1,incident_service_disruption,synthetic_mock
mrt kajang - 小红书搜索 - Google Chrome,925,mock_post_925.png,mrt kajang - 小红书搜索 - Google Chrome,2026-02-22T23:25:00,"Leisurely kitten
focus on
Routine travel post about route tips and fare sharing at Kelana Jaya.
People shared regular commute and station photos
No emergency notice was posted
Malaysia transport update 2026-09-05
There are 16 comments in total
author
reply
Show 2 replies
Say something",Routine travel post about route tips and fare sharing at Kelana Jaya People shared regular commute and station photos No emergency notice was posted Malaysia transport update 2026 09 05 There are 16 comments in total author reply Show 2 replies Say something,0,normal_travel_tip,synthetic_mock
mrt fault - 小红书搜索 - Google Chrome,926,mock_post_926.png,mrt fault - 小红书搜索 - Google Chrome,2026-02-22T23:26:00,"Leisurely kitten
focus on
Power trip caused brief outage and service resumed after technicians completed repair at Kelana Jaya.
Passengers shared delay slip and crowding evidence during rush hour
Rapid KL staff guided queue and temporary shuttle arrangement
Malaysia transport update 2024-04-27
There are 17 comments in total
author
reply
Show 3 replies
Say something",Power trip caused brief outage and service resumed after technicians completed repair at Kelana Jaya Passengers shared delay slip and crowding evidence during rush hour Rapid KL staff guided queue and temporary shuttle arrangement Malaysia transport update 2024 04 27 There are 17 comments in total author reply Show 3 replies Say something,1,incident_power_outage,synthetic_mock
🇲🇾LRT KelanajayaLine通告，列车降速 - 小红书 - Google Chrome,927,mock_post_927.png,🇲🇾LRT KelanajayaLine通告，列车降速 - 小红书 - Google Chrome,2026-02-22T23:27:00,"Leisurely kitten
focus on
No disruption observed and transfer between lines completed without waiting at KL Sentral.
People shared regular commute and station photos
No emergency notice was posted
There are 11 comments in total
author
reply
Show 2 replies
Say something",No disruption observed and transfer between lines completed without waiting at KL Sentral People shared regular commute and station photos No emergency notice was posted There are 11 comments in total author reply Show 2 replies Say something,0,normal_no_incident,synthetic_mock
lrtkelanajaya故障 - 小红书搜索 - Google Chrome,928,mock_post_928.png,lrtkelanajaya故障 - 小红书搜索 - Google Chrome,2026-02-22T23:28:00,"KL daily commuter
focus on
Kelana Jaya line maintenance phase affected frequency and caused crowding at stations at Masjid Jamek.
Passengers shared delay slip and crowding evidence during rush hour
Rapid KL staff guided queue and temporary shuttle arrangement
Malaysia transport update 2025-05-19
There are 5 comments in total
author
reply
Show 2 replies
Say something",Kelana Jaya line maintenance phase affected frequency and caused crowding at stations at Masjid Jamek Passengers shared delay slip and crowding evidence during rush hour Rapid KL staff guided queue and temporary shuttle arrangement Malaysia transport update 2025 05 19 There are 5 comments in total author reply Show 2 replies Say something,1,incident_maintenance_impact,synthetic_mock
mrtkajang问题 - 小红书搜索 - Google Chrome,929,mock_post_929.png,mrtkajang问题 - 小红书搜索 - Google Chrome,2026-02-22T23:29:00,"Rapid commuter diary
focus on
Commuting to work was smooth and station crowd level was manageable today at Universiti.
People shared regular commute and station photos
No emergency notice was posted
Malaysia transport update 2025-01-05
There are 12 comments in total
author
reply
Show 2 replies
Say something",Commuting to work was smooth and station crowd level was manageable today at Universiti People shared regular commute and station photos No emergency notice was posted Malaysia transport update 2025 01 05 There are 12 comments in total author reply Show 2 replies Say something,0,normal_commute,synthetic_mock
lrtkelanajaya故障 - 小红书搜索 - Google Chrome,930,mock_post_930.png,lrtkelanajaya故障 - 小红书搜索 - Google Chrome,2026-02-22T23:30:00,"Ootashi store
focus on
Rapid KL announced temporary service disruption between KLCC and Gombak with shuttle support at KL Sentral.
Passengers shared delay slip and crowding evidence during rush hour
Rapid KL staff guided queue and temporary shuttle arrangement
There are 10 comments in total
author
reply
Show 1 replies
Say something",Rapid KL announced temporary service disruption between KLCC and Gombak with shuttle support at KL Sentral Passengers shared delay slip and crowding evidence during rush hour Rapid KL staff guided queue and temporary shuttle arrangement There are 10 comments in total author reply Show 1 replies Say something,1,incident_service_disruption,synthetic_mock
mrt - 小红书搜索 - Google Chrome,931,mock_post_931.png,mrt - 小红书搜索 - Google Chrome,2026-02-22T23:31:00,"Ootashi store
focus on
General city transport post not related to outage or malfunction at Pasar Seni.
People shared regular commute and station photos
No emergency notice was posted
Malaysia transport update 2024-06-19
There are 5 comments in total
author
reply
Show 2 replies
Say something",General city transport post not related to outage or malfunction at Pasar Seni People shared regular commute and station photos No emergency notice was posted Malaysia transport update 2024 06 19 There are 5 comments in total author reply Show 2 replies Say something,0,normal_general,synthetic_mock
mrt fault - 小红书搜索 - Google Chrome,932,mock_post_932.png,mrt fault - 小红书搜索 - Google Chrome,2026-02-22T23:32:00,"Ootashi store
focus on
Commuters reported long queue and train delay after track maintenance at Universiti station at Pasar Seni.
Passengers shared delay slip and crowding evidence during rush hour
Rapid KL staff guided queue and temporary shuttle arrangement
There are 2 comments in total
author
reply
Show 3 replies
Say something",Commuters reported long queue and train delay after track maintenance at Universiti station at Pasar Seni Passengers shared delay slip and crowding evidence during rush hour Rapid KL staff guided queue and temporary shuttle arrangement There are 2 comments in total author reply Show 3 replies Say something,1,incident_delay,synthetic_mock
mrt kajang - 小红书搜索 - Google Chrome,933,mock_post_933.png,mrt kajang - 小红书搜索 - Google Chrome,2026-02-22T23:33:00,"Leisurely kitten
focus on
Commuting to work was smooth and station crowd level was manageable today at Pasar Seni.
People shared regular commute and station photos
No emergency notice was posted
Malaysia transport update 2024-09-10
There are 4 comments in total
author
reply
Show 1 replies
Say something",Commuting to work was smooth and station crowd level was manageable today at Pasar Seni People shared regular commute and station photos No emergency notice was posted Malaysia transport update 2024 09 10 There are 4 comments in total author reply Show 1 replies Say something,0,normal_commute,synthetic_mock
地铁 马来西亚 - 小红书搜索 - Google Chrome,934,mock_post_934.png,地铁 马来西亚 - 小红书搜索 - Google Chrome,2026-02-22T23:34:00,"Rapid commuter diary
focus on
Power trip caused brief outage and service resumed after technicians completed repair at Pasar Seni.
Passengers shared delay slip and crowding evidence during rush hour
Rapid KL staff guided queue and temporary shuttle arrangement
There are 5 comments in total
author
reply
Show 1 replies
Say something",Power trip caused brief outage and service resumed after technicians completed repair at Pasar Seni Passengers shared delay slip and crowding evidence during rush hour Rapid KL staff guided queue and temporary shuttle arrangement There are 5 comments in total author reply Show 1 replies Say something,1,incident_power_outage,synthetic_mock
🇲🇾LRT KelanajayaLine通告，列车降速 - 小红书 - Google Chrome,935,mock_post_935.png,🇲🇾LRT KelanajayaLine通告，列车降速 - 小红书 - Google Chrome,2026-02-22T23:35:00,"City transit watcher
focus on
Routine travel post about route tips and fare sharing at Putra Heights.
People shared regular commute and station photos
No emergency notice was posted
There are 16 comments in total
author
reply
Show 2 replies
Say something",Routine travel post about route tips and fare sharing at Putra Heights People shared regular commute and station photos No emergency notice was posted There are 16 comments in total author reply Show 2 replies Say something,0,normal_travel_tip,synthetic_mock
lrt klcc - 小红书搜索 - Google Chrome,936,mock_post_936.png,lrt klcc - 小红书搜索 - Google Chrome,2026-02-22T23:36:00,"KL daily commuter
focus on
Kelana Jaya line maintenance phase affected frequency and caused crowding at stations at Pasar Seni.
Passengers shared delay slip and crowding evidence during rush hour
Rapid KL staff guided queue and temporary shuttle arrangement
There are 15 comments in total
author
reply
Show 2 replies
Say something",Kelana Jaya line maintenance phase affected frequency and caused crowding at stations at Pasar Seni Passengers shared delay slip and crowding evidence during rush hour Rapid KL staff guided queue and temporary shuttle arrangement There are 15 comments in total author reply Show 2 replies Say something,1,incident_maintenance_impact,synthetic_mock
🇲🇾LRT KelanajayaLine通告，列车降速 - 小红书 - Google Chrome,937,mock_post_937.png,🇲🇾LRT KelanajayaLine通告，列车降速 - 小红书 - Google Chrome,2026-02-22T23:37:00,"Xiaoxuan Talk Malaysia Official
focus on
General city transport post not related to outage or malfunction at Ampang Park.
People shared regular commute and station photos
No emergency notice was posted
Malaysia transport update 2026-02-10
There are 1 comments in total
author
reply
Show 2 replies
Say something",General city transport post not related to outage or malfunction at Ampang Park People shared regular commute and station photos No emergency notice was posted Malaysia transport update 2026 02 10 There are 1 comments in total author reply Show 2 replies Say something,0,normal_general,synthetic_mock
地铁 马来西亚 - 小红书搜索 - Google Chrome,938,mock_post_938.png,地铁 马来西亚 - 小红书搜索 - Google Chrome,2026-02-22T23:38:00,"Leisurely kitten
focus on
Rapid KL announced temporary service disruption between KLCC and Gombak with shuttle support at Ampang Park.
Passengers shared delay slip and crowding evidence during rush hour
Rapid KL staff guided queue and temporary shuttle arrangement
Malaysia transport update 2024-10-21
There are 7 comments in total
author
reply
Show 3 replies
Say something",Rapid KL announced temporary service disruption between KLCC and Gombak with shuttle support at Ampang Park Passengers shared delay slip and crowding evidence during rush hour Rapid KL staff guided queue and temporary shuttle arrangement Malaysia transport update 2024 10 21 There are 7 comments in total author reply Show 3 replies Say something,1,incident_service_disruption,synthetic_mock
mrt kajang - 小红书搜索 - Google Chrome,939,mock_post_939.png,mrt kajang - 小红书搜索 - Google Chrome,2026-02-22T23:39:00,"Ootashi store
focus on
Service update says all lines are stable with no major delay this morning at Gombak.
People shared regular commute and station photos
No emergency notice was posted
Malaysia transport update 2026-08-22
There are 3 comments in total
author
reply
Show 3 replies
Say something",Service update says all lines are stable with no major delay this morning at Gombak People shared regular commute and station photos No emergency notice was posted Malaysia transport update 2026 08 22 There are 3 comments in total author reply Show 3 replies Say something,0,normal_update,synthetic_mock
🇲🇾LRT停运 注意了‼️ - 小红书 - Google Chrome,940,mock_post_940.png,🇲🇾LRT停运 注意了‼️ - 小红书 - Google Chrome,2026-02-22T23:40:00,"Leisurely kitten
focus on
Rapid KL announced temporary service disruption between KLCC and Gombak with shuttle support at Ampang Park.
Passengers shared delay slip and crowding evidence during rush hour
Rapid KL staff guided queue and temporary shuttle arrangement
There are 17 comments in total
author
reply
Show 1 replies
Say something",Rapid KL announced temporary service disruption between KLCC and Gombak with shuttle support at Ampang Park Passengers shared delay slip and crowding evidence during rush hour Rapid KL staff guided queue and temporary shuttle arrangement There are 17 comments in total author reply Show 1 replies Say something,1,incident_service_disruption,synthetic_mock
mrt kajang - 小红书搜索 - Google Chrome,941,mock_post_941.png,mrt kajang - 小红书搜索 - Google Chrome,2026-02-22T23:41:00,"Ootashi store
focus on
Commuting to work was smooth and station crowd level was manageable today at Wangsa Maju.
People shared regular commute and station photos
No emergency notice was posted
There are 14 comments in total
author
reply
Show 2 replies
Say something",Commuting to work was smooth and station crowd level was manageable today at Wangsa Maju People shared regular commute and station photos No emergency notice was posted There are 14 comments in total author reply Show 2 replies Say something,0,normal_commute,synthetic_mock
lrtkelanajaya线 - 小红书搜索 - Google Chrome,942,mock_post_942.png,lrtkelanajaya线 - 小红书搜索 - Google Chrome,2026-02-22T23:42:00,"Leisurely kitten
focus on
Commuters reported long queue and train delay after track maintenance at Universiti station at Kelana Jaya.
Passengers shared delay slip and crowding evidence during rush hour
Rapid KL staff guided queue and temporary shuttle arrangement
Malaysia transport update 2025-08-28
There are 18 comments in total
author
reply
Show 1 replies
Say something",Commuters reported long queue and train delay after track maintenance at Universiti station at Kelana Jaya Passengers shared delay slip and crowding evidence during rush hour Rapid KL staff guided queue and temporary shuttle arrangement Malaysia transport update 2025 08 28 There are 18 comments in total author reply Show 1 replies Say something,1,incident_delay,synthetic_mock
lrtkelanajaya故障 - 小红书搜索 - Google Chrome,943,mock_post_943.png,lrtkelanajaya故障 - 小红书搜索 - Google Chrome,2026-02-22T23:43:00,"City transit watcher
focus on
General city transport post not related to outage or malfunction at Ampang Park.
People shared regular commute and station photos
No emergency notice was posted
There are 15 comments in total
author
reply
Show 2 replies
Say something",General city transport post not related to outage or malfunction at Ampang Park People shared regular commute and station photos No emergency notice was posted There are 15 comments in total author reply Show 2 replies Say something,0,normal_general,synthetic_mock
🇲🇾LRT KelanajayaLine通告，列车降速 - 小红书 - Google Chrome,944,mock_post_944.png,🇲🇾LRT KelanajayaLine通告，列车降速 - 小红书 - Google Chrome,2026-02-22T23:44:00,"City transit watcher
focus on
Kelana Jaya line maintenance phase affected frequency and caused crowding at stations at Wangsa Maju.
Passengers shared delay slip and crowding evidence during rush hour
Rapid KL staff guided queue and temporary shuttle arrangement
There are 5 comments in total
author
reply
Show 3 replies
Say something",Kelana Jaya line maintenance phase affected frequency and caused crowding at stations at Wangsa Maju Passengers shared delay slip and crowding evidence during rush hour Rapid KL staff guided queue and temporary shuttle arrangement There are 5 comments in total author reply Show 3 replies Say something,1,incident_maintenance_impact,synthetic_mock
lrt is bad again - Xiaohongshu search - Google Chrome,945,mock_post_945.png,lrt is bad again - Xiaohongshu search - Google Chrome,2026-02-22T23:45:00,"Ootashi store
focus on
Normal operation resumed and train intervals are back to schedule at Pasar Seni.
People shared regular commute and station photos
No emergency notice was posted
Malaysia transport update 2026-06-03
There are 13 comments in total
author
reply
Show 1 replies
Say something",Normal operation resumed and train intervals are back to schedule at Pasar Seni People shared regular commute and station photos No emergency notice was posted Malaysia transport update 2026 06 03 There are 13 comments in total author reply Show 1 replies Say something,0,normal_operation,synthetic_mock
lrtkelanajaya故障 - 小红书搜索 - Google Chrome,946,mock_post_946.png,lrtkelanajaya故障 - 小红书搜索 - Google Chrome,2026-02-22T23:46:00,"Rapid commuter diary
focus on
Power trip caused brief outage and service resumed after technicians completed repair at Gombak.
Passengers shared delay slip and crowding evidence during rush hour
Rapid KL staff guided queue and temporary shuttle arrangement
Malaysia transport update 2025-12-19
There are 5 comments in total
author
reply
Show 1 replies
Say something",Power trip caused brief outage and service resumed after technicians completed repair at Gombak Passengers shared delay slip and crowding evidence during rush hour Rapid KL staff guided queue and temporary shuttle arrangement Malaysia transport update 2025 12 19 There are 5 comments in total author reply Show 1 replies Say something,1,incident_power_outage,synthetic_mock
mrtkajang问题 - 小红书搜索 - Google Chrome,947,mock_post_947.png,mrtkajang问题 - 小红书搜索 - Google Chrome,2026-02-22T23:47:00,"Little Red Potato 66A1
focus on
No disruption observed and transfer between lines completed without waiting at Gombak.
People shared regular commute and station photos
No emergency notice was posted
Malaysia transport update 2025-10-10
There are 16 comments in total
author
reply
Show 3 replies
Say something",No disruption observed and transfer between lines completed without waiting at Gombak People shared regular commute and station photos No emergency notice was posted Malaysia transport update 2025 10 10 There are 16 comments in total author reply Show 3 replies Say something,0,normal_no_incident,synthetic_mock
🇲🇾LRT停运 注意了‼️ - 小红书 - Google Chrome,948,mock_post_948.png,🇲🇾LRT停运 注意了‼️ - 小红书 - Google Chrome,2026-02-22T23:48:00,"KL daily commuter
focus on
Rapid KL announced temporary service disruption between KLCC and Gombak with shuttle support at Kelana Jaya.
Passengers shared delay slip and crowding evidence during rush hour
Rapid KL staff guided queue and temporary shuttle arrangement
Malaysia transport update 2025-05-21
There are 16 comments in total
author
reply
Show 1 replies
Say something",Rapid KL announced temporary service disruption between KLCC and Gombak with shuttle support at Kelana Jaya Passengers shared delay slip and crowding evidence during rush hour Rapid KL staff guided queue and temporary shuttle arrangement Malaysia transport update 2025 05 21 There are 16 comments in total author reply Show 1 replies Say something,1,incident_service_disruption,synthetic_mock
mrt - 小红书搜索 - Google Chrome,949,mock_post_949.png,mrt - 小红书搜索 - Google Chrome,2026-02-22T23:49:00,"Rapid commuter diary
focus on
General city transport post not related to outage or malfunction at Gombak.
People shared regular commute and station photos
No emergency notice was posted
Malaysia transport update 2026-11-08
There are 1 comments in total
author
reply
Show 1 replies
Say something",General city transport post not related to outage or malfunction at Gombak People shared regular commute and station photos No emergency notice was posted Malaysia transport update 2026 11 08 There are 1 comments in total author reply Show 1 replies Say something,0,normal_general,synthetic_mock
mrt kajang - 小红书搜索 - Google Chrome,950,mock_post_950.png,mrt kajang - 小红书搜索 - Google Chrome,2026-02-22T23:50:00,"Little Red Potato 66A1
focus on
Power trip caused brief outage and service resumed after technicians completed repair at KLCC.
Passengers shared delay slip and crowding evidence during rush hour
Rapid KL staff guided queue and temporary shuttle arrangement
There are 16 comments in total
author
reply
Show 3 replies
Say something",Power trip caused brief outage and service resumed after technicians completed repair at KLCC Passengers shared delay slip and crowding evidence during rush hour Rapid KL staff guided queue and temporary shuttle arrangement There are 16 comments in total author reply Show 3 replies Say something,1,incident_power_outage,synthetic_mock
🇲🇾LRT KelanajayaLine通告，列车降速 - 小红书 - Google Chrome,951,mock_post_951.png,🇲🇾LRT KelanajayaLine通告，列车降速 - 小红书 - Google Chrome,2026-02-22T23:51:00,"City transit watcher
focus on
Commuting to work was smooth and station crowd level was manageable today at Ampang Park.
People shared regular commute and station photos
No emergency notice was posted
There are 12 comments in total
author
reply
Show 3 replies
Say something",Commuting to work was smooth and station crowd level was manageable today at Ampang Park People shared regular commute and station photos No emergency notice was posted There are 12 comments in total author reply Show 3 replies Say something,0,normal_commute,synthetic_mock
mrtkajang问题 - 小红书搜索 - Google Chrome,952,mock_post_952.png,mrtkajang问题 - 小红书搜索 - Google Chrome,2026-02-22T23:52:00,"Ootashi store
focus on
LRT Kelana Jaya line had a signaling issue during peak hour and trains moved slowly at Gombak.
Passengers shared delay slip and crowding evidence during rush hour
Rapid KL staff guided queue and temporary shuttle arrangement
There are 5 comments in total
author
reply
Show 2 replies
Say something",LRT Kelana Jaya line had a signaling issue during peak hour and trains moved slowly at Gombak Passengers shared delay slip and crowding evidence during rush hour Rapid KL staff guided queue and temporary shuttle arrangement There are 5 comments in total author reply Show 2 replies Say something,1,incident_breakdown,synthetic_mock
mrt - 小红书搜索 - Google Chrome,953,mock_post_953.png,mrt - 小红书搜索 - Google Chrome,2026-02-22T23:53:00,"Leisurely kitten
focus on
General city transport post not related to outage or malfunction at Pasar Seni.
People shared regular commute and station photos
No emergency notice was posted
Malaysia transport update 2025-06-14
There are 12 comments in total
author
reply
Show 1 replies
Say something",General city transport post not related to outage or malfunction at Pasar Seni People shared regular commute and station photos No emergency notice was posted Malaysia transport update 2025 06 14 There are 12 comments in total author reply Show 1 replies Say something,0,normal_general,synthetic_mock
🇲🇾LRT停运 注意了‼️ - 小红书 - Google Chrome,954,mock_post_954.png,🇲🇾LRT停运 注意了‼️ - 小红书 - Google Chrome,2026-02-22T23:54:00,"City transit watcher
focus on
Commuters reported long queue and train delay after track maintenance at Universiti station at Masjid Jamek.
Passengers shared delay slip and crowding evidence during rush hour
Rapid KL staff guided queue and temporary shuttle arrangement
There are 17 comments in total
author
reply
Show 1 replies
Say something",Commuters reported long queue and train delay after track maintenance at Universiti station at Masjid Jamek Passengers shared delay slip and crowding evidence during rush hour Rapid KL staff guided queue and temporary shuttle arrangement There are 17 comments in total author reply Show 1 replies Say something,1,incident_delay,synthetic_mock
mrt fault - 小红书搜索 - Google Chrome,955,mock_post_955.png,mrt fault - 小红书搜索 - Google Chrome,2026-02-22T23:55:00,"Little Red Potato 66A1
focus on
Service update says all lines are stable with no major delay this morning at KLCC.
People shared regular commute and station photos
No emergency notice was posted
There are 18 comments in total
author
reply
Show 2 replies
Say something",Service update says all lines are stable with no major delay this morning at KLCC People shared regular commute and station photos No emergency notice was posted There are 18 comments in total author reply Show 2 replies Say something,0,normal_update,synthetic_mock
地铁 马来西亚 - 小红书搜索 - Google Chrome,956,mock_post_956.png,地铁 马来西亚 - 小红书搜索 - Google Chrome,2026-02-22T23:56:00,"Leisurely kitten
focus on
Kelana Jaya line maintenance phase affected frequency and caused crowding at stations at Gombak.
Passengers shared delay slip and crowding evidence during rush hour
Rapid KL staff guided queue and temporary shuttle arrangement
There are 12 comments in total
author
reply
Show 1 replies
Say something",Kelana Jaya line maintenance phase affected frequency and caused crowding at stations at Gombak Passengers shared delay slip and crowding evidence during rush hour Rapid KL staff guided queue and temporary shuttle arrangement There are 12 comments in total author reply Show 1 replies Say something,1,incident_maintenance_impact,synthetic_mock
mrt kajang - 小红书搜索 - Google Chrome,957,mock_post_957.png,mrt kajang - 小红书搜索 - Google Chrome,2026-02-22T23:57:00,"KL daily commuter
focus on
Routine travel post about route tips and fare sharing at Putra Heights.
People shared regular commute and station photos
No emergency notice was posted
Malaysia transport update 2024-09-10
There are 12 comments in total
author
reply
Show 2 replies
Say something",Routine travel post about route tips and fare sharing at Putra Heights People shared regular commute and station photos No emergency notice was posted Malaysia transport update 2024 09 10 There are 12 comments in total author reply Show 2 replies Say something,0,normal_travel_tip,synthetic_mock
🇲🇾LRT KelanajayaLine通告，列车降速 - 小红书 - Google Chrome,958,mock_post_958.png,🇲🇾LRT KelanajayaLine通告，列车降速 - 小红书 - Google Chrome,2026-02-22T23:58:00,"Xiaoxuan Talk Malaysia Official
focus on
Commuters reported long queue and train delay after track maintenance at Universiti station at Pasar Seni.
Passengers shared delay slip and crowding evidence during rush hour
Rapid KL staff guided queue and temporary shuttle arrangement
Malaysia transport update 2026-04-27
There are 7 comments in total
author
reply
Show 3 replies
Say something",Commuters reported long queue and train delay after track maintenance at Universiti station at Pasar Seni Passengers shared delay slip and crowding evidence during rush hour Rapid KL staff guided queue and temporary shuttle arrangement Malaysia transport update 2026 04 27 There are 7 comments in total author reply Show 3 replies Say something,1,incident_delay,synthetic_mock
mrtkajang问题 - 小红书搜索 - Google Chrome,959,mock_post_959.png,mrtkajang问题 - 小红书搜索 - Google Chrome,2026-02-22T23:59:00,"KL daily commuter
focus on
General city transport post not related to outage or malfunction at Masjid Jamek.
People shared regular commute and station photos
No emergency notice was posted
Malaysia transport update 2026-12-25
There are 4 comments in total
author
reply
Show 2 replies
Say something",General city transport post not related to outage or malfunction at Masjid Jamek People shared regular commute and station photos No emergency notice was posted Malaysia transport update 2026 12 25 There are 4 comments in total author reply Show 2 replies Say something,0,normal_general,synthetic_mock
mrt fault - 小红书搜索 - Google Chrome,960,mock_post_960.png,mrt fault - 小红书搜索 - Google Chrome,2026-02-23T00:00:00,"KL daily commuter
focus on
LRT Kelana Jaya line had a signaling issue during peak hour and trains moved slowly at KLCC.
Passengers shared delay slip and crowding evidence during rush hour
Rapid KL staff guided queue and temporary shuttle arrangement
Malaysia transport update 2024-08-12
There are 10 comments in total
author
reply
Show 3 replies
Say something",LRT Kelana Jaya line had a signaling issue during peak hour and trains moved slowly at KLCC Passengers shared delay slip and crowding evidence during rush hour Rapid KL staff guided queue and temporary shuttle arrangement Malaysia transport update 2024 08 12 There are 10 comments in total author reply Show 3 replies Say something,1,incident_breakdown,synthetic_mock
lrt klcc - 小红书搜索 - Google Chrome,961,mock_post_961.png,lrt klcc - 小红书搜索 - Google Chrome,2026-02-23T00:01:00,"Little Red Potato 66A1
focus on
Service update says all lines are stable with no major delay this morning at Ampang Park.
People shared regular commute and station photos
No emergency notice was posted
Malaysia transport update 2025-03-23
There are 10 comments in total
author
reply
Show 1 replies
Say something",Service update says all lines are stable with no major delay this morning at Ampang Park People shared regular commute and station photos No emergency notice was posted Malaysia transport update 2025 03 23 There are 10 comments in total author reply Show 1 replies Say something,0,normal_update,synthetic_mock
lrtkelanajaya故障 - 小红书搜索 - Google Chrome,962,mock_post_962.png,lrtkelanajaya故障 - 小红书搜索 - Google Chrome,2026-02-23T00:02:00,"KL daily commuter
focus on
Rapid KL announced temporary service disruption between KLCC and Gombak with shuttle support at Pasar Seni.
Passengers shared delay slip and crowding evidence during rush hour
Rapid KL staff guided queue and temporary shuttle arrangement
There are 8 comments in total
author
reply
Show 2 replies
Say something",Rapid KL announced temporary service disruption between KLCC and Gombak with shuttle support at Pasar Seni Passengers shared delay slip and crowding evidence during rush hour Rapid KL staff guided queue and temporary shuttle arrangement There are 8 comments in total author reply Show 2 replies Say something,1,incident_service_disruption,synthetic_mock
lrt is bad again - Xiaohongshu search - Google Chrome,963,mock_post_963.png,lrt is bad again - Xiaohongshu search - Google Chrome,2026-02-23T00:03:00,"Xiaoxuan Talk Malaysia Official
focus on
Service update says all lines are stable with no major delay this morning at Pasar Seni.
People shared regular commute and station photos
No emergency notice was posted
Malaysia transport update 2024-02-01
There are 16 comments in total
author
reply
Show 2 replies
Say something",Service update says all lines are stable with no major delay this morning at Pasar Seni People shared regular commute and station photos No emergency notice was posted Malaysia transport update 2024 02 01 There are 16 comments in total author reply Show 2 replies Say something,0,normal_update,synthetic_mock
lrt is bad again - Xiaohongshu search - Google Chrome,964,mock_post_964.png,lrt is bad again - Xiaohongshu search - Google Chrome,2026-02-23T00:04:00,"Xiaoxuan Talk Malaysia Official
focus on
Rapid KL announced temporary service disruption between KLCC and Gombak with shuttle support at KLCC.
Passengers shared delay slip and crowding evidence during rush hour
Rapid KL staff guided queue and temporary shuttle arrangement
There are 17 comments in total
author
reply
Show 3 replies
Say something",Rapid KL announced temporary service disruption between KLCC and Gombak with shuttle support at KLCC Passengers shared delay slip and crowding evidence during rush hour Rapid KL staff guided queue and temporary shuttle arrangement There are 17 comments in total author reply Show 3 replies Say something,1,incident_service_disruption,synthetic_mock
🇲🇾LRT KelanajayaLine通告，列车降速 - 小红书 - Google Chrome,965,mock_post_965.png,🇲🇾LRT KelanajayaLine通告，列车降速 - 小红书 - Google Chrome,2026-02-23T00:05:00,"Leisurely kitten
focus on
No disruption observed and transfer between lines completed without waiting at KLCC.
People shared regular commute and station photos
No emergency notice was posted
Malaysia transport update 2025-11-01
There are 4 comments in total
author
reply
Show 1 replies
Say something",No disruption observed and transfer between lines completed without waiting at KLCC People shared regular commute and station photos No emergency notice was posted Malaysia transport update 2025 11 01 There are 4 comments in total author reply Show 1 replies Say something,0,normal_no_incident,synthetic_mock
mrt - 小红书搜索 - Google Chrome,966,mock_post_966.png,mrt - 小红书搜索 - Google Chrome,2026-02-23T00:06:00,"Ootashi store
focus on
Rapid KL announced temporary service disruption between KLCC and Gombak with shuttle support at KL Sentral.
Passengers shared delay slip and crowding evidence during rush hour
Rapid KL staff guided queue and temporary shuttle arrangement
Malaysia transport update 2025-01-03
There are 5 comments in total
author
reply
Show 3 replies
Say something",Rapid KL announced temporary service disruption between KLCC and Gombak with shuttle support at KL Sentral Passengers shared delay slip and crowding evidence during rush hour Rapid KL staff guided queue and temporary shuttle arrangement Malaysia transport update 2025 01 03 There are 5 comments in total author reply Show 3 replies Say something,1,incident_service_disruption,synthetic_mock
🇲🇾LRT KelanajayaLine通告，列车降速 - 小红书 - Google Chrome,967,mock_post_967.png,🇲🇾LRT KelanajayaLine通告，列车降速 - 小红书 - Google Chrome,2026-02-23T00:07:00,"Leisurely kitten
focus on
Routine travel post about route tips and fare sharing at Putra Heights.
People shared regular commute and station photos
No emergency notice was posted
Malaysia transport update 2026-12-20
There are 8 comments in total
author
reply
Show 3 replies
Say something",Routine travel post about route tips and fare sharing at Putra Heights People shared regular commute and station photos No emergency notice was posted Malaysia transport update 2026 12 20 There are 8 comments in total author reply Show 3 replies Say something,0,normal_travel_tip,synthetic_mock
lrtkelanajaya线 - 小红书搜索 - Google Chrome,968,mock_post_968.png,lrtkelanajaya线 - 小红书搜索 - Google Chrome,2026-02-23T00:08:00,"KL daily commuter
focus on
LRT Kelana Jaya line had a signaling issue during peak hour and trains moved slowly at KLCC.
Passengers shared delay slip and crowding evidence during rush hour
Rapid KL staff guided queue and temporary shuttle arrangement
There are 1 comments in total
author
reply
Show 3 replies
Say something",LRT Kelana Jaya line had a signaling issue during peak hour and trains moved slowly at KLCC Passengers shared delay slip and crowding evidence during rush hour Rapid KL staff guided queue and temporary shuttle arrangement There are 1 comments in total author reply Show 3 replies Say something,1,incident_breakdown,synthetic_mock
地铁 马来西亚 - 小红书搜索 - Google Chrome,969,mock_post_969.png,地铁 马来西亚 - 小红书搜索 - Google Chrome,2026-02-23T00:09:00,"Leisurely kitten
focus on
General city transport post not related to outage or malfunction at Universiti.
People shared regular commute and station photos
No emergency notice was posted
Malaysia transport update 2026-01-24
There are 4 comments in total
author
reply
Show 1 replies
Say something",General city transport post not related to outage or malfunction at Universiti People shared regular commute and station photos No emergency notice was posted Malaysia transport update 2026 01 24 There are 4 comments in total author reply Show 1 replies Say something,0,normal_general,synthetic_mock
🇲🇾LRT停运 注意了‼️ - 小红书 - Google Chrome,970,mock_post_970.png,🇲🇾LRT停运 注意了‼️ - 小红书 - Google Chrome,2026-02-23T00:10:00,"Leisurely kitten
focus on
Kelana Jaya line maintenance phase affected frequency and caused crowding at stations at Ampang Park.
Passengers shared delay slip and crowding evidence during rush hour
Rapid KL staff guided queue and temporary shuttle arrangement
There are 6 comments in total
author
reply
Show 2 replies
Say something",Kelana Jaya line maintenance phase affected frequency and caused crowding at stations at Ampang Park Passengers shared delay slip and crowding evidence during rush hour Rapid KL staff guided queue and temporary shuttle arrangement There are 6 comments in total author reply Show 2 replies Say something,1,incident_maintenance_impact,synthetic_mock
mrt kajang - 小红书搜索 - Google Chrome,971,mock_post_971.png,mrt kajang - 小红书搜索 - Google Chrome,2026-02-23T00:11:00,"KL daily commuter
focus on
Normal operation resumed and train intervals are back to schedule at Pasar Seni.
People shared regular commute and station photos
No emergency notice was posted
Malaysia transport update 2025-07-07
There are 17 comments in total
author
reply
Show 1 replies
Say something",Normal operation resumed and train intervals are back to schedule at Pasar Seni People shared regular commute and station photos No emergency notice was posted Malaysia transport update 2025 07 07 There are 17 comments in total author reply Show 1 replies Say something,0,normal_operation,synthetic_mock
mrt - 小红书搜索 - Google Chrome,972,mock_post_972.png,mrt - 小红书搜索 - Google Chrome,2026-02-23T00:12:00,"Xiaoxuan Talk Malaysia Official
focus on
LRT Kelana Jaya line had a signaling issue during peak hour and trains moved slowly at Putra Heights.
Passengers shared delay slip and crowding evidence during rush hour
Rapid KL staff guided queue and temporary shuttle arrangement
Malaysia transport update 2026-03-16
There are 12 comments in total
author
reply
Show 3 replies
Say something",LRT Kelana Jaya line had a signaling issue during peak hour and trains moved slowly at Putra Heights Passengers shared delay slip and crowding evidence during rush hour Rapid KL staff guided queue and temporary shuttle arrangement Malaysia transport update 2026 03 16 There are 12 comments in total author reply Show 3 replies Say something,1,incident_breakdown,synthetic_mock
mrt - 小红书搜索 - Google Chrome,973,mock_post_973.png,mrt - 小红书搜索 - Google Chrome,2026-02-23T00:13:00,"Xiaoxuan Talk Malaysia Official
focus on
Routine travel post about route tips and fare sharing at Kelana Jaya.
People shared regular commute and station photos
No emergency notice was posted
Malaysia transport update 2024-07-10
There are 15 comments in total
author
reply
Show 3 replies
Say something",Routine travel post about route tips and fare sharing at Kelana Jaya People shared regular commute and station photos No emergency notice was posted Malaysia transport update 2024 07 10 There are 15 comments in total author reply Show 3 replies Say something,0,normal_travel_tip,synthetic_mock
lrtkelanajaya线 - 小红书搜索 - Google Chrome,974,mock_post_974.png,lrtkelanajaya线 - 小红书搜索 - Google Chrome,2026-02-23T00:14:00,"Ootashi store
focus on
Kelana Jaya line maintenance phase affected frequency and caused crowding at stations at Ampang Park.
Passengers shared delay slip and crowding evidence during rush hour
Rapid KL staff guided queue and temporary shuttle arrangement
There are 10 comments in total
author
reply
Show 2 replies
Say something",Kelana Jaya line maintenance phase affected frequency and caused crowding at stations at Ampang Park Passengers shared delay slip and crowding evidence during rush hour Rapid KL staff guided queue and temporary shuttle arrangement There are 10 comments in total author reply Show 2 replies Say something,1,incident_maintenance_impact,synthetic_mock
mrtkajang问题 - 小红书搜索 - Google Chrome,975,mock_post_975.png,mrtkajang问题 - 小红书搜索 - Google Chrome,2026-02-23T00:15:00,"City transit watcher
focus on
Normal operation resumed and train intervals are back to schedule at Ampang Park.
People shared regular commute and station photos
No emergency notice was posted
Malaysia transport update 2024-11-16
There are 4 comments in total
author
reply
Show 2 replies
Say something",Normal operation resumed and train intervals are back to schedule at Ampang Park People shared regular commute and station photos No emergency notice was posted Malaysia transport update 2024 11 16 There are 4 comments in total author reply Show 2 replies Say something,0,normal_operation,synthetic_mock
lrtkelanajaya故障 - 小红书搜索 - Google Chrome,976,mock_post_976.png,lrtkelanajaya故障 - 小红书搜索 - Google Chrome,2026-02-23T00:16:00,"Xiaoxuan Talk Malaysia Official
focus on
Passengers were asked to get off at Pasar Seni due to train fault and wait for replacement at KLCC.
Passengers shared delay slip and crowding evidence during rush hour
Rapid KL staff guided queue and temporary shuttle arrangement
Malaysia transport update 2025-12-19
There are 4 comments in total
author
reply
Show 3 replies
Say something",Passengers were asked to get off at Pasar Seni due to train fault and wait for replacement at KLCC Passengers shared delay slip and crowding evidence during rush hour Rapid KL staff guided queue and temporary shuttle arrangement Malaysia transport update 2025 12 19 There are 4 comments in total author reply Show 3 replies Say something,1,incident_train_fault,synthetic_mock
mrtkajang问题 - 小红书搜索 - Google Chrome,977,mock_post_977.png,mrtkajang问题 - 小红书搜索 - Google Chrome,2026-02-23T00:17:00,"Ootashi store
focus on
Normal operation resumed and train intervals are back to schedule at Putra Heights.
People shared regular commute and station photos
No emergency notice was posted
Malaysia transport update 2026-07-04
There are 8 comments in total
author
reply
Show 2 replies
Say something",Normal operation resumed and train intervals are back to schedule at Putra Heights People shared regular commute and station photos No emergency notice was posted Malaysia transport update 2026 07 04 There are 8 comments in total author reply Show 2 replies Say something,0,normal_operation,synthetic_mock
🇲🇾LRT KelanajayaLine通告，列车降速 - 小红书 - Google Chrome,978,mock_post_978.png,🇲🇾LRT KelanajayaLine通告，列车降速 - 小红书 - Google Chrome,2026-02-23T00:18:00,"Little Red Potato 66A1
focus on
Commuters reported long queue and train delay after track maintenance at Universiti station at KL Sentral.
Passengers shared delay slip and crowding evidence during rush hour
Rapid KL staff guided queue and temporary shuttle arrangement
Malaysia transport update 2026-07-12
There are 16 comments in total
author
reply
Show 3 replies
Say something",Commuters reported long queue and train delay after track maintenance at Universiti station at KL Sentral Passengers shared delay slip and crowding evidence during rush hour Rapid KL staff guided queue and temporary shuttle arrangement Malaysia transport update 2026 07 12 There are 16 comments in total author reply Show 3 replies Say something,1,incident_delay,synthetic_mock
mrtkajang问题 - 小红书搜索 - Google Chrome,979,mock_post_979.png,mrtkajang问题 - 小红书搜索 - Google Chrome,2026-02-23T00:19:00,"Little Red Potato 66A1
focus on
No disruption observed and transfer between lines completed without waiting at Ampang Park.
People shared regular commute and station photos
No emergency notice was posted
Malaysia transport update 2025-02-04
There are 9 comments in total
author
reply
Show 2 replies
Say something",No disruption observed and transfer between lines completed without waiting at Ampang Park People shared regular commute and station photos No emergency notice was posted Malaysia transport update 2025 02 04 There are 9 comments in total author reply Show 2 replies Say something,0,normal_no_incident,synthetic_mock
mrt kajang - 小红书搜索 - Google Chrome,980,mock_post_980.png,mrt kajang - 小红书搜索 - Google Chrome,2026-02-23T00:20:00,"Xiaoxuan Talk Malaysia Official
focus on
Rapid KL announced temporary service disruption between KLCC and Gombak with shuttle support at Pasar Seni.
Passengers shared delay slip and crowding evidence during rush hour
Rapid KL staff guided queue and temporary shuttle arrangement
Malaysia transport update 2024-02-16
There are 1 comments in total
author
reply
Show 1 replies
Say something",Rapid KL announced temporary service disruption between KLCC and Gombak with shuttle support at Pasar Seni Passengers shared delay slip and crowding evidence during rush hour Rapid KL staff guided queue and temporary shuttle arrangement Malaysia transport update 2024 02 16 There are 1 comments in total author reply Show 1 replies Say something,1,incident_service_disruption,synthetic_mock
地铁 马来西亚 - 小红书搜索 - Google Chrome,981,mock_post_981.png,地铁 马来西亚 - 小红书搜索 - Google Chrome,2026-02-23T00:21:00,"Ootashi store
focus on
Routine travel post about route tips and fare sharing at Putra Heights.
People shared regular commute and station photos
No emergency notice was posted
Malaysia transport update 2026-02-25
There are 3 comments in total
author
reply
Show 3 replies
Say something",Routine travel post about route tips and fare sharing at Putra Heights People shared regular commute and station photos No emergency notice was posted Malaysia transport update 2026 02 25 There are 3 comments in total author reply Show 3 replies Say something,0,normal_travel_tip,synthetic_mock
mrt fault - 小红书搜索 - Google Chrome,982,mock_post_982.png,mrt fault - 小红书搜索 - Google Chrome,2026-02-23T00:22:00,"Ootashi store
focus on
Power trip caused brief outage and service resumed after technicians completed repair at Ampang Park.
Passengers shared delay slip and crowding evidence during rush hour
Rapid KL staff guided queue and temporary shuttle arrangement
Malaysia transport update 2025-08-17
There are 9 comments in total
author
reply
Show 3 replies
Say something",Power trip caused brief outage and service resumed after technicians completed repair at Ampang Park Passengers shared delay slip and crowding evidence during rush hour Rapid KL staff guided queue and temporary shuttle arrangement Malaysia transport update 2025 08 17 There are 9 comments in total author reply Show 3 replies Say something,1,incident_power_outage,synthetic_mock
lrt klcc - 小红书搜索 - Google Chrome,983,mock_post_983.png,lrt klcc - 小红书搜索 - Google Chrome,2026-02-23T00:23:00,"Xiaoxuan Talk Malaysia Official
focus on
Routine travel post about route tips and fare sharing at Masjid Jamek.
People shared regular commute and station photos
No emergency notice was posted
There are 2 comments in total
author
reply
Show 2 replies
Say something",Routine travel post about route tips and fare sharing at Masjid Jamek People shared regular commute and station photos No emergency notice was posted There are 2 comments in total author reply Show 2 replies Say something,0,normal_travel_tip,synthetic_mock
lrt is bad again - Xiaohongshu search - Google Chrome,984,mock_post_984.png,lrt is bad again - Xiaohongshu search - Google Chrome,2026-02-23T00:24:00,"Leisurely kitten
focus on
Power trip caused brief outage and service resumed after technicians completed repair at Ampang Park.
Passengers shared delay slip and crowding evidence during rush hour
Rapid KL staff guided queue and temporary shuttle arrangement
There are 15 comments in total
author
reply
Show 2 replies
Say something",Power trip caused brief outage and service resumed after technicians completed repair at Ampang Park Passengers shared delay slip and crowding evidence during rush hour Rapid KL staff guided queue and temporary shuttle arrangement There are 15 comments in total author reply Show 2 replies Say something,1,incident_power_outage,synthetic_mock
lrtkelanajaya故障 - 小红书搜索 - Google Chrome,985,mock_post_985.png,lrtkelanajaya故障 - 小红书搜索 - Google Chrome,2026-02-23T00:25:00,"Little Red Potato 66A1
focus on
Normal operation resumed and train intervals are back to schedule at Pasar Seni.
People shared regular commute and station photos
No emergency notice was posted
There are 10 comments in total
author
reply
Show 3 replies
Say something",Normal operation resumed and train intervals are back to schedule at Pasar Seni People shared regular commute and station photos No emergency notice was posted There are 10 comments in total author reply Show 3 replies Say something,0,normal_operation,synthetic_mock
🇲🇾LRT停运 注意了‼️ - 小红书 - Google Chrome,986,mock_post_986.png,🇲🇾LRT停运 注意了‼️ - 小红书 - Google Chrome,2026-02-23T00:26:00,"Ootashi store
focus on
Power trip caused brief outage and service resumed after technicians completed repair at Wangsa Maju.
Passengers shared delay slip and crowding evidence during rush hour
Rapid KL staff guided queue and temporary shuttle arrangement
Malaysia transport update 2025-08-25
There are 4 comments in total
author
reply
Show 3 replies
Say something",Power trip caused brief outage and service resumed after technicians completed repair at Wangsa Maju Passengers shared delay slip and crowding evidence during rush hour Rapid KL staff guided queue and temporary shuttle arrangement Malaysia transport update 2025 08 25 There are 4 comments in total author reply Show 3 replies Say something,1,incident_power_outage,synthetic_mock
lrt is bad again - Xiaohongshu search - Google Chrome,987,mock_post_987.png,lrt is bad again - Xiaohongshu search - Google Chrome,2026-02-23T00:27:00,"City transit watcher
focus on
No disruption observed and transfer between lines completed without waiting at Masjid Jamek.
People shared regular commute and station photos
No emergency notice was posted
Malaysia transport update 2025-08-18
There are 6 comments in total
author
reply
Show 3 replies
Say something",No disruption observed and transfer between lines completed without waiting at Masjid Jamek People shared regular commute and station photos No emergency notice was posted Malaysia transport update 2025 08 18 There are 6 comments in total author reply Show 3 replies Say something,0,normal_no_incident,synthetic_mock
🇲🇾LRT停运 注意了‼️ - 小红书 - Google Chrome,988,mock_post_988.png,🇲🇾LRT停运 注意了‼️ - 小红书 - Google Chrome,2026-02-23T00:28:00,"Rapid commuter diary
focus on
Power trip caused brief outage and service resumed after technicians completed repair at Gombak.
Passengers shared delay slip and crowding evidence during rush hour
Rapid KL staff guided queue and temporary shuttle arrangement
There are 13 comments in total
author
reply
Show 3 replies
Say something",Power trip caused brief outage and service resumed after technicians completed repair at Gombak Passengers shared delay slip and crowding evidence during rush hour Rapid KL staff guided queue and temporary shuttle arrangement There are 13 comments in total author reply Show 3 replies Say something,1,incident_power_outage,synthetic_mock
🇲🇾LRT KelanajayaLine通告，列车降速 - 小红书 - Google Chrome,989,mock_post_989.png,🇲🇾LRT KelanajayaLine通告，列车降速 - 小红书 - Google Chrome,2026-02-23T00:29:00,"Leisurely kitten
focus on
Commuting to work was smooth and station crowd level was manageable today at Gombak.
People shared regular commute and station photos
No emergency notice was posted
Malaysia transport update 2026-01-05
There are 12 comments in total
author
reply
Show 2 replies
Say something",Commuting to work was smooth and station crowd level was manageable today at Gombak People shared regular commute and station photos No emergency notice was posted Malaysia transport update 2026 01 05 There are 12 comments in total author reply Show 2 replies Say something,0,normal_commute,synthetic_mock
🇲🇾LRT停运 注意了‼️ - 小红书 - Google Chrome,990,mock_post_990.png,🇲🇾LRT停运 注意了‼️ - 小红书 - Google Chrome,2026-02-23T00:30:00,"Rapid commuter diary
focus on
LRT Kelana Jaya line had a signaling issue during peak hour and trains moved slowly at Putra Heights.
Passengers shared delay slip and crowding evidence during rush hour
Rapid KL staff guided queue and temporary shuttle arrangement
Malaysia transport update 2025-06-14
There are 12 comments in total
author
reply
Show 1 replies
Say something",LRT Kelana Jaya line had a signaling issue during peak hour and trains moved slowly at Putra Heights Passengers shared delay slip and crowding evidence during rush hour Rapid KL staff guided queue and temporary shuttle arrangement Malaysia transport update 2025 06 14 There are 12 comments in total author reply Show 1 replies Say something,1,incident_breakdown,synthetic_mock
lrt klcc - 小红书搜索 - Google Chrome,991,mock_post_991.png,lrt klcc - 小红书搜索 - Google Chrome,2026-02-23T00:31:00,"Ootashi store
focus on
Service update says all lines are stable with no major delay this morning at Universiti.
People shared regular commute and station photos
No emergency notice was posted
There are 3 comments in total
author
reply
Show 3 replies
Say something",Service update says all lines are stable with no major delay this morning at Universiti People shared regular commute and station photos No emergency notice was posted There are 3 comments in total author reply Show 3 replies Say something,0,normal_update,synthetic_mock
mrt kajang - 小红书搜索 - Google Chrome,992,mock_post_992.png,mrt kajang - 小红书搜索 - Google Chrome,2026-02-23T00:32:00,"Leisurely kitten
focus on
Commuters reported long queue and train delay after track maintenance at Universiti station at KLCC.
Passengers shared delay slip and crowding evidence during rush hour
Rapid KL staff guided queue and temporary shuttle arrangement
Malaysia transport update 2026-06-02
There are 15 comments in total
author
reply
Show 3 replies
Say something",Commuters reported long queue and train delay after track maintenance at Universiti station at KLCC Passengers shared delay slip and crowding evidence during rush hour Rapid KL staff guided queue and temporary shuttle arrangement Malaysia transport update 2026 06 02 There are 15 comments in total author reply Show 3 replies Say something,1,incident_delay,synthetic_mock
mrt kajang - 小红书搜索 - Google Chrome,993,mock_post_993.png,mrt kajang - 小红书搜索 - Google Chrome,2026-02-23T00:33:00,"Rapid commuter diary
focus on
Routine travel post about route tips and fare sharing at Masjid Jamek.
People shared regular commute and station photos
No emergency notice was posted
Malaysia transport update 2026-08-19
There are 1 comments in total
author
reply
Show 2 replies
Say something",Routine travel post about route tips and fare sharing at Masjid Jamek People shared regular commute and station photos No emergency notice was posted Malaysia transport update 2026 08 19 There are 1 comments in total author reply Show 2 replies Say something,0,normal_travel_tip,synthetic_mock
🇲🇾LRT停运 注意了‼️ - 小红书 - Google Chrome,994,mock_post_994.png,🇲🇾LRT停运 注意了‼️ - 小红书 - Google Chrome,2026-02-23T00:34:00,"Leisurely kitten
focus on
Passengers were asked to get off at Pasar Seni due to train fault and wait for replacement at Wangsa Maju.
Passengers shared delay slip and crowding evidence during rush hour
Rapid KL staff guided queue and temporary shuttle arrangement
There are 16 comments in total
author
reply
Show 1 replies
Say something",Passengers were asked to get off at Pasar Seni due to train fault and wait for replacement at Wangsa Maju Passengers shared delay slip and crowding evidence during rush hour Rapid KL staff guided queue and temporary shuttle arrangement There are 16 comments in total author reply Show 1 replies Say something,1,incident_train_fault,synthetic_mock
mrt kajang - 小红书搜索 - Google Chrome,995,mock_post_995.png,mrt kajang - 小红书搜索 - Google Chrome,2026-02-23T00:35:00,"Rapid commuter diary
focus on
Service update says all lines are stable with no major delay this morning at Putra Heights.
People shared regular commute and station photos
No emergency notice was posted
Malaysia transport update 2026-06-06
There are 10 comments in total
author
reply
Show 2 replies
Say something",Service update says all lines are stable with no major delay this morning at Putra Heights People shared regular commute and station photos No emergency notice was posted Malaysia transport update 2026 06 06 There are 10 comments in total author reply Show 2 replies Say something,0,normal_update,synthetic_mock
lrtkelanajaya线 - 小红书搜索 - Google Chrome,996,mock_post_996.png,lrtkelanajaya线 - 小红书搜索 - Google Chrome,2026-02-23T00:36:00,"City transit watcher
focus on
Rapid KL announced temporary service disruption between KLCC and Gombak with shuttle support at Ampang Park.
Passengers shared delay slip and crowding evidence during rush hour
Rapid KL staff guided queue and temporary shuttle arrangement
There are 3 comments in total
author
reply
Show 3 replies
Say something",Rapid KL announced temporary service disruption between KLCC and Gombak with shuttle support at Ampang Park Passengers shared delay slip and crowding evidence during rush hour Rapid KL staff guided queue and temporary shuttle arrangement There are 3 comments in total author reply Show 3 replies Say something,1,incident_service_disruption,synthetic_mock
lrt klcc - 小红书搜索 - Google Chrome,997,mock_post_997.png,lrt klcc - 小红书搜索 - Google Chrome,2026-02-23T00:37:00,"Xiaoxuan Talk Malaysia Official
focus on
Commuting to work was smooth and station crowd level was manageable today at Gombak.
People shared regular commute and station photos
No emergency notice was posted
Malaysia transport update 2026-07-26
There are 8 comments in total
author
reply
Show 3 replies
Say something",Commuting to work was smooth and station crowd level was manageable today at Gombak People shared regular commute and station photos No emergency notice was posted Malaysia transport update 2026 07 26 There are 8 comments in total author reply Show 3 replies Say something,0,normal_commute,synthetic_mock
🇲🇾LRT KelanajayaLine通告，列车降速 - 小红书 - Google Chrome,998,mock_post_998.png,🇲🇾LRT KelanajayaLine通告，列车降速 - 小红书 - Google Chrome,2026-02-23T00:38:00,"Xiaoxuan Talk Malaysia Official
focus on
Kelana Jaya line maintenance phase affected frequency and caused crowding at stations at KL Sentral.
Passengers shared delay slip and crowding evidence during rush hour
Rapid KL staff guided queue and temporary shuttle arrangement
There are 9 comments in total
author
reply
Show 1 replies
Say something",Kelana Jaya line maintenance phase affected frequency and caused crowding at stations at KL Sentral Passengers shared delay slip and crowding evidence during rush hour Rapid KL staff guided queue and temporary shuttle arrangement There are 9 comments in total author reply Show 1 replies Say something,1,incident_maintenance_impact,synthetic_mock
mrt - 小红书搜索 - Google Chrome,999,mock_post_999.png,mrt - 小红书搜索 - Google Chrome,2026-02-23T00:39:00,"Rapid commuter diary
focus on
Routine travel post about route tips and fare sharing at Ampang Park.
People shared regular commute and station photos
No emergency notice was posted
Malaysia transport update 2024-11-27
There are 10 comments in total
author
reply
Show 3 replies
Say something",Routine travel post about route tips and fare sharing at Ampang Park People shared regular commute and station photos No emergency notice was posted Malaysia transport update 2024 11 27 There are 10 comments in total author reply Show 3 replies Say something,0,normal_travel_tip,synthetic_mock
🇲🇾LRT停运 注意了‼️ - 小红书 - Google Chrome,1000,mock_post_1000.png,🇲🇾LRT停运 注意了‼️ - 小红书 - Google Chrome,2026-02-23T00:40:00,"Leisurely kitten
focus on
Power trip caused brief outage and service resumed after technicians completed repair at Masjid Jamek.
Passengers shared delay slip and crowding evidence during rush hour
Rapid KL staff guided queue and temporary shuttle arrangement
Malaysia transport update 2025-05-20
There are 17 comments in total
author
reply
Show 2 replies
Say something",Power trip caused brief outage and service resumed after technicians completed repair at Masjid Jamek Passengers shared delay slip and crowding evidence during rush hour Rapid KL staff guided queue and temporary shuttle arrangement Malaysia transport update 2025 05 20 There are 17 comments in total author reply Show 2 replies Say something,1,incident_power_outage,synthetic_mock
🇲🇾LRT KelanajayaLine通告，列车降速 - 小红书 - Google Chrome,1001,mock_post_1001.png,🇲🇾LRT KelanajayaLine通告，列车降速 - 小红书 - Google Chrome,2026-02-23T00:41:00,"Xiaoxuan Talk Malaysia Official
focus on
Routine travel post about route tips and fare sharing at Pasar Seni.
People shared regular commute and station photos
No emergency notice was posted
There are 17 comments in total
author
reply
Show 1 replies
Say something",Routine travel post about route tips and fare sharing at Pasar Seni People shared regular commute and station photos No emergency notice was posted There are 17 comments in total author reply Show 1 replies Say something,0,normal_travel_tip,synthetic_mock
🇲🇾LRT停运 注意了‼️ - 小红书 - Google Chrome,1002,mock_post_1002.png,🇲🇾LRT停运 注意了‼️ - 小红书 - Google Chrome,2026-02-23T00:42:00,"City transit watcher
focus on
Power trip caused brief outage and service resumed after technicians completed repair at Universiti.
Passengers shared delay slip and crowding evidence during rush hour
Rapid KL staff guided queue and temporary shuttle arrangement
There are 15 comments in total
author
reply
Show 2 replies
Say something",Power trip caused brief outage and service resumed after technicians completed repair at Universiti Passengers shared delay slip and crowding evidence during rush hour Rapid KL staff guided queue and temporary shuttle arrangement There are 15 comments in total author reply Show 2 replies Say something,1,incident_power_outage,synthetic_mock
🇲🇾LRT停运 注意了‼️ - 小红书 - Google Chrome,1003,mock_post_1003.png,🇲🇾LRT停运 注意了‼️ - 小红书 - Google Chrome,2026-02-23T00:43:00,"KL daily commuter
focus on
Routine travel post about route tips and fare sharing at KL Sentral.
People shared regular commute and station photos
No emergency notice was posted
There are 14 comments in total
author
reply
Show 3 replies
Say something",Routine travel post about route tips and fare sharing at KL Sentral People shared regular commute and station photos No emergency notice was posted There are 14 comments in total author reply Show 3 replies Say something,0,normal_travel_tip,synthetic_mock
mrt kajang - 小红书搜索 - Google Chrome,1004,mock_post_1004.png,mrt kajang - 小红书搜索 - Google Chrome,2026-02-23T00:44:00,"Ootashi store
focus on
LRT Kelana Jaya line had a signaling issue during peak hour and trains moved slowly at Masjid Jamek.
Passengers shared delay slip and crowding evidence during rush hour
Rapid KL staff guided queue and temporary shuttle arrangement
Malaysia transport update 2024-04-05
There are 10 comments in total
author
reply
Show 2 replies
Say something",LRT Kelana Jaya line had a signaling issue during peak hour and trains moved slowly at Masjid Jamek Passengers shared delay slip and crowding evidence during rush hour Rapid KL staff guided queue and temporary shuttle arrangement Malaysia transport update 2024 04 05 There are 10 comments in total author reply Show 2 replies Say something,1,incident_breakdown,synthetic_mock
lrtkelanajaya故障 - 小红书搜索 - Google Chrome,1005,mock_post_1005.png,lrtkelanajaya故障 - 小红书搜索 - Google Chrome,2026-02-23T00:45:00,"City transit watcher
focus on
Commuting to work was smooth and station crowd level was manageable today at KLCC.
People shared regular commute and station photos
No emergency notice was posted
Malaysia transport update 2025-05-27
There are 10 comments in total
author
reply
Show 3 replies
Say something",Commuting to work was smooth and station crowd level was manageable today at KLCC People shared regular commute and station photos No emergency notice was posted Malaysia transport update 2025 05 27 There are 10 comments in total author reply Show 3 replies Say something,0,normal_commute,synthetic_mock
mrt - 小红书搜索 - Google Chrome,1006,mock_post_1006.png,mrt - 小红书搜索 - Google Chrome,2026-02-23T00:46:00,"Ootashi store
focus on
Commuters reported long queue and train delay after track maintenance at Universiti station at KL Sentral.
Passengers shared delay slip and crowding evidence during rush hour
Rapid KL staff guided queue and temporary shuttle arrangement
Malaysia transport update 2024-03-07
There are 1 comments in total
author
reply
Show 1 replies
Say something",Commuters reported long queue and train delay after track maintenance at Universiti station at KL Sentral Passengers shared delay slip and crowding evidence during rush hour Rapid KL staff guided queue and temporary shuttle arrangement Malaysia transport update 2024 03 07 There are 1 comments in total author reply Show 1 replies Say something,1,incident_delay,synthetic_mock
lrt is bad again - Xiaohongshu search - Google Chrome,1007,mock_post_1007.png,lrt is bad again - Xiaohongshu search - Google Chrome,2026-02-23T00:47:00,"Little Red Potato 66A1
focus on
No disruption observed and transfer between lines completed without waiting at Ampang Park.
People shared regular commute and station photos
No emergency notice was posted
There are 14 comments in total
author
reply
Show 3 replies
Say something",No disruption observed and transfer between lines completed without waiting at Ampang Park People shared regular commute and station photos No emergency notice was posted There are 14 comments in total author reply Show 3 replies Say something,0,normal_no_incident,synthetic_mock
🇲🇾LRT停运 注意了‼️ - 小红书 - Google Chrome,1008,mock_post_1008.png,🇲🇾LRT停运 注意了‼️ - 小红书 - Google Chrome,2026-02-23T00:48:00,"Leisurely kitten
focus on
Rapid KL announced temporary service disruption between KLCC and Gombak with shuttle support at Pasar Seni.
Passengers shared delay slip and crowding evidence during rush hour
Rapid KL staff guided queue and temporary shuttle arrangement
Malaysia transport update 2025-05-22
There are 18 comments in total
author
reply
Show 1 replies
Say something",Rapid KL announced temporary service disruption between KLCC and Gombak with shuttle support at Pasar Seni Passengers shared delay slip and crowding evidence during rush hour Rapid KL staff guided queue and temporary shuttle arrangement Malaysia transport update 2025 05 22 There are 18 comments in total author reply Show 1 replies Say something,1,incident_service_disruption,synthetic_mock
mrt kajang - 小红书搜索 - Google Chrome,1009,mock_post_1009.png,mrt kajang - 小红书搜索 - Google Chrome,2026-02-23T00:49:00,"KL daily commuter
focus on
Normal operation resumed and train intervals are back to schedule at Ampang Park.
People shared regular commute and station photos
No emergency notice was posted
Malaysia transport update 2024-06-20
There are 10 comments in total
author
reply
Show 1 replies
Say something",Normal operation resumed and train intervals are back to schedule at Ampang Park People shared regular commute and station photos No emergency notice was posted Malaysia transport update 2024 06 20 There are 10 comments in total author reply Show 1 replies Say something,0,normal_operation,synthetic_mock
lrt klcc - 小红书搜索 - Google Chrome,1010,mock_post_1010.png,lrt klcc - 小红书搜索 - Google Chrome,2026-02-23T00:50:00,"Rapid commuter diary
focus on
Commuters reported long queue and train delay after track maintenance at Universiti station at KLCC.
Passengers shared delay slip and crowding evidence during rush hour
Rapid KL staff guided queue and temporary shuttle arrangement
There are 5 comments in total
author
reply
Show 1 replies
Say something",Commuters reported long queue and train delay after track maintenance at Universiti station at KLCC Passengers shared delay slip and crowding evidence during rush hour Rapid KL staff guided queue and temporary shuttle arrangement There are 5 comments in total author reply Show 1 replies Say something,1,incident_delay,synthetic_mock
lrtkelanajaya线 - 小红书搜索 - Google Chrome,1011,mock_post_1011.png,lrtkelanajaya线 - 小红书搜索 - Google Chrome,2026-02-23T00:51:00,"Xiaoxuan Talk Malaysia Official
focus on
Routine travel post about route tips and fare sharing at Masjid Jamek.
People shared regular commute and station photos
No emergency notice was posted
Malaysia transport update 2026-09-09
There are 16 comments in total
author
reply
Show 1 replies
Say something",Routine travel post about route tips and fare sharing at Masjid Jamek People shared regular commute and station photos No emergency notice was posted Malaysia transport update 2026 09 09 There are 16 comments in total author reply Show 1 replies Say something,0,normal_travel_tip,synthetic_mock
mrt kajang - 小红书搜索 - Google Chrome,1012,mock_post_1012.png,mrt kajang - 小红书搜索 - Google Chrome,2026-02-23T00:52:00,"KL daily commuter
focus on
Passengers were asked to get off at Pasar Seni due to train fault and wait for replacement at KLCC.
Passengers shared delay slip and crowding evidence during rush hour
Rapid KL staff guided queue and temporary shuttle arrangement
There are 11 comments in total
author
reply
Show 3 replies
Say something",Passengers were asked to get off at Pasar Seni due to train fault and wait for replacement at KLCC Passengers shared delay slip and crowding evidence during rush hour Rapid KL staff guided queue and temporary shuttle arrangement There are 11 comments in total author reply Show 3 replies Say something,1,incident_train_fault,synthetic_mock
mrt kajang - 小红书搜索 - Google Chrome,1013,mock_post_1013.png,mrt kajang - 小红书搜索 - Google Chrome,2026-02-23T00:53:00,"Rapid commuter diary
focus on
General city transport post not related to outage or malfunction at Universiti.
People shared regular commute and station photos
No emergency notice was posted
Malaysia transport update 2024-03-07
There are 9 comments in total
author
reply
Show 2 replies
Say something",General city transport post not related to outage or malfunction at Universiti People shared regular commute and station photos No emergency notice was posted Malaysia transport update 2024 03 07 There are 9 comments in total author reply Show 2 replies Say something,0,normal_general,synthetic_mock
mrt kajang - 小红书搜索 - Google Chrome,1014,mock_post_1014.png,mrt kajang - 小红书搜索 - Google Chrome,2026-02-23T00:54:00,"Xiaoxuan Talk Malaysia Official
focus on
Commuters reported long queue and train delay after track maintenance at Universiti station at KL Sentral.
Passengers shared delay slip and crowding evidence during rush hour
Rapid KL staff guided queue and temporary shuttle arrangement
Malaysia transport update 2025-12-04
There are 11 comments in total
author
reply
Show 3 replies
Say something",Commuters reported long queue and train delay after track maintenance at Universiti station at KL Sentral Passengers shared delay slip and crowding evidence during rush hour Rapid KL staff guided queue and temporary shuttle arrangement Malaysia transport update 2025 12 04 There are 11 comments in total author reply Show 3 replies Say something,1,incident_delay,synthetic_mock
mrtkajang问题 - 小红书搜索 - Google Chrome,1015,mock_post_1015.png,mrtkajang问题 - 小红书搜索 - Google Chrome,2026-02-23T00:55:00,"Leisurely kitten
focus on
No disruption observed and transfer between lines completed without waiting at Universiti.
People shared regular commute and station photos
No emergency notice was posted
There are 5 comments in total
author
reply
Show 2 replies
Say something",No disruption observed and transfer between lines completed without waiting at Universiti People shared regular commute and station photos No emergency notice was posted There are 5 comments in total author reply Show 2 replies Say something,0,normal_no_incident,synthetic_mock
🇲🇾LRT停运 注意了‼️ - 小红书 - Google Chrome,1016,mock_post_1016.png,🇲🇾LRT停运 注意了‼️ - 小红书 - Google Chrome,2026-02-23T00:56:00,"KL daily commuter
focus on
Kelana Jaya line maintenance phase affected frequency and caused crowding at stations at Putra Heights.
Passengers shared delay slip and crowding evidence during rush hour
Rapid KL staff guided queue and temporary shuttle arrangement
Malaysia transport update 2026-10-02
There are 2 comments in total
author
reply
Show 3 replies
Say something",Kelana Jaya line maintenance phase affected frequency and caused crowding at stations at Putra Heights Passengers shared delay slip and crowding evidence during rush hour Rapid KL staff guided queue and temporary shuttle arrangement Malaysia transport update 2026 10 02 There are 2 comments in total author reply Show 3 replies Say something,1,incident_maintenance_impact,synthetic_mock
lrtkelanajaya线 - 小红书搜索 - Google Chrome,1017,mock_post_1017.png,lrtkelanajaya线 - 小红书搜索 - Google Chrome,2026-02-23T00:57:00,"Little Red Potato 66A1
focus on
Service update says all lines are stable with no major delay this morning at Gombak.
People shared regular commute and station photos
No emergency notice was posted
Malaysia transport update 2026-12-12
There are 4 comments in total
author
reply
Show 3 replies
Say something",Service update says all lines are stable with no major delay this morning at Gombak People shared regular commute and station photos No emergency notice was posted Malaysia transport update 2026 12 12 There are 4 comments in total author reply Show 3 replies Say something,0,normal_update,synthetic_mock
mrt - 小红书搜索 - Google Chrome,1018,mock_post_1018.png,mrt - 小红书搜索 - Google Chrome,2026-02-23T00:58:00,"Xiaoxuan Talk Malaysia Official
focus on
Power trip caused brief outage and service resumed after technicians completed repair at Wangsa Maju.
Passengers shared delay slip and crowding evidence during rush hour
Rapid KL staff guided queue and temporary shuttle arrangement
There are 13 comments in total
author
reply
Show 2 replies
Say something",Power trip caused brief outage and service resumed after technicians completed repair at Wangsa Maju Passengers shared delay slip and crowding evidence during rush hour Rapid KL staff guided queue and temporary shuttle arrangement There are 13 comments in total author reply Show 2 replies Say something,1,incident_power_outage,synthetic_mock
mrt kajang - 小红书搜索 - Google Chrome,1019,mock_post_1019.png,mrt kajang - 小红书搜索 - Google Chrome,2026-02-23T00:59:00,"Leisurely kitten
focus on
Normal operation resumed and train intervals are back to schedule at Universiti.
People shared regular commute and station photos
No emergency notice was posted
Malaysia transport update 2024-08-21
There are 11 comments in total
author
reply
Show 3 replies
Say something",Normal operation resumed and train intervals are back to schedule at Universiti People shared regular commute and station photos No emergency notice was posted Malaysia transport update 2024 08 21 There are 11 comments in total author reply Show 3 replies Say something,0,normal_operation,synthetic_mock
mrt kajang - 小红书搜索 - Google Chrome,1020,mock_post_1020.png,mrt kajang - 小红书搜索 - Google Chrome,2026-02-23T01:00:00,"KL daily commuter
focus on
LRT Kelana Jaya line had a signaling issue during peak hour and trains moved slowly at Gombak.
Passengers shared delay slip and crowding evidence during rush hour
Rapid KL staff guided queue and temporary shuttle arrangement
Malaysia transport update 2025-08-24
There are 14 comments in total
author
reply
Show 2 replies
Say something",LRT Kelana Jaya line had a signaling issue during peak hour and trains moved slowly at Gombak Passengers shared delay slip and crowding evidence during rush hour Rapid KL staff guided queue and temporary shuttle arrangement Malaysia transport update 2025 08 24 There are 14 comments in total author reply Show 2 replies Say something,1,incident_breakdown,synthetic_mock
mrt fault - 小红书搜索 - Google Chrome,1021,mock_post_1021.png,mrt fault - 小红书搜索 - Google Chrome,2026-02-23T01:01:00,"City transit watcher
focus on
Normal operation resumed and train intervals are back to schedule at Pasar Seni.
People shared regular commute and station photos
No emergency notice was posted
Malaysia transport update 2024-06-14
There are 18 comments in total
author
reply
Show 3 replies
Say something",Normal operation resumed and train intervals are back to schedule at Pasar Seni People shared regular commute and station photos No emergency notice was posted Malaysia transport update 2024 06 14 There are 18 comments in total author reply Show 3 replies Say something,0,normal_operation,synthetic_mock
lrtkelanajaya故障 - 小红书搜索 - Google Chrome,1022,mock_post_1022.png,lrtkelanajaya故障 - 小红书搜索 - Google Chrome,2026-02-23T01:02:00,"KL daily commuter
focus on
Power trip caused brief outage and service resumed after technicians completed repair at Kelana Jaya.
Passengers shared delay slip and crowding evidence during rush hour
Rapid KL staff guided queue and temporary shuttle arrangement
Malaysia transport update 2026-03-21
There are 15 comments in total
author
reply
Show 3 replies
Say something",Power trip caused brief outage and service resumed after technicians completed repair at Kelana Jaya Passengers shared delay slip and crowding evidence during rush hour Rapid KL staff guided queue and temporary shuttle arrangement Malaysia transport update 2026 03 21 There are 15 comments in total author reply Show 3 replies Say something,1,incident_power_outage,synthetic_mock
lrt klcc - 小红书搜索 - Google Chrome,1023,mock_post_1023.png,lrt klcc - 小红书搜索 - Google Chrome,2026-02-23T01:03:00,"Ootashi store
focus on
Normal operation resumed and train intervals are back to schedule at Wangsa Maju.
People shared regular commute and station photos
No emergency notice was posted
There are 11 comments in total
author
reply
Show 3 replies
Say something",Normal operation resumed and train intervals are back to schedule at Wangsa Maju People shared regular commute and station photos No emergency notice was posted There are 11 comments in total author reply Show 3 replies Say something,0,normal_operation,synthetic_mock
mrtkajang问题 - 小红书搜索 - Google Chrome,1024,mock_post_1024.png,mrtkajang问题 - 小红书搜索 - Google Chrome,2026-02-23T01:04:00,"Ootashi store
focus on
LRT Kelana Jaya line had a signaling issue during peak hour and trains moved slowly at Pasar Seni.
Passengers shared delay slip and crowding evidence during rush hour
Rapid KL staff guided queue and temporary shuttle arrangement
Malaysia transport update 2026-03-28
There are 14 comments in total
author
reply
Show 2 replies
Say something",LRT Kelana Jaya line had a signaling issue during peak hour and trains moved slowly at Pasar Seni Passengers shared delay slip and crowding evidence during rush hour Rapid KL staff guided queue and temporary shuttle arrangement Malaysia transport update 2026 03 28 There are 14 comments in total author reply Show 2 replies Say something,1,incident_breakdown,synthetic_mock
lrt klcc - 小红书搜索 - Google Chrome,1025,mock_post_1025.png,lrt klcc - 小红书搜索 - Google Chrome,2026-02-23T01:05:00,"Leisurely kitten
focus on
No disruption observed and transfer between lines completed without waiting at Pasar Seni.
People shared regular commute and station photos
No emergency notice was posted
Malaysia transport update 2026-06-26
There are 10 comments in total
author
reply
Show 1 replies
Say something",No disruption observed and transfer between lines completed without waiting at Pasar Seni People shared regular commute and station photos No emergency notice was posted Malaysia transport update 2026 06 26 There are 10 comments in total author reply Show 1 replies Say something,0,normal_no_incident,synthetic_mock
地铁 马来西亚 - 小红书搜索 - Google Chrome,1026,mock_post_1026.png,地铁 马来西亚 - 小红书搜索 - Google Chrome,2026-02-23T01:06:00,"Ootashi store
focus on
Power trip caused brief outage and service resumed after technicians completed repair at Putra Heights.
Passengers shared delay slip and crowding evidence during rush hour
Rapid KL staff guided queue and temporary shuttle arrangement
Malaysia transport update 2025-10-08
There are 1 comments in total
author
reply
Show 1 replies
Say something",Power trip caused brief outage and service resumed after technicians completed repair at Putra Heights Passengers shared delay slip and crowding evidence during rush hour Rapid KL staff guided queue and temporary shuttle arrangement Malaysia transport update 2025 10 08 There are 1 comments in total author reply Show 1 replies Say something,1,incident_power_outage,synthetic_mock
lrtkelanajaya故障 - 小红书搜索 - Google Chrome,1027,mock_post_1027.png,lrtkelanajaya故障 - 小红书搜索 - Google Chrome,2026-02-23T01:07:00,"City transit watcher
focus on
General city transport post not related to outage or malfunction at KL Sentral.
People shared regular commute and station photos
No emergency notice was posted
Malaysia transport update 2024-08-07
There are 9 comments in total
author
reply
Show 3 replies
Say something",General city transport post not related to outage or malfunction at KL Sentral People shared regular commute and station photos No emergency notice was posted Malaysia transport update 2024 08 07 There are 9 comments in total author reply Show 3 replies Say something,0,normal_general,synthetic_mock
🇲🇾LRT KelanajayaLine通告，列车降速 - 小红书 - Google Chrome,1028,mock_post_1028.png,🇲🇾LRT KelanajayaLine通告，列车降速 - 小红书 - Google Chrome,2026-02-23T01:08:00,"Little Red Potato 66A1
focus on
LRT Kelana Jaya line had a signaling issue during peak hour and trains moved slowly at Wangsa Maju.
Passengers shared delay slip and crowding evidence during rush hour
Rapid KL staff guided queue and temporary shuttle arrangement
Malaysia transport update 2025-03-03
There are 12 comments in total
author
reply
Show 1 replies
Say something",LRT Kelana Jaya line had a signaling issue during peak hour and trains moved slowly at Wangsa Maju Passengers shared delay slip and crowding evidence during rush hour Rapid KL staff guided queue and temporary shuttle arrangement Malaysia transport update 2025 03 03 There are 12 comments in total author reply Show 1 replies Say something,1,incident_breakdown,synthetic_mock
lrtkelanajaya线 - 小红书搜索 - Google Chrome,1029,mock_post_1029.png,lrtkelanajaya线 - 小红书搜索 - Google Chrome,2026-02-23T01:09:00,"City transit watcher
focus on
Normal operation resumed and train intervals are back to schedule at Kelana Jaya.
People shared regular commute and station photos
No emergency notice was posted
Malaysia transport update 2025-11-16
There are 4 comments in total
author
reply
Show 1 replies
Say something",Normal operation resumed and train intervals are back to schedule at Kelana Jaya People shared regular commute and station photos No emergency notice was posted Malaysia transport update 2025 11 16 There are 4 comments in total author reply Show 1 replies Say something,0,normal_operation,synthetic_mock
mrt kajang - 小红书搜索 - Google Chrome,1030,mock_post_1030.png,mrt kajang - 小红书搜索 - Google Chrome,2026-02-23T01:10:00,"Leisurely kitten
focus on
Rapid KL announced temporary service disruption between KLCC and Gombak with shuttle support at Gombak.
Passengers shared delay slip and crowding evidence during rush hour
Rapid KL staff guided queue and temporary shuttle arrangement
There are 13 comments in total
author
reply
Show 1 replies
Say something",Rapid KL announced temporary service disruption between KLCC and Gombak with shuttle support at Gombak Passengers shared delay slip and crowding evidence during rush hour Rapid KL staff guided queue and temporary shuttle arrangement There are 13 comments in total author reply Show 1 replies Say something,1,incident_service_disruption,synthetic_mock
🇲🇾LRT停运 注意了‼️ - 小红书 - Google Chrome,1031,mock_post_1031.png,🇲🇾LRT停运 注意了‼️ - 小红书 - Google Chrome,2026-02-23T01:11:00,"Ootashi store
focus on
Service update says all lines are stable with no major delay this morning at KL Sentral.
People shared regular commute and station photos
No emergency notice was posted
There are 10 comments in total
author
reply
Show 3 replies
Say something",Service update says all lines are stable with no major delay this morning at KL Sentral People shared regular commute and station photos No emergency notice was posted There are 10 comments in total author reply Show 3 replies Say something,0,normal_update,synthetic_mock
🇲🇾LRT KelanajayaLine通告，列车降速 - 小红书 - Google Chrome,1032,mock_post_1032.png,🇲🇾LRT KelanajayaLine通告，列车降速 - 小红书 - Google Chrome,2026-02-23T01:12:00,"Ootashi store
focus on
Rapid KL announced temporary service disruption between KLCC and Gombak with shuttle support at Wangsa Maju.
Passengers shared delay slip and crowding evidence during rush hour
Rapid KL staff guided queue and temporary shuttle arrangement
Malaysia transport update 2024-01-10
There are 9 comments in total
author
reply
Show 1 replies
Say something",Rapid KL announced temporary service disruption between KLCC and Gombak with shuttle support at Wangsa Maju Passengers shared delay slip and crowding evidence during rush hour Rapid KL staff guided queue and temporary shuttle arrangement Malaysia transport update 2024 01 10 There are 9 comments in total author reply Show 1 replies Say something,1,incident_service_disruption,synthetic_mock
lrt is bad again - Xiaohongshu search - Google Chrome,1033,mock_post_1033.png,lrt is bad again - Xiaohongshu search - Google Chrome,2026-02-23T01:13:00,"Leisurely kitten
focus on
No disruption observed and transfer between lines completed without waiting at Universiti.
People shared regular commute and station photos
No emergency notice was posted
There are 15 comments in total
author
reply
Show 1 replies
Say something",No disruption observed and transfer between lines completed without waiting at Universiti People shared regular commute and station photos No emergency notice was posted There are 15 comments in total author reply Show 1 replies Say something,0,normal_no_incident,synthetic_mock
mrt kajang - 小红书搜索 - Google Chrome,1034,mock_post_1034.png,mrt kajang - 小红书搜索 - Google Chrome,2026-02-23T01:14:00,"KL daily commuter
focus on
Power trip caused brief outage and service resumed after technicians completed repair at Pasar Seni.
Passengers shared delay slip and crowding evidence during rush hour
Rapid KL staff guided queue and temporary shuttle arrangement
Malaysia transport update 2026-07-22
There are 7 comments in total
author
reply
Show 3 replies
Say something",Power trip caused brief outage and service resumed after technicians completed repair at Pasar Seni Passengers shared delay slip and crowding evidence during rush hour Rapid KL staff guided queue and temporary shuttle arrangement Malaysia transport update 2026 07 22 There are 7 comments in total author reply Show 3 replies Say something,1,incident_power_outage,synthetic_mock
地铁 马来西亚 - 小红书搜索 - Google Chrome,1035,mock_post_1035.png,地铁 马来西亚 - 小红书搜索 - Google Chrome,2026-02-23T01:15:00,"City transit watcher
focus on
General city transport post not related to outage or malfunction at Wangsa Maju.
People shared regular commute and station photos
No emergency notice was posted
There are 3 comments in total
author
reply
Show 1 replies
Say something",General city transport post not related to outage or malfunction at Wangsa Maju People shared regular commute and station photos No emergency notice was posted There are 3 comments in total author reply Show 1 replies Say something,0,normal_general,synthetic_mock
🇲🇾LRT KelanajayaLine通告，列车降速 - 小红书 - Google Chrome,1036,mock_post_1036.png,🇲🇾LRT KelanajayaLine通告，列车降速 - 小红书 - Google Chrome,2026-02-23T01:16:00,"Leisurely kitten
focus on
LRT Kelana Jaya line had a signaling issue during peak hour and trains moved slowly at Kelana Jaya.
Passengers shared delay slip and crowding evidence during rush hour
Rapid KL staff guided queue and temporary shuttle arrangement
There are 16 comments in total
author
reply
Show 2 replies
Say something",LRT Kelana Jaya line had a signaling issue during peak hour and trains moved slowly at Kelana Jaya Passengers shared delay slip and crowding evidence during rush hour Rapid KL staff guided queue and temporary shuttle arrangement There are 16 comments in total author reply Show 2 replies Say something,1,incident_breakdown,synthetic_mock
mrt - 小红书搜索 - Google Chrome,1037,mock_post_1037.png,mrt - 小红书搜索 - Google Chrome,2026-02-23T01:17:00,"City transit watcher
focus on
General city transport post not related to outage or malfunction at KL Sentral.
People shared regular commute and station photos
No emergency notice was posted
There are 2 comments in total
author
reply
Show 1 replies
Say something",General city transport post not related to outage or malfunction at KL Sentral People shared regular commute and station photos No emergency notice was posted There are 2 comments in total author reply Show 1 replies Say something,0,normal_general,synthetic_mock
lrt is bad again - Xiaohongshu search - Google Chrome,1038,mock_post_1038.png,lrt is bad again - Xiaohongshu search - Google Chrome,2026-02-23T01:18:00,"Rapid commuter diary
focus on
Passengers were asked to get off at Pasar Seni due to train fault and wait for replacement at KL Sentral.
Passengers shared delay slip and crowding evidence during rush hour
Rapid KL staff guided queue and temporary shuttle arrangement
Malaysia transport update 2025-11-12
There are 5 comments in total
author
reply
Show 3 replies
Say something",Passengers were asked to get off at Pasar Seni due to train fault and wait for replacement at KL Sentral Passengers shared delay slip and crowding evidence during rush hour Rapid KL staff guided queue and temporary shuttle arrangement Malaysia transport update 2025 11 12 There are 5 comments in total author reply Show 3 replies Say something,1,incident_train_fault,synthetic_mock
mrt fault - 小红书搜索 - Google Chrome,1039,mock_post_1039.png,mrt fault - 小红书搜索 - Google Chrome,2026-02-23T01:19:00,"Leisurely kitten
focus on
Routine travel post about route tips and fare sharing at Pasar Seni.
People shared regular commute and station photos
No emergency notice was posted
Malaysia transport update 2025-06-15
There are 5 comments in total
author
reply
Show 1 replies
Say something",Routine travel post about route tips and fare sharing at Pasar Seni People shared regular commute and station photos No emergency notice was posted Malaysia transport update 2025 06 15 There are 5 comments in total author reply Show 1 replies Say something,0,normal_travel_tip,synthetic_mock
mrt - 小红书搜索 - Google Chrome,1040,mock_post_1040.png,mrt - 小红书搜索 - Google Chrome,2026-02-23T01:20:00,"Rapid commuter diary
focus on
Kelana Jaya line maintenance phase affected frequency and caused crowding at stations at Masjid Jamek.
Passengers shared delay slip and crowding evidence during rush hour
Rapid KL staff guided queue and temporary shuttle arrangement
Malaysia transport update 2024-06-02
There are 5 comments in total
author
reply
Show 2 replies
Say something",Kelana Jaya line maintenance phase affected frequency and caused crowding at stations at Masjid Jamek Passengers shared delay slip and crowding evidence during rush hour Rapid KL staff guided queue and temporary shuttle arrangement Malaysia transport update 2024 06 02 There are 5 comments in total author reply Show 2 replies Say something,1,incident_maintenance_impact,synthetic_mock
mrt fault - 小红书搜索 - Google Chrome,1041,mock_post_1041.png,mrt fault - 小红书搜索 - Google Chrome,2026-02-23T01:21:00,"Rapid commuter diary
focus on
General city transport post not related to outage or malfunction at Putra Heights.
People shared regular commute and station photos
No emergency notice was posted
Malaysia transport update 2025-10-27
There are 9 comments in total
author
reply
Show 3 replies
Say something",General city transport post not related to outage or malfunction at Putra Heights People shared regular commute and station photos No emergency notice was posted Malaysia transport update 2025 10 27 There are 9 comments in total author reply Show 3 replies Say something,0,normal_general,synthetic_mock
地铁 马来西亚 - 小红书搜索 - Google Chrome,1042,mock_post_1042.png,地铁 马来西亚 - 小红书搜索 - Google Chrome,2026-02-23T01:22:00,"Leisurely kitten
focus on
Power trip caused brief outage and service resumed after technicians completed repair at Pasar Seni.
Passengers shared delay slip and crowding evidence during rush hour
Rapid KL staff guided queue and temporary shuttle arrangement
There are 16 comments in total
author
reply
Show 1 replies
Say something",Power trip caused brief outage and service resumed after technicians completed repair at Pasar Seni Passengers shared delay slip and crowding evidence during rush hour Rapid KL staff guided queue and temporary shuttle arrangement There are 16 comments in total author reply Show 1 replies Say something,1,incident_power_outage,synthetic_mock
mrt - 小红书搜索 - Google Chrome,1043,mock_post_1043.png,mrt - 小红书搜索 - Google Chrome,2026-02-23T01:23:00,"Xiaoxuan Talk Malaysia Official
focus on
General city transport post not related to outage or malfunction at Ampang Park.
People shared regular commute and station photos
No emergency notice was posted
Malaysia transport update 2024-04-06
There are 2 comments in total
author
reply
Show 2 replies
Say something",General city transport post not related to outage or malfunction at Ampang Park People shared regular commute and station photos No emergency notice was posted Malaysia transport update 2024 04 06 There are 2 comments in total author reply Show 2 replies Say something,0,normal_general,synthetic_mock
地铁 马来西亚 - 小红书搜索 - Google Chrome,1044,mock_post_1044.png,地铁 马来西亚 - 小红书搜索 - Google Chrome,2026-02-23T01:24:00,"Rapid commuter diary
focus on
Rapid KL announced temporary service disruption between KLCC and Gombak with shuttle support at Ampang Park.
Passengers shared delay slip and crowding evidence during rush hour
Rapid KL staff guided queue and temporary shuttle arrangement
Malaysia transport update 2025-01-15
There are 12 comments in total
author
reply
Show 3 replies
Say something",Rapid KL announced temporary service disruption between KLCC and Gombak with shuttle support at Ampang Park Passengers shared delay slip and crowding evidence during rush hour Rapid KL staff guided queue and temporary shuttle arrangement Malaysia transport update 2025 01 15 There are 12 comments in total author reply Show 3 replies Say something,1,incident_service_disruption,synthetic_mock
lrtkelanajaya线 - 小红书搜索 - Google Chrome,1045,mock_post_1045.png,lrtkelanajaya线 - 小红书搜索 - Google Chrome,2026-02-23T01:25:00,"Rapid commuter diary
focus on
No disruption observed and transfer between lines completed without waiting at Ampang Park.
People shared regular commute and station photos
No emergency notice was posted
Malaysia transport update 2026-03-04
There are 12 comments in total
author
reply
Show 1 replies
Say something",No disruption observed and transfer between lines completed without waiting at Ampang Park People shared regular commute and station photos No emergency notice was posted Malaysia transport update 2026 03 04 There are 12 comments in total author reply Show 1 replies Say something,0,normal_no_incident,synthetic_mock
lrt is bad again - Xiaohongshu search - Google Chrome,1046,mock_post_1046.png,lrt is bad again - Xiaohongshu search - Google Chrome,2026-02-23T01:26:00,"KL daily commuter
focus on
Commuters reported long queue and train delay after track maintenance at Universiti station at Pasar Seni.
Passengers shared delay slip and crowding evidence during rush hour
Rapid KL staff guided queue and temporary shuttle arrangement
Malaysia transport update 2026-05-19
There are 7 comments in total
author
reply
Show 3 replies
Say something",Commuters reported long queue and train delay after track maintenance at Universiti station at Pasar Seni Passengers shared delay slip and crowding evidence during rush hour Rapid KL staff guided queue and temporary shuttle arrangement Malaysia transport update 2026 05 19 There are 7 comments in total author reply Show 3 replies Say something,1,incident_delay,synthetic_mock
lrt klcc - 小红书搜索 - Google Chrome,1047,mock_post_1047.png,lrt klcc - 小红书搜索 - Google Chrome,2026-02-23T01:27:00,"Ootashi store
focus on
Routine travel post about route tips and fare sharing at KL Sentral.
People shared regular commute and station photos
No emergency notice was posted
Malaysia transport update 2024-04-25
There are 16 comments in total
author
reply
Show 3 replies
Say something",Routine travel post about route tips and fare sharing at KL Sentral People shared regular commute and station photos No emergency notice was posted Malaysia transport update 2024 04 25 There are 16 comments in total author reply Show 3 replies Say something,0,normal_travel_tip,synthetic_mock
mrt fault - 小红书搜索 - Google Chrome,1048,mock_post_1048.png,mrt fault - 小红书搜索 - Google Chrome,2026-02-23T01:28:00,"Leisurely kitten
focus on
Commuters reported long queue and train delay after track maintenance at Universiti station at Kelana Jaya.
Passengers shared delay slip and crowding evidence during rush hour
Rapid KL staff guided queue and temporary shuttle arrangement
There are 4 comments in total
author
reply
Show 2 replies
Say something",Commuters reported long queue and train delay after track maintenance at Universiti station at Kelana Jaya Passengers shared delay slip and crowding evidence during rush hour Rapid KL staff guided queue and temporary shuttle arrangement There are 4 comments in total author reply Show 2 replies Say something,1,incident_delay,synthetic_mock
🇲🇾LRT停运 注意了‼️ - 小红书 - Google Chrome,1049,mock_post_1049.png,🇲🇾LRT停运 注意了‼️ - 小红书 - Google Chrome,2026-02-23T01:29:00,"KL daily commuter
focus on
Routine travel post about route tips and fare sharing at KLCC.
People shared regular commute and station photos
No emergency notice was posted
Malaysia transport update 2024-02-15
There are 16 comments in total
author
reply
Show 2 replies
Say something",Routine travel post about route tips and fare sharing at KLCC People shared regular commute and station photos No emergency notice was posted Malaysia transport update 2024 02 15 There are 16 comments in total author reply Show 2 replies Say something,0,normal_travel_tip,synthetic_mock
🇲🇾LRT KelanajayaLine通告，列车降速 - 小红书 - Google Chrome,1050,mock_post_1050.png,🇲🇾LRT KelanajayaLine通告，列车降速 - 小红书 - Google Chrome,2026-02-23T01:30:00,"City transit watcher
focus on
Commuters reported long queue and train delay after track maintenance at Universiti station at KL Sentral.
Passengers shared delay slip and crowding evidence during rush hour
Rapid KL staff guided queue and temporary shuttle arrangement
Malaysia transport update 2024-11-20
There are 15 comments in total
author
reply
Show 2 replies
Say something",Commuters reported long queue and train delay after track maintenance at Universiti station at KL Sentral Passengers shared delay slip and crowding evidence during rush hour Rapid KL staff guided queue and temporary shuttle arrangement Malaysia transport update 2024 11 20 There are 15 comments in total author reply Show 2 replies Say something,1,incident_delay,synthetic_mock
lrt klcc - 小红书搜索 - Google Chrome,1051,mock_post_1051.png,lrt klcc - 小红书搜索 - Google Chrome,2026-02-23T01:31:00,"KL daily commuter
focus on
Service update says all lines are stable with no major delay this morning at Universiti.
People shared regular commute and station photos
No emergency notice was posted
Malaysia transport update 2026-05-11
There are 2 comments in total
author
reply
Show 3 replies
Say something",Service update says all lines are stable with no major delay this morning at Universiti People shared regular commute and station photos No emergency notice was posted Malaysia transport update 2026 05 11 There are 2 comments in total author reply Show 3 replies Say something,0,normal_update,synthetic_mock
lrt is bad again - Xiaohongshu search - Google Chrome,1052,mock_post_1052.png,lrt is bad again - Xiaohongshu search - Google Chrome,2026-02-23T01:32:00,"Rapid commuter diary
focus on
Passengers were asked to get off at Pasar Seni due to train fault and wait for replacement at KL Sentral.
Passengers shared delay slip and crowding evidence during rush hour
Rapid KL staff guided queue and temporary shuttle arrangement
Malaysia transport update 2025-03-08
There are 13 comments in total
author
reply
Show 1 replies
Say something",Passengers were asked to get off at Pasar Seni due to train fault and wait for replacement at KL Sentral Passengers shared delay slip and crowding evidence during rush hour Rapid KL staff guided queue and temporary shuttle arrangement Malaysia transport update 2025 03 08 There are 13 comments in total author reply Show 1 replies Say something,1,incident_train_fault,synthetic_mock
🇲🇾LRT停运 注意了‼️ - 小红书 - Google Chrome,1053,mock_post_1053.png,🇲🇾LRT停运 注意了‼️ - 小红书 - Google Chrome,2026-02-23T01:33:00,"Rapid commuter diary
focus on
Service update says all lines are stable with no major delay this morning at Pasar Seni.
People shared regular commute and station photos
No emergency notice was posted
There are 10 comments in total
author
reply
Show 3 replies
Say something",Service update says all lines are stable with no major delay this morning at Pasar Seni People shared regular commute and station photos No emergency notice was posted There are 10 comments in total author reply Show 3 replies Say something,0,normal_update,synthetic_mock
🇲🇾LRT KelanajayaLine通告，列车降速 - 小红书 - Google Chrome,1054,mock_post_1054.png,🇲🇾LRT KelanajayaLine通告，列车降速 - 小红书 - Google Chrome,2026-02-23T01:34:00,"Leisurely kitten
focus on
Rapid KL announced temporary service disruption between KLCC and Gombak with shuttle support at KLCC.
Passengers shared delay slip and crowding evidence during rush hour
Rapid KL staff guided queue and temporary shuttle arrangement
Malaysia transport update 2025-12-26
There are 10 comments in total
author
reply
Show 3 replies
Say something",Rapid KL announced temporary service disruption between KLCC and Gombak with shuttle support at KLCC Passengers shared delay slip and crowding evidence during rush hour Rapid KL staff guided queue and temporary shuttle arrangement Malaysia transport update 2025 12 26 There are 10 comments in total author reply Show 3 replies Say something,1,incident_service_disruption,synthetic_mock
mrt kajang - 小红书搜索 - Google Chrome,1055,mock_post_1055.png,mrt kajang - 小红书搜索 - Google Chrome,2026-02-23T01:35:00,"City transit watcher
focus on
Service update says all lines are stable with no major delay this morning at Putra Heights.
People shared regular commute and station photos
No emergency notice was posted
Malaysia transport update 2025-09-07
There are 16 comments in total
author
reply
Show 2 replies
Say something",Service update says all lines are stable with no major delay this morning at Putra Heights People shared regular commute and station photos No emergency notice was posted Malaysia transport update 2025 09 07 There are 16 comments in total author reply Show 2 replies Say something,0,normal_update,synthetic_mock
mrt fault - 小红书搜索 - Google Chrome,1056,mock_post_1056.png,mrt fault - 小红书搜索 - Google Chrome,2026-02-23T01:36:00,"Little Red Potato 66A1
focus on
Power trip caused brief outage and service resumed after technicians completed repair at Gombak.
Passengers shared delay slip and crowding evidence during rush hour
Rapid KL staff guided queue and temporary shuttle arrangement
There are 3 comments in total
author
reply
Show 2 replies
Say something",Power trip caused brief outage and service resumed after technicians completed repair at Gombak Passengers shared delay slip and crowding evidence during rush hour Rapid KL staff guided queue and temporary shuttle arrangement There are 3 comments in total author reply Show 2 replies Say something,1,incident_power_outage,synthetic_mock
地铁 马来西亚 - 小红书搜索 - Google Chrome,1057,mock_post_1057.png,地铁 马来西亚 - 小红书搜索 - Google Chrome,2026-02-23T01:37:00,"Rapid commuter diary
focus on
Routine travel post about route tips and fare sharing at Pasar Seni.
People shared regular commute and station photos
No emergency notice was posted
There are 3 comments in total
author
reply
Show 1 replies
Say something",Routine travel post about route tips and fare sharing at Pasar Seni People shared regular commute and station photos No emergency notice was posted There are 3 comments in total author reply Show 1 replies Say something,0,normal_travel_tip,synthetic_mock
🇲🇾LRT停运 注意了‼️ - 小红书 - Google Chrome,1058,mock_post_1058.png,🇲🇾LRT停运 注意了‼️ - 小红书 - Google Chrome,2026-02-23T01:38:00,"City transit watcher
focus on
Commuters reported long queue and train delay after track maintenance at Universiti station at Ampang Park.
Passengers shared delay slip and crowding evidence during rush hour
Rapid KL staff guided queue and temporary shuttle arrangement
Malaysia transport update 2026-12-05
There are 16 comments in total
author
reply
Show 3 replies
Say something",Commuters reported long queue and train delay after track maintenance at Universiti station at Ampang Park Passengers shared delay slip and crowding evidence during rush hour Rapid KL staff guided queue and temporary shuttle arrangement Malaysia transport update 2026 12 05 There are 16 comments in total author reply Show 3 replies Say something,1,incident_delay,synthetic_mock
lrtkelanajaya故障 - 小红书搜索 - Google Chrome,1059,mock_post_1059.png,lrtkelanajaya故障 - 小红书搜索 - Google Chrome,2026-02-23T01:39:00,"Xiaoxuan Talk Malaysia Official
focus on
General city transport post not related to outage or malfunction at Masjid Jamek.
People shared regular commute and station photos
No emergency notice was posted
Malaysia transport update 2025-02-26
There are 16 comments in total
author
reply
Show 2 replies
Say something",General city transport post not related to outage or malfunction at Masjid Jamek People shared regular commute and station photos No emergency notice was posted Malaysia transport update 2025 02 26 There are 16 comments in total author reply Show 2 replies Say something,0,normal_general,synthetic_mock
lrt klcc - 小红书搜索 - Google Chrome,1060,mock_post_1060.png,lrt klcc - 小红书搜索 - Google Chrome,2026-02-23T01:40:00,"KL daily commuter
focus on
Rapid KL announced temporary service disruption between KLCC and Gombak with shuttle support at Gombak.
Passengers shared delay slip and crowding evidence during rush hour
Rapid KL staff guided queue and temporary shuttle arrangement
Malaysia transport update 2025-05-19
There are 2 comments in total
author
reply
Show 3 replies
Say something",Rapid KL announced temporary service disruption between KLCC and Gombak with shuttle support at Gombak Passengers shared delay slip and crowding evidence during rush hour Rapid KL staff guided queue and temporary shuttle arrangement Malaysia transport update 2025 05 19 There are 2 comments in total author reply Show 3 replies Say something,1,incident_service_disruption,synthetic_mock
mrt - 小红书搜索 - Google Chrome,1061,mock_post_1061.png,mrt - 小红书搜索 - Google Chrome,2026-02-23T01:41:00,"Xiaoxuan Talk Malaysia Official
focus on
Normal operation resumed and train intervals are back to schedule at Masjid Jamek.
People shared regular commute and station photos
No emergency notice was posted
Malaysia transport update 2025-02-15
There are 9 comments in total
author
reply
Show 2 replies
Say something",Normal operation resumed and train intervals are back to schedule at Masjid Jamek People shared regular commute and station photos No emergency notice was posted Malaysia transport update 2025 02 15 There are 9 comments in total author reply Show 2 replies Say something,0,normal_operation,synthetic_mock
lrtkelanajaya故障 - 小红书搜索 - Google Chrome,1062,mock_post_1062.png,lrtkelanajaya故障 - 小红书搜索 - Google Chrome,2026-02-23T01:42:00,"KL daily commuter
focus on
Passengers were asked to get off at Pasar Seni due to train fault and wait for replacement at KLCC.
Passengers shared delay slip and crowding evidence during rush hour
Rapid KL staff guided queue and temporary shuttle arrangement
Malaysia transport update 2024-12-22
There are 15 comments in total
author
reply
Show 1 replies
Say something",Passengers were asked to get off at Pasar Seni due to train fault and wait for replacement at KLCC Passengers shared delay slip and crowding evidence during rush hour Rapid KL staff guided queue and temporary shuttle arrangement Malaysia transport update 2024 12 22 There are 15 comments in total author reply Show 1 replies Say something,1,incident_train_fault,synthetic_mock
mrtkajang问题 - 小红书搜索 - Google Chrome,1063,mock_post_1063.png,mrtkajang问题 - 小红书搜索 - Google Chrome,2026-02-23T01:43:00,"Xiaoxuan Talk Malaysia Official
focus on
No disruption observed and transfer between lines completed without waiting at Kelana Jaya.
People shared regular commute and station photos
No emergency notice was posted
Malaysia transport update 2026-05-11
There are 15 comments in total
author
reply
Show 3 replies
Say something",No disruption observed and transfer between lines completed without waiting at Kelana Jaya People shared regular commute and station photos No emergency notice was posted Malaysia transport update 2026 05 11 There are 15 comments in total author reply Show 3 replies Say something,0,normal_no_incident,synthetic_mock
lrtkelanajaya故障 - 小红书搜索 - Google Chrome,1064,mock_post_1064.png,lrtkelanajaya故障 - 小红书搜索 - Google Chrome,2026-02-23T01:44:00,"Leisurely kitten
focus on
Passengers were asked to get off at Pasar Seni due to train fault and wait for replacement at Gombak.
Passengers shared delay slip and crowding evidence during rush hour
Rapid KL staff guided queue and temporary shuttle arrangement
There are 6 comments in total
author
reply
Show 1 replies
Say something",Passengers were asked to get off at Pasar Seni due to train fault and wait for replacement at Gombak Passengers shared delay slip and crowding evidence during rush hour Rapid KL staff guided queue and temporary shuttle arrangement There are 6 comments in total author reply Show 1 replies Say something,1,incident_train_fault,synthetic_mock
地铁 马来西亚 - 小红书搜索 - Google Chrome,1065,mock_post_1065.png,地铁 马来西亚 - 小红书搜索 - Google Chrome,2026-02-23T01:45:00,"Leisurely kitten
focus on
Normal operation resumed and train intervals are back to schedule at KL Sentral.
People shared regular commute and station photos
No emergency notice was posted
There are 4 comments in total
author
reply
Show 2 replies
Say something",Normal operation resumed and train intervals are back to schedule at KL Sentral People shared regular commute and station photos No emergency notice was posted There are 4 comments in total author reply Show 2 replies Say something,0,normal_operation,synthetic_mock
mrt kajang - 小红书搜索 - Google Chrome,1066,mock_post_1066.png,mrt kajang - 小红书搜索 - Google Chrome,2026-02-23T01:46:00,"Rapid commuter diary
focus on
LRT Kelana Jaya line had a signaling issue during peak hour and trains moved slowly at Kelana Jaya.
Passengers shared delay slip and crowding evidence during rush hour
Rapid KL staff guided queue and temporary shuttle arrangement
Malaysia transport update 2024-11-16
There are 15 comments in total
author
reply
Show 3 replies
Say something",LRT Kelana Jaya line had a signaling issue during peak hour and trains moved slowly at Kelana Jaya Passengers shared delay slip and crowding evidence during rush hour Rapid KL staff guided queue and temporary shuttle arrangement Malaysia transport update 2024 11 16 There are 15 comments in total author reply Show 3 replies Say something,1,incident_breakdown,synthetic_mock
lrt klcc - 小红书搜索 - Google Chrome,1067,mock_post_1067.png,lrt klcc - 小红书搜索 - Google Chrome,2026-02-23T01:47:00,"City transit watcher
focus on
General city transport post not related to outage or malfunction at KL Sentral.
People shared regular commute and station photos
No emergency notice was posted
Malaysia transport update 2026-10-12
There are 13 comments in total
author
reply
Show 2 replies
Say something",General city transport post not related to outage or malfunction at KL Sentral People shared regular commute and station photos No emergency notice was posted Malaysia transport update 2026 10 12 There are 13 comments in total author reply Show 2 replies Say something,0,normal_general,synthetic_mock
mrtkajang问题 - 小红书搜索 - Google Chrome,1068,mock_post_1068.png,mrtkajang问题 - 小红书搜索 - Google Chrome,2026-02-23T01:48:00,"Xiaoxuan Talk Malaysia Official
focus on
Rapid KL announced temporary service disruption between KLCC and Gombak with shuttle support at Pasar Seni.
Passengers shared delay slip and crowding evidence during rush hour
Rapid KL staff guided queue and temporary shuttle arrangement
Malaysia transport update 2024-12-07
There are 1 comments in total
author
reply
Show 1 replies
Say something",Rapid KL announced temporary service disruption between KLCC and Gombak with shuttle support at Pasar Seni Passengers shared delay slip and crowding evidence during rush hour Rapid KL staff guided queue and temporary shuttle arrangement Malaysia transport update 2024 12 07 There are 1 comments in total author reply Show 1 replies Say something,1,incident_service_disruption,synthetic_mock
mrtkajang问题 - 小红书搜索 - Google Chrome,1069,mock_post_1069.png,mrtkajang问题 - 小红书搜索 - Google Chrome,2026-02-23T01:49:00,"City transit watcher
focus on
General city transport post not related to outage or malfunction at Pasar Seni.
People shared regular commute and station photos
No emergency notice was posted
Malaysia transport update 2026-09-07
There are 3 comments in total
author
reply
Show 2 replies
Say something",General city transport post not related to outage or malfunction at Pasar Seni People shared regular commute and station photos No emergency notice was posted Malaysia transport update 2026 09 07 There are 3 comments in total author reply Show 2 replies Say something,0,normal_general,synthetic_mock
mrtkajang问题 - 小红书搜索 - Google Chrome,1070,mock_post_1070.png,mrtkajang问题 - 小红书搜索 - Google Chrome,2026-02-23T01:50:00,"Rapid commuter diary
focus on
Rapid KL announced temporary service disruption between KLCC and Gombak with shuttle support at Ampang Park.
Passengers shared delay slip and crowding evidence during rush hour
Rapid KL staff guided queue and temporary shuttle arrangement
Malaysia transport update 2024-03-24
There are 15 comments in total
author
reply
Show 2 replies
Say something",Rapid KL announced temporary service disruption between KLCC and Gombak with shuttle support at Ampang Park Passengers shared delay slip and crowding evidence during rush hour Rapid KL staff guided queue and temporary shuttle arrangement Malaysia transport update 2024 03 24 There are 15 comments in total author reply Show 2 replies Say something,1,incident_service_disruption,synthetic_mock
mrt fault - 小红书搜索 - Google Chrome,1071,mock_post_1071.png,mrt fault - 小红书搜索 - Google Chrome,2026-02-23T01:51:00,"Little Red Potato 66A1
focus on
Normal operation resumed and train intervals are back to schedule at Ampang Park.
People shared regular commute and station photos
No emergency notice was posted
Malaysia transport update 2025-10-27
There are 13 comments in total
author
reply
Show 1 replies
Say something",Normal operation resumed and train intervals are back to schedule at Ampang Park People shared regular commute and station photos No emergency notice was posted Malaysia transport update 2025 10 27 There are 13 comments in total author reply Show 1 replies Say something,0,normal_operation,synthetic_mock
mrtkajang问题 - 小红书搜索 - Google Chrome,1072,mock_post_1072.png,mrtkajang问题 - 小红书搜索 - Google Chrome,2026-02-23T01:52:00,"City transit watcher
focus on
LRT Kelana Jaya line had a signaling issue during peak hour and trains moved slowly at KLCC.
Passengers shared delay slip and crowding evidence during rush hour
Rapid KL staff guided queue and temporary shuttle arrangement
There are 14 comments in total
author
reply
Show 2 replies
Say something",LRT Kelana Jaya line had a signaling issue during peak hour and trains moved slowly at KLCC Passengers shared delay slip and crowding evidence during rush hour Rapid KL staff guided queue and temporary shuttle arrangement There are 14 comments in total author reply Show 2 replies Say something,1,incident_breakdown,synthetic_mock
mrtkajang问题 - 小红书搜索 - Google Chrome,1073,mock_post_1073.png,mrtkajang问题 - 小红书搜索 - Google Chrome,2026-02-23T01:53:00,"Little Red Potato 66A1
focus on
General city transport post not related to outage or malfunction at KL Sentral.
People shared regular commute and station photos
No emergency notice was posted
There are 10 comments in total
author
reply
Show 1 replies
Say something",General city transport post not related to outage or malfunction at KL Sentral People shared regular commute and station photos No emergency notice was posted There are 10 comments in total author reply Show 1 replies Say something,0,normal_general,synthetic_mock
lrt is bad again - Xiaohongshu search - Google Chrome,1074,mock_post_1074.png,lrt is bad again - Xiaohongshu search - Google Chrome,2026-02-23T01:54:00,"Little Red Potato 66A1
focus on
Power trip caused brief outage and service resumed after technicians completed repair at Ampang Park.
Passengers shared delay slip and crowding evidence during rush hour
Rapid KL staff guided queue and temporary shuttle arrangement
There are 16 comments in total
author
reply
Show 1 replies
Say something",Power trip caused brief outage and service resumed after technicians completed repair at Ampang Park Passengers shared delay slip and crowding evidence during rush hour Rapid KL staff guided queue and temporary shuttle arrangement There are 16 comments in total author reply Show 1 replies Say something,1,incident_power_outage,synthetic_mock
mrt - 小红书搜索 - Google Chrome,1075,mock_post_1075.png,mrt - 小红书搜索 - Google Chrome,2026-02-23T01:55:00,"Rapid commuter diary
focus on
Routine travel post about route tips and fare sharing at Kelana Jaya.
People shared regular commute and station photos
No emergency notice was posted
There are 18 comments in total
author
reply
Show 1 replies
Say something",Routine travel post about route tips and fare sharing at Kelana Jaya People shared regular commute and station photos No emergency notice was posted There are 18 comments in total author reply Show 1 replies Say something,0,normal_travel_tip,synthetic_mock
mrt kajang - 小红书搜索 - Google Chrome,1076,mock_post_1076.png,mrt kajang - 小红书搜索 - Google Chrome,2026-02-23T01:56:00,"Rapid commuter diary
focus on
Kelana Jaya line maintenance phase affected frequency and caused crowding at stations at Wangsa Maju.
Passengers shared delay slip and crowding evidence during rush hour
Rapid KL staff guided queue and temporary shuttle arrangement
Malaysia transport update 2026-11-12
There are 15 comments in total
author
reply
Show 3 replies
Say something",Kelana Jaya line maintenance phase affected frequency and caused crowding at stations at Wangsa Maju Passengers shared delay slip and crowding evidence during rush hour Rapid KL staff guided queue and temporary shuttle arrangement Malaysia transport update 2026 11 12 There are 15 comments in total author reply Show 3 replies Say something,1,incident_maintenance_impact,synthetic_mock
mrtkajang问题 - 小红书搜索 - Google Chrome,1077,mock_post_1077.png,mrtkajang问题 - 小红书搜索 - Google Chrome,2026-02-23T01:57:00,"Leisurely kitten
focus on
Normal operation resumed and train intervals are back to schedule at Pasar Seni.
People shared regular commute and station photos
No emergency notice was posted
There are 16 comments in total
author
reply
Show 2 replies
Say something",Normal operation resumed and train intervals are back to schedule at Pasar Seni People shared regular commute and station photos No emergency notice was posted There are 16 comments in total author reply Show 2 replies Say something,0,normal_operation,synthetic_mock
🇲🇾LRT停运 注意了‼️ - 小红书 - Google Chrome,1078,mock_post_1078.png,🇲🇾LRT停运 注意了‼️ - 小红书 - Google Chrome,2026-02-23T01:58:00,"Ootashi store
focus on
Rapid KL announced temporary service disruption between KLCC and Gombak with shuttle support at Masjid Jamek.
Passengers shared delay slip and crowding evidence during rush hour
Rapid KL staff guided queue and temporary shuttle arrangement
There are 11 comments in total
author
reply
Show 3 replies
Say something",Rapid KL announced temporary service disruption between KLCC and Gombak with shuttle support at Masjid Jamek Passengers shared delay slip and crowding evidence during rush hour Rapid KL staff guided queue and temporary shuttle arrangement There are 11 comments in total author reply Show 3 replies Say something,1,incident_service_disruption,synthetic_mock
🇲🇾LRT停运 注意了‼️ - 小红书 - Google Chrome,1079,mock_post_1079.png,🇲🇾LRT停运 注意了‼️ - 小红书 - Google Chrome,2026-02-23T01:59:00,"Leisurely kitten
focus on
No disruption observed and transfer between lines completed without waiting at Pasar Seni.
People shared regular commute and station photos
No emergency notice was posted
There are 13 comments in total
author
reply
Show 2 replies
Say something",No disruption observed and transfer between lines completed without waiting at Pasar Seni People shared regular commute and station photos No emergency notice was posted There are 13 comments in total author reply Show 2 replies Say something,0,normal_no_incident,synthetic_mock
lrt klcc - 小红书搜索 - Google Chrome,1080,mock_post_1080.png,lrt klcc - 小红书搜索 - Google Chrome,2026-02-23T02:00:00,"KL daily commuter
focus on
Kelana Jaya line maintenance phase affected frequency and caused crowding at stations at Putra Heights.
Passengers shared delay slip and crowding evidence during rush hour
Rapid KL staff guided queue and temporary shuttle arrangement
Malaysia transport update 2024-10-07
There are 10 comments in total
author
reply
Show 3 replies
Say something",Kelana Jaya line maintenance phase affected frequency and caused crowding at stations at Putra Heights Passengers shared delay slip and crowding evidence during rush hour Rapid KL staff guided queue and temporary shuttle arrangement Malaysia transport update 2024 10 07 There are 10 comments in total author reply Show 3 replies Say something,1,incident_maintenance_impact,synthetic_mock
mrtkajang问题 - 小红书搜索 - Google Chrome,1081,mock_post_1081.png,mrtkajang问题 - 小红书搜索 - Google Chrome,2026-02-23T02:01:00,"Ootashi store
focus on
General city transport post not related to outage or malfunction at Ampang Park.
People shared regular commute and station photos
No emergency notice was posted
Malaysia transport update 2024-10-16
There are 4 comments in total
author
reply
Show 2 replies
Say something",General city transport post not related to outage or malfunction at Ampang Park People shared regular commute and station photos No emergency notice was posted Malaysia transport update 2024 10 16 There are 4 comments in total author reply Show 2 replies Say something,0,normal_general,synthetic_mock
mrt - 小红书搜索 - Google Chrome,1082,mock_post_1082.png,mrt - 小红书搜索 - Google Chrome,2026-02-23T02:02:00,"Ootashi store
focus on
Commuters reported long queue and train delay after track maintenance at Universiti station at Universiti.
Passengers shared delay slip and crowding evidence during rush hour
Rapid KL staff guided queue and temporary shuttle arrangement
There are 1 comments in total
author
reply
Show 2 replies
Say something",Commuters reported long queue and train delay after track maintenance at Universiti station at Universiti Passengers shared delay slip and crowding evidence during rush hour Rapid KL staff guided queue and temporary shuttle arrangement There are 1 comments in total author reply Show 2 replies Say something,1,incident_delay,synthetic_mock
lrt klcc - 小红书搜索 - Google Chrome,1083,mock_post_1083.png,lrt klcc - 小红书搜索 - Google Chrome,2026-02-23T02:03:00,"Ootashi store
focus on
Commuting to work was smooth and station crowd level was manageable today at Pasar Seni.
People shared regular commute and station photos
No emergency notice was posted
There are 17 comments in total
author
reply
Show 1 replies
Say something",Commuting to work was smooth and station crowd level was manageable today at Pasar Seni People shared regular commute and station photos No emergency notice was posted There are 17 comments in total author reply Show 1 replies Say something,0,normal_commute,synthetic_mock
lrtkelanajaya线 - 小红书搜索 - Google Chrome,1084,mock_post_1084.png,lrtkelanajaya线 - 小红书搜索 - Google Chrome,2026-02-23T02:04:00,"Xiaoxuan Talk Malaysia Official
focus on
Commuters reported long queue and train delay after track maintenance at Universiti station at Wangsa Maju.
Passengers shared delay slip and crowding evidence during rush hour
Rapid KL staff guided queue and temporary shuttle arrangement
There are 4 comments in total
author
reply
Show 3 replies
Say something",Commuters reported long queue and train delay after track maintenance at Universiti station at Wangsa Maju Passengers shared delay slip and crowding evidence during rush hour Rapid KL staff guided queue and temporary shuttle arrangement There are 4 comments in total author reply Show 3 replies Say something,1,incident_delay,synthetic_mock
mrt - 小红书搜索 - Google Chrome,1085,mock_post_1085.png,mrt - 小红书搜索 - Google Chrome,2026-02-23T02:05:00,"Leisurely kitten
focus on
No disruption observed and transfer between lines completed without waiting at Gombak.
People shared regular commute and station photos
No emergency notice was posted
There are 2 comments in total
author
reply
Show 3 replies
Say something",No disruption observed and transfer between lines completed without waiting at Gombak People shared regular commute and station photos No emergency notice was posted There are 2 comments in total author reply Show 3 replies Say something,0,normal_no_incident,synthetic_mock
mrtkajang问题 - 小红书搜索 - Google Chrome,1086,mock_post_1086.png,mrtkajang问题 - 小红书搜索 - Google Chrome,2026-02-23T02:06:00,"Little Red Potato 66A1
focus on
Rapid KL announced temporary service disruption between KLCC and Gombak with shuttle support at Masjid Jamek.
Passengers shared delay slip and crowding evidence during rush hour
Rapid KL staff guided queue and temporary shuttle arrangement
There are 2 comments in total
author
reply
Show 2 replies
Say something",Rapid KL announced temporary service disruption between KLCC and Gombak with shuttle support at Masjid Jamek Passengers shared delay slip and crowding evidence during rush hour Rapid KL staff guided queue and temporary shuttle arrangement There are 2 comments in total author reply Show 2 replies Say something,1,incident_service_disruption,synthetic_mock
lrt is bad again - Xiaohongshu search - Google Chrome,1087,mock_post_1087.png,lrt is bad again - Xiaohongshu search - Google Chrome,2026-02-23T02:07:00,"KL daily commuter
focus on
Normal operation resumed and train intervals are back to schedule at KLCC.
People shared regular commute and station photos
No emergency notice was posted
There are 4 comments in total
author
reply
Show 3 replies
Say something",Normal operation resumed and train intervals are back to schedule at KLCC People shared regular commute and station photos No emergency notice was posted There are 4 comments in total author reply Show 3 replies Say something,0,normal_operation,synthetic_mock
lrtkelanajaya故障 - 小红书搜索 - Google Chrome,1088,mock_post_1088.png,lrtkelanajaya故障 - 小红书搜索 - Google Chrome,2026-02-23T02:08:00,"Ootashi store
focus on
Passengers were asked to get off at Pasar Seni due to train fault and wait for replacement at KLCC.
Passengers shared delay slip and crowding evidence during rush hour
Rapid KL staff guided queue and temporary shuttle arrangement
There are 7 comments in total
author
reply
Show 2 replies
Say something",Passengers were asked to get off at Pasar Seni due to train fault and wait for replacement at KLCC Passengers shared delay slip and crowding evidence during rush hour Rapid KL staff guided queue and temporary shuttle arrangement There are 7 comments in total author reply Show 2 replies Say something,1,incident_train_fault,synthetic_mock
🇲🇾LRT停运 注意了‼️ - 小红书 - Google Chrome,1089,mock_post_1089.png,🇲🇾LRT停运 注意了‼️ - 小红书 - Google Chrome,2026-02-23T02:09:00,"City transit watcher
focus on
General city transport post not related to outage or malfunction at Gombak.
People shared regular commute and station photos
No emergency notice was posted
Malaysia transport update 2026-08-24
There are 4 comments in total
author
reply
Show 1 replies
Say something",General city transport post not related to outage or malfunction at Gombak People shared regular commute and station photos No emergency notice was posted Malaysia transport update 2026 08 24 There are 4 comments in total author reply Show 1 replies Say something,0,normal_general,synthetic_mock
mrtkajang问题 - 小红书搜索 - Google Chrome,1090,mock_post_1090.png,mrtkajang问题 - 小红书搜索 - Google Chrome,2026-02-23T02:10:00,"KL daily commuter
focus on
Commuters reported long queue and train delay after track maintenance at Universiti station at Putra Heights.
Passengers shared delay slip and crowding evidence during rush hour
Rapid KL staff guided queue and temporary shuttle arrangement
Malaysia transport update 2024-08-14
There are 1 comments in total
author
reply
Show 1 replies
Say something",Commuters reported long queue and train delay after track maintenance at Universiti station at Putra Heights Passengers shared delay slip and crowding evidence during rush hour Rapid KL staff guided queue and temporary shuttle arrangement Malaysia transport update 2024 08 14 There are 1 comments in total author reply Show 1 replies Say something,1,incident_delay,synthetic_mock
🇲🇾LRT停运 注意了‼️ - 小红书 - Google Chrome,1091,mock_post_1091.png,🇲🇾LRT停运 注意了‼️ - 小红书 - Google Chrome,2026-02-23T02:11:00,"Little Red Potato 66A1
focus on
Commuting to work was smooth and station crowd level was manageable today at Gombak.
People shared regular commute and station photos
No emergency notice was posted
Malaysia transport update 2025-06-23
There are 14 comments in total
author
reply
Show 2 replies
Say something",Commuting to work was smooth and station crowd level was manageable today at Gombak People shared regular commute and station photos No emergency notice was posted Malaysia transport update 2025 06 23 There are 14 comments in total author reply Show 2 replies Say something,0,normal_commute,synthetic_mock
lrtkelanajaya线 - 小红书搜索 - Google Chrome,1092,mock_post_1092.png,lrtkelanajaya线 - 小红书搜索 - Google Chrome,2026-02-23T02:12:00,"Ootashi store
focus on
Kelana Jaya line maintenance phase affected frequency and caused crowding at stations at Universiti.
Passengers shared delay slip and crowding evidence during rush hour
Rapid KL staff guided queue and temporary shuttle arrangement
There are 17 comments in total
author
reply
Show 2 replies
Say something",Kelana Jaya line maintenance phase affected frequency and caused crowding at stations at Universiti Passengers shared delay slip and crowding evidence during rush hour Rapid KL staff guided queue and temporary shuttle arrangement There are 17 comments in total author reply Show 2 replies Say something,1,incident_maintenance_impact,synthetic_mock
🇲🇾LRT停运 注意了‼️ - 小红书 - Google Chrome,1093,mock_post_1093.png,🇲🇾LRT停运 注意了‼️ - 小红书 - Google Chrome,2026-02-23T02:13:00,"Rapid commuter diary
focus on
Service update says all lines are stable with no major delay this morning at Wangsa Maju.
People shared regular commute and station photos
No emergency notice was posted
There are 15 comments in total
author
reply
Show 3 replies
Say something",Service update says all lines are stable with no major delay this morning at Wangsa Maju People shared regular commute and station photos No emergency notice was posted There are 15 comments in total author reply Show 3 replies Say something,0,normal_update,synthetic_mock
lrt klcc - 小红书搜索 - Google Chrome,1094,mock_post_1094.png,lrt klcc - 小红书搜索 - Google Chrome,2026-02-23T02:14:00,"Rapid commuter diary
focus on
Commuters reported long queue and train delay after track maintenance at Universiti station at Kelana Jaya.
Passengers shared delay slip and crowding evidence during rush hour
Rapid KL staff guided queue and temporary shuttle arrangement
Malaysia transport update 2024-12-26
There are 17 comments in total
author
reply
Show 1 replies
Say something",Commuters reported long queue and train delay after track maintenance at Universiti station at Kelana Jaya Passengers shared delay slip and crowding evidence during rush hour Rapid KL staff guided queue and temporary shuttle arrangement Malaysia transport update 2024 12 26 There are 17 comments in total author reply Show 1 replies Say something,1,incident_delay,synthetic_mock
lrt is bad again - Xiaohongshu search - Google Chrome,1095,mock_post_1095.png,lrt is bad again - Xiaohongshu search - Google Chrome,2026-02-23T02:15:00,"Rapid commuter diary
focus on
Commuting to work was smooth and station crowd level was manageable today at Putra Heights.
People shared regular commute and station photos
No emergency notice was posted
There are 6 comments in total
author
reply
Show 2 replies
Say something",Commuting to work was smooth and station crowd level was manageable today at Putra Heights People shared regular commute and station photos No emergency notice was posted There are 6 comments in total author reply Show 2 replies Say something,0,normal_commute,synthetic_mock
lrt is bad again - Xiaohongshu search - Google Chrome,1096,mock_post_1096.png,lrt is bad again - Xiaohongshu search - Google Chrome,2026-02-23T02:16:00,"City transit watcher
focus on
Power trip caused brief outage and service resumed after technicians completed repair at Kelana Jaya.
Passengers shared delay slip and crowding evidence during rush hour
Rapid KL staff guided queue and temporary shuttle arrangement
There are 5 comments in total
author
reply
Show 3 replies
Say something",Power trip caused brief outage and service resumed after technicians completed repair at Kelana Jaya Passengers shared delay slip and crowding evidence during rush hour Rapid KL staff guided queue and temporary shuttle arrangement There are 5 comments in total author reply Show 3 replies Say something,1,incident_power_outage,synthetic_mock
mrt fault - 小红书搜索 - Google Chrome,1097,mock_post_1097.png,mrt fault - 小红书搜索 - Google Chrome,2026-02-23T02:17:00,"Leisurely kitten
focus on
General city transport post not related to outage or malfunction at Masjid Jamek.
People shared regular commute and station photos
No emergency notice was posted
Malaysia transport update 2026-12-18
There are 10 comments in total
author
reply
Show 3 replies
Say something",General city transport post not related to outage or malfunction at Masjid Jamek People shared regular commute and station photos No emergency notice was posted Malaysia transport update 2026 12 18 There are 10 comments in total author reply Show 3 replies Say something,0,normal_general,synthetic_mock
🇲🇾LRT停运 注意了‼️ - 小红书 - Google Chrome,1098,mock_post_1098.png,🇲🇾LRT停运 注意了‼️ - 小红书 - Google Chrome,2026-02-23T02:18:00,"KL daily commuter
focus on
Commuters reported long queue and train delay after track maintenance at Universiti station at Kelana Jaya.
Passengers shared delay slip and crowding evidence during rush hour
Rapid KL staff guided queue and temporary shuttle arrangement
Malaysia transport update 2026-10-05
There are 13 comments in total
author
reply
Show 2 replies
Say something",Commuters reported long queue and train delay after track maintenance at Universiti station at Kelana Jaya Passengers shared delay slip and crowding evidence during rush hour Rapid KL staff guided queue and temporary shuttle arrangement Malaysia transport update 2026 10 05 There are 13 comments in total author reply Show 2 replies Say something,1,incident_delay,synthetic_mock
mrt fault - 小红书搜索 - Google Chrome,1099,mock_post_1099.png,mrt fault - 小红书搜索 - Google Chrome,2026-02-23T02:19:00,"Little Red Potato 66A1
focus on
Service update says all lines are stable with no major delay this morning at Masjid Jamek.
People shared regular commute and station photos
No emergency notice was posted
There are 15 comments in total
author
reply
Show 3 replies
Say something",Service update says all lines are stable with no major delay this morning at Masjid Jamek People shared regular commute and station photos No emergency notice was posted There are 15 comments in total author reply Show 3 replies Say something,0,normal_update,synthetic_mock
mrt kajang - 小红书搜索 - Google Chrome,1100,mock_post_1100.png,mrt kajang - 小红书搜索 - Google Chrome,2026-02-23T02:20:00,"KL daily commuter
focus on
Kelana Jaya line maintenance phase affected frequency and caused crowding at stations at Wangsa Maju.
Passengers shared delay slip and crowding evidence during rush hour
Rapid KL staff guided queue and temporary shuttle arrangement
Malaysia transport update 2025-02-02
There are 18 comments in total
author
reply
Show 2 replies
Say something",Kelana Jaya line maintenance phase affected frequency and caused crowding at stations at Wangsa Maju Passengers shared delay slip and crowding evidence during rush hour Rapid KL staff guided queue and temporary shuttle arrangement Malaysia transport update 2025 02 02 There are 18 comments in total author reply Show 2 replies Say something,1,incident_maintenance_impact,synthetic_mock
lrt klcc - 小红书搜索 - Google Chrome,1101,mock_post_1101.png,lrt klcc - 小红书搜索 - Google Chrome,2026-02-23T02:21:00,"Little Red Potato 66A1
focus on
General city transport post not related to outage or malfunction at Pasar Seni.
People shared regular commute and station photos
No emergency notice was posted
There are 10 comments in total
author
reply
Show 1 replies
Say something",General city transport post not related to outage or malfunction at Pasar Seni People shared regular commute and station photos No emergency notice was posted There are 10 comments in total author reply Show 1 replies Say something,0,normal_general,synthetic_mock
🇲🇾LRT KelanajayaLine通告，列车降速 - 小红书 - Google Chrome,1102,mock_post_1102.png,🇲🇾LRT KelanajayaLine通告，列车降速 - 小红书 - Google Chrome,2026-02-23T02:22:00,"Leisurely kitten
focus on
Passengers were asked to get off at Pasar Seni due to train fault and wait for replacement at Masjid Jamek.
Passengers shared delay slip and crowding evidence during rush hour
Rapid KL staff guided queue and temporary shuttle arrangement
Malaysia transport update 2026-03-01
There are 1 comments in total
author
reply
Show 3 replies
Say something",Passengers were asked to get off at Pasar Seni due to train fault and wait for replacement at Masjid Jamek Passengers shared delay slip and crowding evidence during rush hour Rapid KL staff guided queue and temporary shuttle arrangement Malaysia transport update 2026 03 01 There are 1 comments in total author reply Show 3 replies Say something,1,incident_train_fault,synthetic_mock
lrt klcc - 小红书搜索 - Google Chrome,1103,mock_post_1103.png,lrt klcc - 小红书搜索 - Google Chrome,2026-02-23T02:23:00,"KL daily commuter
focus on
Commuting to work was smooth and station crowd level was manageable today at Universiti.
People shared regular commute and station photos
No emergency notice was posted
There are 14 comments in total
author
reply
Show 3 replies
Say something",Commuting to work was smooth and station crowd level was manageable today at Universiti People shared regular commute and station photos No emergency notice was posted There are 14 comments in total author reply Show 3 replies Say something,0,normal_commute,synthetic_mock
🇲🇾LRT停运 注意了‼️ - 小红书 - Google Chrome,1104,mock_post_1104.png,🇲🇾LRT停运 注意了‼️ - 小红书 - Google Chrome,2026-02-23T02:24:00,"KL daily commuter
focus on
Kelana Jaya line maintenance phase affected frequency and caused crowding at stations at Kelana Jaya.
Passengers shared delay slip and crowding evidence during rush hour
Rapid KL staff guided queue and temporary shuttle arrangement
Malaysia transport update 2026-09-12
There are 4 comments in total
author
reply
Show 1 replies
Say something",Kelana Jaya line maintenance phase affected frequency and caused crowding at stations at Kelana Jaya Passengers shared delay slip and crowding evidence during rush hour Rapid KL staff guided queue and temporary shuttle arrangement Malaysia transport update 2026 09 12 There are 4 comments in total author reply Show 1 replies Say something,1,incident_maintenance_impact,synthetic_mock
mrt fault - 小红书搜索 - Google Chrome,1105,mock_post_1105.png,mrt fault - 小红书搜索 - Google Chrome,2026-02-23T02:25:00,"Leisurely kitten
focus on
Normal operation resumed and train intervals are back to schedule at Ampang Park.
People shared regular commute and station photos
No emergency notice was posted
There are 1 comments in total
author
reply
Show 2 replies
Say something",Normal operation resumed and train intervals are back to schedule at Ampang Park People shared regular commute and station photos No emergency notice was posted There are 1 comments in total author reply Show 2 replies Say something,0,normal_operation,synthetic_mock
lrtkelanajaya线 - 小红书搜索 - Google Chrome,1106,mock_post_1106.png,lrtkelanajaya线 - 小红书搜索 - Google Chrome,2026-02-23T02:26:00,"Little Red Potato 66A1
focus on
Rapid KL announced temporary service disruption between KLCC and Gombak with shuttle support at KL Sentral.
Passengers shared delay slip and crowding evidence during rush hour
Rapid KL staff guided queue and temporary shuttle arrangement
There are 18 comments in total
author
reply
Show 3 replies
Say something",Rapid KL announced temporary service disruption between KLCC and Gombak with shuttle support at KL Sentral Passengers shared delay slip and crowding evidence during rush hour Rapid KL staff guided queue and temporary shuttle arrangement There are 18 comments in total author reply Show 3 replies Say something,1,incident_service_disruption,synthetic_mock
mrt kajang - 小红书搜索 - Google Chrome,1107,mock_post_1107.png,mrt kajang - 小红书搜索 - Google Chrome,2026-02-23T02:27:00,"Leisurely kitten
focus on
Commuting to work was smooth and station crowd level was manageable today at Gombak.
People shared regular commute and station photos
No emergency notice was posted
There are 5 comments in total
author
reply
Show 3 replies
Say something",Commuting to work was smooth and station crowd level was manageable today at Gombak People shared regular commute and station photos No emergency notice was posted There are 5 comments in total author reply Show 3 replies Say something,0,normal_commute,synthetic_mock
lrt klcc - 小红书搜索 - Google Chrome,1108,mock_post_1108.png,lrt klcc - 小红书搜索 - Google Chrome,2026-02-23T02:28:00,"Xiaoxuan Talk Malaysia Official
focus on
Passengers were asked to get off at Pasar Seni due to train fault and wait for replacement at Universiti.
Passengers shared delay slip and crowding evidence during rush hour
Rapid KL staff guided queue and temporary shuttle arrangement
Malaysia transport update 2026-04-27
There are 12 comments in total
author
reply
Show 2 replies
Say something",Passengers were asked to get off at Pasar Seni due to train fault and wait for replacement at Universiti Passengers shared delay slip and crowding evidence during rush hour Rapid KL staff guided queue and temporary shuttle arrangement Malaysia transport update 2026 04 27 There are 12 comments in total author reply Show 2 replies Say something,1,incident_train_fault,synthetic_mock
lrtkelanajaya线 - 小红书搜索 - Google Chrome,1109,mock_post_1109.png,lrtkelanajaya线 - 小红书搜索 - Google Chrome,2026-02-23T02:29:00,"KL daily commuter
focus on
Service update says all lines are stable with no major delay this morning at Wangsa Maju.
People shared regular commute and station photos
No emergency notice was posted
Malaysia transport update 2024-01-14
There are 5 comments in total
author
reply
Show 2 replies
Say something",Service update says all lines are stable with no major delay this morning at Wangsa Maju People shared regular commute and station photos No emergency notice was posted Malaysia transport update 2024 01 14 There are 5 comments in total author reply Show 2 replies Say something,0,normal_update,synthetic_mock
地铁 马来西亚 - 小红书搜索 - Google Chrome,1110,mock_post_1110.png,地铁 马来西亚 - 小红书搜索 - Google Chrome,2026-02-23T02:30:00,"Leisurely kitten
focus on
Power trip caused brief outage and service resumed after technicians completed repair at KLCC.
Passengers shared delay slip and crowding evidence during rush hour
Rapid KL staff guided queue and temporary shuttle arrangement
There are 13 comments in total
author
reply
Show 3 replies
Say something",Power trip caused brief outage and service resumed after technicians completed repair at KLCC Passengers shared delay slip and crowding evidence during rush hour Rapid KL staff guided queue and temporary shuttle arrangement There are 13 comments in total author reply Show 3 replies Say something,1,incident_power_outage,synthetic_mock
mrtkajang问题 - 小红书搜索 - Google Chrome,1111,mock_post_1111.png,mrtkajang问题 - 小红书搜索 - Google Chrome,2026-02-23T02:31:00,"KL daily commuter
focus on
Routine travel post about route tips and fare sharing at Wangsa Maju.
People shared regular commute and station photos
No emergency notice was posted
Malaysia transport update 2025-11-14
There are 15 comments in total
author
reply
Show 3 replies
Say something",Routine travel post about route tips and fare sharing at Wangsa Maju People shared regular commute and station photos No emergency notice was posted Malaysia transport update 2025 11 14 There are 15 comments in total author reply Show 3 replies Say something,0,normal_travel_tip,synthetic_mock
地铁 马来西亚 - 小红书搜索 - Google Chrome,1112,mock_post_1112.png,地铁 马来西亚 - 小红书搜索 - Google Chrome,2026-02-23T02:32:00,"KL daily commuter
focus on
Kelana Jaya line maintenance phase affected frequency and caused crowding at stations at Wangsa Maju.
Passengers shared delay slip and crowding evidence during rush hour
Rapid KL staff guided queue and temporary shuttle arrangement
Malaysia transport update 2026-03-16
There are 15 comments in total
author
reply
Show 1 replies
Say something",Kelana Jaya line maintenance phase affected frequency and caused crowding at stations at Wangsa Maju Passengers shared delay slip and crowding evidence during rush hour Rapid KL staff guided queue and temporary shuttle arrangement Malaysia transport update 2026 03 16 There are 15 comments in total author reply Show 1 replies Say something,1,incident_maintenance_impact,synthetic_mock
mrt fault - 小红书搜索 - Google Chrome,1113,mock_post_1113.png,mrt fault - 小红书搜索 - Google Chrome,2026-02-23T02:33:00,"City transit watcher
focus on
Routine travel post about route tips and fare sharing at KLCC.
People shared regular commute and station photos
No emergency notice was posted
Malaysia transport update 2025-01-24
There are 6 comments in total
author
reply
Show 3 replies
Say something",Routine travel post about route tips and fare sharing at KLCC People shared regular commute and station photos No emergency notice was posted Malaysia transport update 2025 01 24 There are 6 comments in total author reply Show 3 replies Say something,0,normal_travel_tip,synthetic_mock
地铁 马来西亚 - 小红书搜索 - Google Chrome,1114,mock_post_1114.png,地铁 马来西亚 - 小红书搜索 - Google Chrome,2026-02-23T02:34:00,"KL daily commuter
focus on
LRT Kelana Jaya line had a signaling issue during peak hour and trains moved slowly at KL Sentral.
Passengers shared delay slip and crowding evidence during rush hour
Rapid KL staff guided queue and temporary shuttle arrangement
Malaysia transport update 2024-06-19
There are 10 comments in total
author
reply
Show 1 replies
Say something",LRT Kelana Jaya line had a signaling issue during peak hour and trains moved slowly at KL Sentral Passengers shared delay slip and crowding evidence during rush hour Rapid KL staff guided queue and temporary shuttle arrangement Malaysia transport update 2024 06 19 There are 10 comments in total author reply Show 1 replies Say something,1,incident_breakdown,synthetic_mock
lrtkelanajaya故障 - 小红书搜索 - Google Chrome,1115,mock_post_1115.png,lrtkelanajaya故障 - 小红书搜索 - Google Chrome,2026-02-23T02:35:00,"Leisurely kitten
focus on
Service update says all lines are stable with no major delay this morning at KLCC.
People shared regular commute and station photos
No emergency notice was posted
Malaysia transport update 2025-05-10
There are 16 comments in total
author
reply
Show 1 replies
Say something",Service update says all lines are stable with no major delay this morning at KLCC People shared regular commute and station photos No emergency notice was posted Malaysia transport update 2025 05 10 There are 16 comments in total author reply Show 1 replies Say something,0,normal_update,synthetic_mock
mrtkajang问题 - 小红书搜索 - Google Chrome,1116,mock_post_1116.png,mrtkajang问题 - 小红书搜索 - Google Chrome,2026-02-23T02:36:00,"Rapid commuter diary
focus on
Rapid KL announced temporary service disruption between KLCC and Gombak with shuttle support at KL Sentral.
Passengers shared delay slip and crowding evidence during rush hour
Rapid KL staff guided queue and temporary shuttle arrangement
Malaysia transport update 2025-05-07
There are 6 comments in total
author
reply
Show 3 replies
Say something",Rapid KL announced temporary service disruption between KLCC and Gombak with shuttle support at KL Sentral Passengers shared delay slip and crowding evidence during rush hour Rapid KL staff guided queue and temporary shuttle arrangement Malaysia transport update 2025 05 07 There are 6 comments in total author reply Show 3 replies Say something,1,incident_service_disruption,synthetic_mock
mrtkajang问题 - 小红书搜索 - Google Chrome,1117,mock_post_1117.png,mrtkajang问题 - 小红书搜索 - Google Chrome,2026-02-23T02:37:00,"Little Red Potato 66A1
focus on
Normal operation resumed and train intervals are back to schedule at KLCC.
People shared regular commute and station photos
No emergency notice was posted
Malaysia transport update 2024-07-16
There are 10 comments in total
author
reply
Show 3 replies
Say something",Normal operation resumed and train intervals are back to schedule at KLCC People shared regular commute and station photos No emergency notice was posted Malaysia transport update 2024 07 16 There are 10 comments in total author reply Show 3 replies Say something,0,normal_operation,synthetic_mock
地铁 马来西亚 - 小红书搜索 - Google Chrome,1118,mock_post_1118.png,地铁 马来西亚 - 小红书搜索 - Google Chrome,2026-02-23T02:38:00,"Rapid commuter diary
focus on
Commuters reported long queue and train delay after track maintenance at Universiti station at Wangsa Maju.
Passengers shared delay slip and crowding evidence during rush hour
Rapid KL staff guided queue and temporary shuttle arrangement
There are 5 comments in total
author
reply
Show 1 replies
Say something",Commuters reported long queue and train delay after track maintenance at Universiti station at Wangsa Maju Passengers shared delay slip and crowding evidence during rush hour Rapid KL staff guided queue and temporary shuttle arrangement There are 5 comments in total author reply Show 1 replies Say something,1,incident_delay,synthetic_mock
🇲🇾LRT KelanajayaLine通告，列车降速 - 小红书 - Google Chrome,1119,mock_post_1119.png,🇲🇾LRT KelanajayaLine通告，列车降速 - 小红书 - Google Chrome,2026-02-23T02:39:00,"KL daily commuter
focus on
General city transport post not related to outage or malfunction at Ampang Park.
People shared regular commute and station photos
No emergency notice was posted
Malaysia transport update 2025-03-28
There are 11 comments in total
author
reply
Show 1 replies
Say something",General city transport post not related to outage or malfunction at Ampang Park People shared regular commute and station photos No emergency notice was posted Malaysia transport update 2025 03 28 There are 11 comments in total author reply Show 1 replies Say something,0,normal_general,synthetic_mock
mrtkajang问题 - 小红书搜索 - Google Chrome,1120,mock_post_1120.png,mrtkajang问题 - 小红书搜索 - Google Chrome,2026-02-23T02:40:00,"Rapid commuter diary
focus on
Kelana Jaya line maintenance phase affected frequency and caused crowding at stations at KL Sentral.
Passengers shared delay slip and crowding evidence during rush hour
Rapid KL staff guided queue and temporary shuttle arrangement
Malaysia transport update 2025-06-18
There are 2 comments in total
author
reply
Show 3 replies
Say something",Kelana Jaya line maintenance phase affected frequency and caused crowding at stations at KL Sentral Passengers shared delay slip and crowding evidence during rush hour Rapid KL staff guided queue and temporary shuttle arrangement Malaysia transport update 2025 06 18 There are 2 comments in total author reply Show 3 replies Say something,1,incident_maintenance_impact,synthetic_mock
🇲🇾LRT停运 注意了‼️ - 小红书 - Google Chrome,1121,mock_post_1121.png,🇲🇾LRT停运 注意了‼️ - 小红书 - Google Chrome,2026-02-23T02:41:00,"City transit watcher
focus on
General city transport post not related to outage or malfunction at Gombak.
People shared regular commute and station photos
No emergency notice was posted
Malaysia transport update 2024-12-01
There are 10 comments in total
author
reply
Show 3 replies
Say something",General city transport post not related to outage or malfunction at Gombak People shared regular commute and station photos No emergency notice was posted Malaysia transport update 2024 12 01 There are 10 comments in total author reply Show 3 replies Say something,0,normal_general,synthetic_mock
地铁 马来西亚 - 小红书搜索 - Google Chrome,1122,mock_post_1122.png,地铁 马来西亚 - 小红书搜索 - Google Chrome,2026-02-23T02:42:00,"Xiaoxuan Talk Malaysia Official
focus on
LRT Kelana Jaya line had a signaling issue during peak hour and trains moved slowly at Masjid Jamek.
Passengers shared delay slip and crowding evidence during rush hour
Rapid KL staff guided queue and temporary shuttle arrangement
Malaysia transport update 2026-09-19
There are 2 comments in total
author
reply
Show 3 replies
Say something",LRT Kelana Jaya line had a signaling issue during peak hour and trains moved slowly at Masjid Jamek Passengers shared delay slip and crowding evidence during rush hour Rapid KL staff guided queue and temporary shuttle arrangement Malaysia transport update 2026 09 19 There are 2 comments in total author reply Show 3 replies Say something,1,incident_breakdown,synthetic_mock
地铁 马来西亚 - 小红书搜索 - Google Chrome,1123,mock_post_1123.png,地铁 马来西亚 - 小红书搜索 - Google Chrome,2026-02-23T02:43:00,"Little Red Potato 66A1
focus on
Service update says all lines are stable with no major delay this morning at Ampang Park.
People shared regular commute and station photos
No emergency notice was posted
There are 4 comments in total
author
reply
Show 3 replies
Say something",Service update says all lines are stable with no major delay this morning at Ampang Park People shared regular commute and station photos No emergency notice was posted There are 4 comments in total author reply Show 3 replies Say something,0,normal_update,synthetic_mock
🇲🇾LRT KelanajayaLine通告，列车降速 - 小红书 - Google Chrome,1124,mock_post_1124.png,🇲🇾LRT KelanajayaLine通告，列车降速 - 小红书 - Google Chrome,2026-02-23T02:44:00,"Leisurely kitten
focus on
Rapid KL announced temporary service disruption between KLCC and Gombak with shuttle support at Kelana Jaya.
Passengers shared delay slip and crowding evidence during rush hour
Rapid KL staff guided queue and temporary shuttle arrangement
There are 8 comments in total
author
reply
Show 3 replies
Say something",Rapid KL announced temporary service disruption between KLCC and Gombak with shuttle support at Kelana Jaya Passengers shared delay slip and crowding evidence during rush hour Rapid KL staff guided queue and temporary shuttle arrangement There are 8 comments in total author reply Show 3 replies Say something,1,incident_service_disruption,synthetic_mock
lrt is bad again - Xiaohongshu search - Google Chrome,1125,mock_post_1125.png,lrt is bad again - Xiaohongshu search - Google Chrome,2026-02-23T02:45:00,"KL daily commuter
focus on
No disruption observed and transfer between lines completed without waiting at KLCC.
People shared regular commute and station photos
No emergency notice was posted
Malaysia transport update 2025-07-19
There are 2 comments in total
author
reply
Show 2 replies
Say something",No disruption observed and transfer between lines completed without waiting at KLCC People shared regular commute and station photos No emergency notice was posted Malaysia transport update 2025 07 19 There are 2 comments in total author reply Show 2 replies Say something,0,normal_no_incident,synthetic_mock
lrt klcc - 小红书搜索 - Google Chrome,1126,mock_post_1126.png,lrt klcc - 小红书搜索 - Google Chrome,2026-02-23T02:46:00,"Ootashi store
focus on
Commuters reported long queue and train delay after track maintenance at Universiti station at Wangsa Maju.
Passengers shared delay slip and crowding evidence during rush hour
Rapid KL staff guided queue and temporary shuttle arrangement
Malaysia transport update 2026-06-13
There are 9 comments in total
author
reply
Show 1 replies
Say something",Commuters reported long queue and train delay after track maintenance at Universiti station at Wangsa Maju Passengers shared delay slip and crowding evidence during rush hour Rapid KL staff guided queue and temporary shuttle arrangement Malaysia transport update 2026 06 13 There are 9 comments in total author reply Show 1 replies Say something,1,incident_delay,synthetic_mock
mrt - 小红书搜索 - Google Chrome,1127,mock_post_1127.png,mrt - 小红书搜索 - Google Chrome,2026-02-23T02:47:00,"Ootashi store
focus on
Normal operation resumed and train intervals are back to schedule at Masjid Jamek.
People shared regular commute and station photos
No emergency notice was posted
Malaysia transport update 2024-05-25
There are 3 comments in total
author
reply
Show 1 replies
Say something",Normal operation resumed and train intervals are back to schedule at Masjid Jamek People shared regular commute and station photos No emergency notice was posted Malaysia transport update 2024 05 25 There are 3 comments in total author reply Show 1 replies Say something,0,normal_operation,synthetic_mock
lrt is bad again - Xiaohongshu search - Google Chrome,1128,mock_post_1128.png,lrt is bad again - Xiaohongshu search - Google Chrome,2026-02-23T02:48:00,"Xiaoxuan Talk Malaysia Official
focus on
Power trip caused brief outage and service resumed after technicians completed repair at Pasar Seni.
Passengers shared delay slip and crowding evidence during rush hour
Rapid KL staff guided queue and temporary shuttle arrangement
There are 11 comments in total
author
reply
Show 1 replies
Say something",Power trip caused brief outage and service resumed after technicians completed repair at Pasar Seni Passengers shared delay slip and crowding evidence during rush hour Rapid KL staff guided queue and temporary shuttle arrangement There are 11 comments in total author reply Show 1 replies Say something,1,incident_power_outage,synthetic_mock
mrt kajang - 小红书搜索 - Google Chrome,1129,mock_post_1129.png,mrt kajang - 小红书搜索 - Google Chrome,2026-02-23T02:49:00,"Leisurely kitten
focus on
General city transport post not related to outage or malfunction at Kelana Jaya.
People shared regular commute and station photos
No emergency notice was posted
Malaysia transport update 2025-03-14
There are 11 comments in total
author
reply
Show 2 replies
Say something",General city transport post not related to outage or malfunction at Kelana Jaya People shared regular commute and station photos No emergency notice was posted Malaysia transport update 2025 03 14 There are 11 comments in total author reply Show 2 replies Say something,0,normal_general,synthetic_mock
地铁 马来西亚 - 小红书搜索 - Google Chrome,1130,mock_post_1130.png,地铁 马来西亚 - 小红书搜索 - Google Chrome,2026-02-23T02:50:00,"Ootashi store
focus on
LRT Kelana Jaya line had a signaling issue during peak hour and trains moved slowly at Kelana Jaya.
Passengers shared delay slip and crowding evidence during rush hour
Rapid KL staff guided queue and temporary shuttle arrangement
Malaysia transport update 2026-10-08
There are 16 comments in total
author
reply
Show 3 replies
Say something",LRT Kelana Jaya line had a signaling issue during peak hour and trains moved slowly at Kelana Jaya Passengers shared delay slip and crowding evidence during rush hour Rapid KL staff guided queue and temporary shuttle arrangement Malaysia transport update 2026 10 08 There are 16 comments in total author reply Show 3 replies Say something,1,incident_breakdown,synthetic_mock
lrt is bad again - Xiaohongshu search - Google Chrome,1131,mock_post_1131.png,lrt is bad again - Xiaohongshu search - Google Chrome,2026-02-23T02:51:00,"Leisurely kitten
focus on
No disruption observed and transfer between lines completed without waiting at KLCC.
People shared regular commute and station photos
No emergency notice was posted
Malaysia transport update 2025-09-14
There are 3 comments in total
author
reply
Show 2 replies
Say something",No disruption observed and transfer between lines completed without waiting at KLCC People shared regular commute and station photos No emergency notice was posted Malaysia transport update 2025 09 14 There are 3 comments in total author reply Show 2 replies Say something,0,normal_no_incident,synthetic_mock
🇲🇾LRT停运 注意了‼️ - 小红书 - Google Chrome,1132,mock_post_1132.png,🇲🇾LRT停运 注意了‼️ - 小红书 - Google Chrome,2026-02-23T02:52:00,"Xiaoxuan Talk Malaysia Official
focus on
Power trip caused brief outage and service resumed after technicians completed repair at Universiti.
Passengers shared delay slip and crowding evidence during rush hour
Rapid KL staff guided queue and temporary shuttle arrangement
Malaysia transport update 2026-11-04
There are 8 comments in total
author
reply
Show 3 replies
Say something",Power trip caused brief outage and service resumed after technicians completed repair at Universiti Passengers shared delay slip and crowding evidence during rush hour Rapid KL staff guided queue and temporary shuttle arrangement Malaysia transport update 2026 11 04 There are 8 comments in total author reply Show 3 replies Say something,1,incident_power_outage,synthetic_mock
mrt fault - 小红书搜索 - Google Chrome,1133,mock_post_1133.png,mrt fault - 小红书搜索 - Google Chrome,2026-02-23T02:53:00,"Little Red Potato 66A1
focus on
Service update says all lines are stable with no major delay this morning at Gombak.
People shared regular commute and station photos
No emergency notice was posted
Malaysia transport update 2024-11-17
There are 7 comments in total
author
reply
Show 1 replies
Say something",Service update says all lines are stable with no major delay this morning at Gombak People shared regular commute and station photos No emergency notice was posted Malaysia transport update 2024 11 17 There are 7 comments in total author reply Show 1 replies Say something,0,normal_update,synthetic_mock
mrtkajang问题 - 小红书搜索 - Google Chrome,1134,mock_post_1134.png,mrtkajang问题 - 小红书搜索 - Google Chrome,2026-02-23T02:54:00,"KL daily commuter
focus on
Passengers were asked to get off at Pasar Seni due to train fault and wait for replacement at Pasar Seni.
Passengers shared delay slip and crowding evidence during rush hour
Rapid KL staff guided queue and temporary shuttle arrangement
Malaysia transport update 2025-09-15
There are 2 comments in total
author
reply
Show 1 replies
Say something",Passengers were asked to get off at Pasar Seni due to train fault and wait for replacement at Pasar Seni Passengers shared delay slip and crowding evidence during rush hour Rapid KL staff guided queue and temporary shuttle arrangement Malaysia transport update 2025 09 15 There are 2 comments in total author reply Show 1 replies Say something,1,incident_train_fault,synthetic_mock
mrtkajang问题 - 小红书搜索 - Google Chrome,1135,mock_post_1135.png,mrtkajang问题 - 小红书搜索 - Google Chrome,2026-02-23T02:55:00,"City transit watcher
focus on
Routine travel post about route tips and fare sharing at Gombak.
People shared regular commute and station photos
No emergency notice was posted
There are 1 comments in total
author
reply
Show 1 replies
Say something",Routine travel post about route tips and fare sharing at Gombak People shared regular commute and station photos No emergency notice was posted There are 1 comments in total author reply Show 1 replies Say something,0,normal_travel_tip,synthetic_mock
🇲🇾LRT停运 注意了‼️ - 小红书 - Google Chrome,1136,mock_post_1136.png,🇲🇾LRT停运 注意了‼️ - 小红书 - Google Chrome,2026-02-23T02:56:00,"Leisurely kitten
focus on
Commuters reported long queue and train delay after track maintenance at Universiti station at KL Sentral.
Passengers shared delay slip and crowding evidence during rush hour
Rapid KL staff guided queue and temporary shuttle arrangement
There are 13 comments in total
author
reply
Show 2 replies
Say something",Commuters reported long queue and train delay after track maintenance at Universiti station at KL Sentral Passengers shared delay slip and crowding evidence during rush hour Rapid KL staff guided queue and temporary shuttle arrangement There are 13 comments in total author reply Show 2 replies Say something,1,incident_delay,synthetic_mock
lrt klcc - 小红书搜索 - Google Chrome,1137,mock_post_1137.png,lrt klcc - 小红书搜索 - Google Chrome,2026-02-23T02:57:00,"KL daily commuter
focus on
Service update says all lines are stable with no major delay this morning at KL Sentral.
People shared regular commute and station photos
No emergency notice was posted
Malaysia transport update 2024-03-24
There are 18 comments in total
author
reply
Show 3 replies
Say something",Service update says all lines are stable with no major delay this morning at KL Sentral People shared regular commute and station photos No emergency notice was posted Malaysia transport update 2024 03 24 There are 18 comments in total author reply Show 3 replies Say something,0,normal_update,synthetic_mock
地铁 马来西亚 - 小红书搜索 - Google Chrome,1138,mock_post_1138.png,地铁 马来西亚 - 小红书搜索 - Google Chrome,2026-02-23T02:58:00,"Rapid commuter diary
focus on
Commuters reported long queue and train delay after track maintenance at Universiti station at KLCC.
Passengers shared delay slip and crowding evidence during rush hour
Rapid KL staff guided queue and temporary shuttle arrangement
There are 5 comments in total
author
reply
Show 3 replies
Say something",Commuters reported long queue and train delay after track maintenance at Universiti station at KLCC Passengers shared delay slip and crowding evidence during rush hour Rapid KL staff guided queue and temporary shuttle arrangement There are 5 comments in total author reply Show 3 replies Say something,1,incident_delay,synthetic_mock
mrt fault - 小红书搜索 - Google Chrome,1139,mock_post_1139.png,mrt fault - 小红书搜索 - Google Chrome,2026-02-23T02:59:00,"Ootashi store
focus on
Commuting to work was smooth and station crowd level was manageable today at Wangsa Maju.
People shared regular commute and station photos
No emergency notice was posted
There are 11 comments in total
author
reply
Show 3 replies
Say something",Commuting to work was smooth and station crowd level was manageable today at Wangsa Maju People shared regular commute and station photos No emergency notice was posted There are 11 comments in total author reply Show 3 replies Say something,0,normal_commute,synthetic_mock
🇲🇾LRT停运 注意了‼️ - 小红书 - Google Chrome,1140,mock_post_1140.png,🇲🇾LRT停运 注意了‼️ - 小红书 - Google Chrome,2026-02-23T03:00:00,"KL daily commuter
focus on
Kelana Jaya line maintenance phase affected frequency and caused crowding at stations at Gombak.
Passengers shared delay slip and crowding evidence during rush hour
Rapid KL staff guided queue and temporary shuttle arrangement
There are 9 comments in total
author
reply
Show 1 replies
Say something",Kelana Jaya line maintenance phase affected frequency and caused crowding at stations at Gombak Passengers shared delay slip and crowding evidence during rush hour Rapid KL staff guided queue and temporary shuttle arrangement There are 9 comments in total author reply Show 1 replies Say something,1,incident_maintenance_impact,synthetic_mock
lrt is bad again - Xiaohongshu search - Google Chrome,1141,mock_post_1141.png,lrt is bad again - Xiaohongshu search - Google Chrome,2026-02-23T03:01:00,"Ootashi store
focus on
Commuting to work was smooth and station crowd level was manageable today at Putra Heights.
People shared regular commute and station photos
No emergency notice was posted
Malaysia transport update 2026-06-01
There are 5 comments in total
author
reply
Show 3 replies
Say something",Commuting to work was smooth and station crowd level was manageable today at Putra Heights People shared regular commute and station photos No emergency notice was posted Malaysia transport update 2026 06 01 There are 5 comments in total author reply Show 3 replies Say something,0,normal_commute,synthetic_mock
地铁 马来西亚 - 小红书搜索 - Google Chrome,1142,mock_post_1142.png,地铁 马来西亚 - 小红书搜索 - Google Chrome,2026-02-23T03:02:00,"Xiaoxuan Talk Malaysia Official
focus on
Passengers were asked to get off at Pasar Seni due to train fault and wait for replacement at Ampang Park.
Passengers shared delay slip and crowding evidence during rush hour
Rapid KL staff guided queue and temporary shuttle arrangement
There are 6 comments in total
author
reply
Show 2 replies
Say something",Passengers were asked to get off at Pasar Seni due to train fault and wait for replacement at Ampang Park Passengers shared delay slip and crowding evidence during rush hour Rapid KL staff guided queue and temporary shuttle arrangement There are 6 comments in total author reply Show 2 replies Say something,1,incident_train_fault,synthetic_mock
lrt is bad again - Xiaohongshu search - Google Chrome,1143,mock_post_1143.png,lrt is bad again - Xiaohongshu search - Google Chrome,2026-02-23T03:03:00,"KL daily commuter
focus on
General city transport post not related to outage or malfunction at Ampang Park.
People shared regular commute and station photos
No emergency notice was posted
Malaysia transport update 2024-11-21
There are 3 comments in total
author
reply
Show 3 replies
Say something",General city transport post not related to outage or malfunction at Ampang Park People shared regular commute and station photos No emergency notice was posted Malaysia transport update 2024 11 21 There are 3 comments in total author reply Show 3 replies Say something,0,normal_general,synthetic_mock
lrt is bad again - Xiaohongshu search - Google Chrome,1144,mock_post_1144.png,lrt is bad again - Xiaohongshu search - Google Chrome,2026-02-23T03:04:00,"City transit watcher
focus on
Kelana Jaya line maintenance phase affected frequency and caused crowding at stations at Ampang Park.
Passengers shared delay slip and crowding evidence during rush hour
Rapid KL staff guided queue and temporary shuttle arrangement
Malaysia transport update 2025-10-12
There are 13 comments in total
author
reply
Show 1 replies
Say something",Kelana Jaya line maintenance phase affected frequency and caused crowding at stations at Ampang Park Passengers shared delay slip and crowding evidence during rush hour Rapid KL staff guided queue and temporary shuttle arrangement Malaysia transport update 2025 10 12 There are 13 comments in total author reply Show 1 replies Say something,1,incident_maintenance_impact,synthetic_mock
lrtkelanajaya线 - 小红书搜索 - Google Chrome,1145,mock_post_1145.png,lrtkelanajaya线 - 小红书搜索 - Google Chrome,2026-02-23T03:05:00,"Leisurely kitten
focus on
Normal operation resumed and train intervals are back to schedule at Ampang Park.
People shared regular commute and station photos
No emergency notice was posted
There are 15 comments in total
author
reply
Show 1 replies
Say something",Normal operation resumed and train intervals are back to schedule at Ampang Park People shared regular commute and station photos No emergency notice was posted There are 15 comments in total author reply Show 1 replies Say something,0,normal_operation,synthetic_mock
🇲🇾LRT停运 注意了‼️ - 小红书 - Google Chrome,1146,mock_post_1146.png,🇲🇾LRT停运 注意了‼️ - 小红书 - Google Chrome,2026-02-23T03:06:00,"KL daily commuter
focus on
Kelana Jaya line maintenance phase affected frequency and caused crowding at stations at Kelana Jaya.
Passengers shared delay slip and crowding evidence during rush hour
Rapid KL staff guided queue and temporary shuttle arrangement
Malaysia transport update 2026-06-07
There are 3 comments in total
author
reply
Show 3 replies
Say something",Kelana Jaya line maintenance phase affected frequency and caused crowding at stations at Kelana Jaya Passengers shared delay slip and crowding evidence during rush hour Rapid KL staff guided queue and temporary shuttle arrangement Malaysia transport update 2026 06 07 There are 3 comments in total author reply Show 3 replies Say something,1,incident_maintenance_impact,synthetic_mock
mrt - 小红书搜索 - Google Chrome,1147,mock_post_1147.png,mrt - 小红书搜索 - Google Chrome,2026-02-23T03:07:00,"Ootashi store
focus on
Commuting to work was smooth and station crowd level was manageable today at Universiti.
People shared regular commute and station photos
No emergency notice was posted
There are 12 comments in total
author
reply
Show 1 replies
Say something",Commuting to work was smooth and station crowd level was manageable today at Universiti People shared regular commute and station photos No emergency notice was posted There are 12 comments in total author reply Show 1 replies Say something,0,normal_commute,synthetic_mock
地铁 马来西亚 - 小红书搜索 - Google Chrome,1148,mock_post_1148.png,地铁 马来西亚 - 小红书搜索 - Google Chrome,2026-02-23T03:08:00,"Ootashi store
focus on
Power trip caused brief outage and service resumed after technicians completed repair at KL Sentral.
Passengers shared delay slip and crowding evidence during rush hour
Rapid KL staff guided queue and temporary shuttle arrangement
Malaysia transport update 2026-07-04
There are 9 comments in total
author
reply
Show 3 replies
Say something",Power trip caused brief outage and service resumed after technicians completed repair at KL Sentral Passengers shared delay slip and crowding evidence during rush hour Rapid KL staff guided queue and temporary shuttle arrangement Malaysia transport update 2026 07 04 There are 9 comments in total author reply Show 3 replies Say something,1,incident_power_outage,synthetic_mock
🇲🇾LRT KelanajayaLine通告，列车降速 - 小红书 - Google Chrome,1149,mock_post_1149.png,🇲🇾LRT KelanajayaLine通告，列车降速 - 小红书 - Google Chrome,2026-02-23T03:09:00,"Little Red Potato 66A1
focus on
No disruption observed and transfer between lines completed without waiting at Pasar Seni.
People shared regular commute and station photos
No emergency notice was posted
Malaysia transport update 2026-10-22
There are 6 comments in total
author
reply
Show 1 replies
Say something",No disruption observed and transfer between lines completed without waiting at Pasar Seni People shared regular commute and station photos No emergency notice was posted Malaysia transport update 2026 10 22 There are 6 comments in total author reply Show 1 replies Say something,0,normal_no_incident,synthetic_mock
🇲🇾LRT停运 注意了‼️ - 小红书 - Google Chrome,1150,mock_post_1150.png,🇲🇾LRT停运 注意了‼️ - 小红书 - Google Chrome,2026-02-23T03:10:00,"Ootashi store
focus on
Rapid KL announced temporary service disruption between KLCC and Gombak with shuttle support at KLCC.
Passengers shared delay slip and crowding evidence during rush hour
Rapid KL staff guided queue and temporary shuttle arrangement
Malaysia transport update 2026-04-17
There are 9 comments in total
author
reply
Show 1 replies
Say something",Rapid KL announced temporary service disruption between KLCC and Gombak with shuttle support at KLCC Passengers shared delay slip and crowding evidence during rush hour Rapid KL staff guided queue and temporary shuttle arrangement Malaysia transport update 2026 04 17 There are 9 comments in total author reply Show 1 replies Say something,1,incident_service_disruption,synthetic_mock
🇲🇾LRT停运 注意了‼️ - 小红书 - Google Chrome,1151,mock_post_1151.png,🇲🇾LRT停运 注意了‼️ - 小红书 - Google Chrome,2026-02-23T03:11:00,"Little Red Potato 66A1
focus on
Normal operation resumed and train intervals are back to schedule at Masjid Jamek.
People shared regular commute and station photos
No emergency notice was posted
Malaysia transport update 2026-08-01
There are 14 comments in total
author
reply
Show 3 replies
Say something",Normal operation resumed and train intervals are back to schedule at Masjid Jamek People shared regular commute and station photos No emergency notice was posted Malaysia transport update 2026 08 01 There are 14 comments in total author reply Show 3 replies Say something,0,normal_operation,synthetic_mock
mrt - 小红书搜索 - Google Chrome,1152,mock_post_1152.png,mrt - 小红书搜索 - Google Chrome,2026-02-23T03:12:00,"KL daily commuter
focus on
Kelana Jaya line maintenance phase affected frequency and caused crowding at stations at Kelana Jaya.
Passengers shared delay slip and crowding evidence during rush hour
Rapid KL staff guided queue and temporary shuttle arrangement
There are 14 comments in total
author
reply
Show 2 replies
Say something",Kelana Jaya line maintenance phase affected frequency and caused crowding at stations at Kelana Jaya Passengers shared delay slip and crowding evidence during rush hour Rapid KL staff guided queue and temporary shuttle arrangement There are 14 comments in total author reply Show 2 replies Say something,1,incident_maintenance_impact,synthetic_mock
mrt - 小红书搜索 - Google Chrome,1153,mock_post_1153.png,mrt - 小红书搜索 - Google Chrome,2026-02-23T03:13:00,"Rapid commuter diary
focus on
Normal operation resumed and train intervals are back to schedule at Masjid Jamek.
People shared regular commute and station photos
No emergency notice was posted
Malaysia transport update 2026-01-24
There are 8 comments in total
author
reply
Show 1 replies
Say something",Normal operation resumed and train intervals are back to schedule at Masjid Jamek People shared regular commute and station photos No emergency notice was posted Malaysia transport update 2026 01 24 There are 8 comments in total author reply Show 1 replies Say something,0,normal_operation,synthetic_mock
lrt is bad again - Xiaohongshu search - Google Chrome,1154,mock_post_1154.png,lrt is bad again - Xiaohongshu search - Google Chrome,2026-02-23T03:14:00,"Rapid commuter diary
focus on
Power trip caused brief outage and service resumed after technicians completed repair at Masjid Jamek.
Passengers shared delay slip and crowding evidence during rush hour
Rapid KL staff guided queue and temporary shuttle arrangement
Malaysia transport update 2025-04-11
There are 3 comments in total
author
reply
Show 3 replies
Say something",Power trip caused brief outage and service resumed after technicians completed repair at Masjid Jamek Passengers shared delay slip and crowding evidence during rush hour Rapid KL staff guided queue and temporary shuttle arrangement Malaysia transport update 2025 04 11 There are 3 comments in total author reply Show 3 replies Say something,1,incident_power_outage,synthetic_mock
mrt - 小红书搜索 - Google Chrome,1155,mock_post_1155.png,mrt - 小红书搜索 - Google Chrome,2026-02-23T03:15:00,"City transit watcher
focus on
General city transport post not related to outage or malfunction at Universiti.
People shared regular commute and station photos
No emergency notice was posted
Malaysia transport update 2024-04-07
There are 6 comments in total
author
reply
Show 2 replies
Say something",General city transport post not related to outage or malfunction at Universiti People shared regular commute and station photos No emergency notice was posted Malaysia transport update 2024 04 07 There are 6 comments in total author reply Show 2 replies Say something,0,normal_general,synthetic_mock
lrtkelanajaya线 - 小红书搜索 - Google Chrome,1156,mock_post_1156.png,lrtkelanajaya线 - 小红书搜索 - Google Chrome,2026-02-23T03:16:00,"Xiaoxuan Talk Malaysia Official
focus on
LRT Kelana Jaya line had a signaling issue during peak hour and trains moved slowly at KLCC.
Passengers shared delay slip and crowding evidence during rush hour
Rapid KL staff guided queue and temporary shuttle arrangement
Malaysia transport update 2024-10-26
There are 11 comments in total
author
reply
Show 2 replies
Say something",LRT Kelana Jaya line had a signaling issue during peak hour and trains moved slowly at KLCC Passengers shared delay slip and crowding evidence during rush hour Rapid KL staff guided queue and temporary shuttle arrangement Malaysia transport update 2024 10 26 There are 11 comments in total author reply Show 2 replies Say something,1,incident_breakdown,synthetic_mock
地铁 马来西亚 - 小红书搜索 - Google Chrome,1157,mock_post_1157.png,地铁 马来西亚 - 小红书搜索 - Google Chrome,2026-02-23T03:17:00,"Ootashi store
focus on
Normal operation resumed and train intervals are back to schedule at Ampang Park.
People shared regular commute and station photos
No emergency notice was posted
There are 2 comments in total
author
reply
Show 2 replies
Say something",Normal operation resumed and train intervals are back to schedule at Ampang Park People shared regular commute and station photos No emergency notice was posted There are 2 comments in total author reply Show 2 replies Say something,0,normal_operation,synthetic_mock
🇲🇾LRT停运 注意了‼️ - 小红书 - Google Chrome,1158,mock_post_1158.png,🇲🇾LRT停运 注意了‼️ - 小红书 - Google Chrome,2026-02-23T03:18:00,"KL daily commuter
focus on
Rapid KL announced temporary service disruption between KLCC and Gombak with shuttle support at KLCC.
Passengers shared delay slip and crowding evidence during rush hour
Rapid KL staff guided queue and temporary shuttle arrangement
There are 15 comments in total
author
reply
Show 1 replies
Say something",Rapid KL announced temporary service disruption between KLCC and Gombak with shuttle support at KLCC Passengers shared delay slip and crowding evidence during rush hour Rapid KL staff guided queue and temporary shuttle arrangement There are 15 comments in total author reply Show 1 replies Say something,1,incident_service_disruption,synthetic_mock
lrt klcc - 小红书搜索 - Google Chrome,1159,mock_post_1159.png,lrt klcc - 小红书搜索 - Google Chrome,2026-02-23T03:19:00,"Xiaoxuan Talk Malaysia Official
focus on
No disruption observed and transfer between lines completed without waiting at KL Sentral.
People shared regular commute and station photos
No emergency notice was posted
Malaysia transport update 2024-01-13
There are 11 comments in total
author
reply
Show 3 replies
Say something",No disruption observed and transfer between lines completed without waiting at KL Sentral People shared regular commute and station photos No emergency notice was posted Malaysia transport update 2024 01 13 There are 11 comments in total author reply Show 3 replies Say something,0,normal_no_incident,synthetic_mock
lrt klcc - 小红书搜索 - Google Chrome,1160,mock_post_1160.png,lrt klcc - 小红书搜索 - Google Chrome,2026-02-23T03:20:00,"KL daily commuter
focus on
Rapid KL announced temporary service disruption between KLCC and Gombak with shuttle support at Kelana Jaya.
Passengers shared delay slip and crowding evidence during rush hour
Rapid KL staff guided queue and temporary shuttle arrangement
Malaysia transport update 2025-10-21
There are 14 comments in total
author
reply
Show 1 replies
Say something",Rapid KL announced temporary service disruption between KLCC and Gombak with shuttle support at Kelana Jaya Passengers shared delay slip and crowding evidence during rush hour Rapid KL staff guided queue and temporary shuttle arrangement Malaysia transport update 2025 10 21 There are 14 comments in total author reply Show 1 replies Say something,1,incident_service_disruption,synthetic_mock
🇲🇾LRT KelanajayaLine通告，列车降速 - 小红书 - Google Chrome,1161,mock_post_1161.png,🇲🇾LRT KelanajayaLine通告，列车降速 - 小红书 - Google Chrome,2026-02-23T03:21:00,"Little Red Potato 66A1
focus on
General city transport post not related to outage or malfunction at Kelana Jaya.
People shared regular commute and station photos
No emergency notice was posted
Malaysia transport update 2025-07-04
There are 14 comments in total
author
reply
Show 1 replies
Say something",General city transport post not related to outage or malfunction at Kelana Jaya People shared regular commute and station photos No emergency notice was posted Malaysia transport update 2025 07 04 There are 14 comments in total author reply Show 1 replies Say something,0,normal_general,synthetic_mock
🇲🇾LRT停运 注意了‼️ - 小红书 - Google Chrome,1162,mock_post_1162.png,🇲🇾LRT停运 注意了‼️ - 小红书 - Google Chrome,2026-02-23T03:22:00,"Xiaoxuan Talk Malaysia Official
focus on
Kelana Jaya line maintenance phase affected frequency and caused crowding at stations at KL Sentral.
Passengers shared delay slip and crowding evidence during rush hour
Rapid KL staff guided queue and temporary shuttle arrangement
Malaysia transport update 2025-07-20
There are 4 comments in total
author
reply
Show 2 replies
Say something",Kelana Jaya line maintenance phase affected frequency and caused crowding at stations at KL Sentral Passengers shared delay slip and crowding evidence during rush hour Rapid KL staff guided queue and temporary shuttle arrangement Malaysia transport update 2025 07 20 There are 4 comments in total author reply Show 2 replies Say something,1,incident_maintenance_impact,synthetic_mock
🇲🇾LRT KelanajayaLine通告，列车降速 - 小红书 - Google Chrome,1163,mock_post_1163.png,🇲🇾LRT KelanajayaLine通告，列车降速 - 小红书 - Google Chrome,2026-02-23T03:23:00,"Rapid commuter diary
focus on
General city transport post not related to outage or malfunction at Kelana Jaya.
People shared regular commute and station photos
No emergency notice was posted
Malaysia transport update 2026-04-04
There are 4 comments in total
author
reply
Show 1 replies
Say something",General city transport post not related to outage or malfunction at Kelana Jaya People shared regular commute and station photos No emergency notice was posted Malaysia transport update 2026 04 04 There are 4 comments in total author reply Show 1 replies Say something,0,normal_general,synthetic_mock
lrtkelanajaya故障 - 小红书搜索 - Google Chrome,1164,mock_post_1164.png,lrtkelanajaya故障 - 小红书搜索 - Google Chrome,2026-02-23T03:24:00,"Little Red Potato 66A1
focus on
Kelana Jaya line maintenance phase affected frequency and caused crowding at stations at KLCC.
Passengers shared delay slip and crowding evidence during rush hour
Rapid KL staff guided queue and temporary shuttle arrangement
There are 7 comments in total
author
reply
Show 3 replies
Say something",Kelana Jaya line maintenance phase affected frequency and caused crowding at stations at KLCC Passengers shared delay slip and crowding evidence during rush hour Rapid KL staff guided queue and temporary shuttle arrangement There are 7 comments in total author reply Show 3 replies Say something,1,incident_maintenance_impact,synthetic_mock
lrtkelanajaya线 - 小红书搜索 - Google Chrome,1165,mock_post_1165.png,lrtkelanajaya线 - 小红书搜索 - Google Chrome,2026-02-23T03:25:00,"Leisurely kitten
focus on
General city transport post not related to outage or malfunction at Masjid Jamek.
People shared regular commute and station photos
No emergency notice was posted
Malaysia transport update 2025-12-20
There are 15 comments in total
author
reply
Show 1 replies
Say something",General city transport post not related to outage or malfunction at Masjid Jamek People shared regular commute and station photos No emergency notice was posted Malaysia transport update 2025 12 20 There are 15 comments in total author reply Show 1 replies Say something,0,normal_general,synthetic_mock
🇲🇾LRT KelanajayaLine通告，列车降速 - 小红书 - Google Chrome,1166,mock_post_1166.png,🇲🇾LRT KelanajayaLine通告，列车降速 - 小红书 - Google Chrome,2026-02-23T03:26:00,"Xiaoxuan Talk Malaysia Official
focus on
Rapid KL announced temporary service disruption between KLCC and Gombak with shuttle support at Kelana Jaya.
Passengers shared delay slip and crowding evidence during rush hour
Rapid KL staff guided queue and temporary shuttle arrangement
Malaysia transport update 2026-07-17
There are 12 comments in total
author
reply
Show 2 replies
Say something",Rapid KL announced temporary service disruption between KLCC and Gombak with shuttle support at Kelana Jaya Passengers shared delay slip and crowding evidence during rush hour Rapid KL staff guided queue and temporary shuttle arrangement Malaysia transport update 2026 07 17 There are 12 comments in total author reply Show 2 replies Say something,1,incident_service_disruption,synthetic_mock
地铁 马来西亚 - 小红书搜索 - Google Chrome,1167,mock_post_1167.png,地铁 马来西亚 - 小红书搜索 - Google Chrome,2026-02-23T03:27:00,"Ootashi store
focus on
Routine travel post about route tips and fare sharing at Pasar Seni.
People shared regular commute and station photos
No emergency notice was posted
Malaysia transport update 2026-06-10
There are 12 comments in total
author
reply
Show 1 replies
Say something",Routine travel post about route tips and fare sharing at Pasar Seni People shared regular commute and station photos No emergency notice was posted Malaysia transport update 2026 06 10 There are 12 comments in total author reply Show 1 replies Say something,0,normal_travel_tip,synthetic_mock
lrtkelanajaya线 - 小红书搜索 - Google Chrome,1168,mock_post_1168.png,lrtkelanajaya线 - 小红书搜索 - Google Chrome,2026-02-23T03:28:00,"Xiaoxuan Talk Malaysia Official
focus on
Passengers were asked to get off at Pasar Seni due to train fault and wait for replacement at Pasar Seni.
Passengers shared delay slip and crowding evidence during rush hour
Rapid KL staff guided queue and temporary shuttle arrangement
Malaysia transport update 2026-01-14
There are 12 comments in total
author
reply
Show 1 replies
Say something",Passengers were asked to get off at Pasar Seni due to train fault and wait for replacement at Pasar Seni Passengers shared delay slip and crowding evidence during rush hour Rapid KL staff guided queue and temporary shuttle arrangement Malaysia transport update 2026 01 14 There are 12 comments in total author reply Show 1 replies Say something,1,incident_train_fault,synthetic_mock
mrt fault - 小红书搜索 - Google Chrome,1169,mock_post_1169.png,mrt fault - 小红书搜索 - Google Chrome,2026-02-23T03:29:00,"KL daily commuter
focus on
General city transport post not related to outage or malfunction at Universiti.
People shared regular commute and station photos
No emergency notice was posted
Malaysia transport update 2024-11-16
There are 15 comments in total
author
reply
Show 3 replies
Say something",General city transport post not related to outage or malfunction at Universiti People shared regular commute and station photos No emergency notice was posted Malaysia transport update 2024 11 16 There are 15 comments in total author reply Show 3 replies Say something,0,normal_general,synthetic_mock
lrtkelanajaya故障 - 小红书搜索 - Google Chrome,1170,mock_post_1170.png,lrtkelanajaya故障 - 小红书搜索 - Google Chrome,2026-02-23T03:30:00,"Leisurely kitten
focus on
Passengers were asked to get off at Pasar Seni due to train fault and wait for replacement at KL Sentral.
Passengers shared delay slip and crowding evidence during rush hour
Rapid KL staff guided queue and temporary shuttle arrangement
There are 14 comments in total
author
reply
Show 2 replies
Say something",Passengers were asked to get off at Pasar Seni due to train fault and wait for replacement at KL Sentral Passengers shared delay slip and crowding evidence during rush hour Rapid KL staff guided queue and temporary shuttle arrangement There are 14 comments in total author reply Show 2 replies Say something,1,incident_train_fault,synthetic_mock
lrt is bad again - Xiaohongshu search - Google Chrome,1171,mock_post_1171.png,lrt is bad again - Xiaohongshu search - Google Chrome,2026-02-23T03:31:00,"KL daily commuter
focus on
Normal operation resumed and train intervals are back to schedule at Ampang Park.
People shared regular commute and station photos
No emergency notice was posted
There are 16 comments in total
author
reply
Show 1 replies
Say something",Normal operation resumed and train intervals are back to schedule at Ampang Park People shared regular commute and station photos No emergency notice was posted There are 16 comments in total author reply Show 1 replies Say something,0,normal_operation,synthetic_mock
mrt fault - 小红书搜索 - Google Chrome,1172,mock_post_1172.png,mrt fault - 小红书搜索 - Google Chrome,2026-02-23T03:32:00,"City transit watcher
focus on
Kelana Jaya line maintenance phase affected frequency and caused crowding at stations at Universiti.
Passengers shared delay slip and crowding evidence during rush hour
Rapid KL staff guided queue and temporary shuttle arrangement
Malaysia transport update 2026-04-08
There are 16 comments in total
author
reply
Show 3 replies
Say something",Kelana Jaya line maintenance phase affected frequency and caused crowding at stations at Universiti Passengers shared delay slip and crowding evidence during rush hour Rapid KL staff guided queue and temporary shuttle arrangement Malaysia transport update 2026 04 08 There are 16 comments in total author reply Show 3 replies Say something,1,incident_maintenance_impact,synthetic_mock
lrt is bad again - Xiaohongshu search - Google Chrome,1173,mock_post_1173.png,lrt is bad again - Xiaohongshu search - Google Chrome,2026-02-23T03:33:00,"Ootashi store
focus on
General city transport post not related to outage or malfunction at Wangsa Maju.
People shared regular commute and station photos
No emergency notice was posted
Malaysia transport update 2024-06-01
There are 3 comments in total
author
reply
Show 2 replies
Say something",General city transport post not related to outage or malfunction at Wangsa Maju People shared regular commute and station photos No emergency notice was posted Malaysia transport update 2024 06 01 There are 3 comments in total author reply Show 2 replies Say something,0,normal_general,synthetic_mock
lrt is bad again - Xiaohongshu search - Google Chrome,1174,mock_post_1174.png,lrt is bad again - Xiaohongshu search - Google Chrome,2026-02-23T03:34:00,"Ootashi store
focus on
Passengers were asked to get off at Pasar Seni due to train fault and wait for replacement at KLCC.
Passengers shared delay slip and crowding evidence during rush hour
Rapid KL staff guided queue and temporary shuttle arrangement
Malaysia transport update 2024-11-19
There are 12 comments in total
author
reply
Show 1 replies
Say something",Passengers were asked to get off at Pasar Seni due to train fault and wait for replacement at KLCC Passengers shared delay slip and crowding evidence during rush hour Rapid KL staff guided queue and temporary shuttle arrangement Malaysia transport update 2024 11 19 There are 12 comments in total author reply Show 1 replies Say something,1,incident_train_fault,synthetic_mock
lrtkelanajaya线 - 小红书搜索 - Google Chrome,1175,mock_post_1175.png,lrtkelanajaya线 - 小红书搜索 - Google Chrome,2026-02-23T03:35:00,"Leisurely kitten
focus on
Service update says all lines are stable with no major delay this morning at Universiti.
People shared regular commute and station photos
No emergency notice was posted
Malaysia transport update 2025-12-06
There are 11 comments in total
author
reply
Show 3 replies
Say something",Service update says all lines are stable with no major delay this morning at Universiti People shared regular commute and station photos No emergency notice was posted Malaysia transport update 2025 12 06 There are 11 comments in total author reply Show 3 replies Say something,0,normal_update,synthetic_mock
🇲🇾LRT停运 注意了‼️ - 小红书 - Google Chrome,1176,mock_post_1176.png,🇲🇾LRT停运 注意了‼️ - 小红书 - Google Chrome,2026-02-23T03:36:00,"Xiaoxuan Talk Malaysia Official
focus on
Rapid KL announced temporary service disruption between KLCC and Gombak with shuttle support at Universiti.
Passengers shared delay slip and crowding evidence during rush hour
Rapid KL staff guided queue and temporary shuttle arrangement
Malaysia transport update 2025-02-01
There are 5 comments in total
author
reply
Show 2 replies
Say something",Rapid KL announced temporary service disruption between KLCC and Gombak with shuttle support at Universiti Passengers shared delay slip and crowding evidence during rush hour Rapid KL staff guided queue and temporary shuttle arrangement Malaysia transport update 2025 02 01 There are 5 comments in total author reply Show 2 replies Say something,1,incident_service_disruption,synthetic_mock
lrtkelanajaya故障 - 小红书搜索 - Google Chrome,1177,mock_post_1177.png,lrtkelanajaya故障 - 小红书搜索 - Google Chrome,2026-02-23T03:37:00,"Ootashi store
focus on
Normal operation resumed and train intervals are back to schedule at Putra Heights.
People shared regular commute and station photos
No emergency notice was posted
Malaysia transport update 2024-06-26
There are 12 comments in total
author
reply
Show 3 replies
Say something",Normal operation resumed and train intervals are back to schedule at Putra Heights People shared regular commute and station photos No emergency notice was posted Malaysia transport update 2024 06 26 There are 12 comments in total author reply Show 3 replies Say something,0,normal_operation,synthetic_mock
lrtkelanajaya故障 - 小红书搜索 - Google Chrome,1178,mock_post_1178.png,lrtkelanajaya故障 - 小红书搜索 - Google Chrome,2026-02-23T03:38:00,"Rapid commuter diary
focus on
Passengers were asked to get off at Pasar Seni due to train fault and wait for replacement at KL Sentral.
Passengers shared delay slip and crowding evidence during rush hour
Rapid KL staff guided queue and temporary shuttle arrangement
There are 3 comments in total
author
reply
Show 1 replies
Say something",Passengers were asked to get off at Pasar Seni due to train fault and wait for replacement at KL Sentral Passengers shared delay slip and crowding evidence during rush hour Rapid KL staff guided queue and temporary shuttle arrangement There are 3 comments in total author reply Show 1 replies Say something,1,incident_train_fault,synthetic_mock
lrtkelanajaya线 - 小红书搜索 - Google Chrome,1179,mock_post_1179.png,lrtkelanajaya线 - 小红书搜索 - Google Chrome,2026-02-23T03:39:00,"Ootashi store
focus on
Service update says all lines are stable with no major delay this morning at Universiti.
People shared regular commute and station photos
No emergency notice was posted
Malaysia transport update 2026-06-11
There are 14 comments in total
author
reply
Show 3 replies
Say something",Service update says all lines are stable with no major delay this morning at Universiti People shared regular commute and station photos No emergency notice was posted Malaysia transport update 2026 06 11 There are 14 comments in total author reply Show 3 replies Say something,0,normal_update,synthetic_mock
lrtkelanajaya线 - 小红书搜索 - Google Chrome,1180,mock_post_1180.png,lrtkelanajaya线 - 小红书搜索 - Google Chrome,2026-02-23T03:40:00,"Little Red Potato 66A1
focus on
LRT Kelana Jaya line had a signaling issue during peak hour and trains moved slowly at KL Sentral.
Passengers shared delay slip and crowding evidence during rush hour
Rapid KL staff guided queue and temporary shuttle arrangement
Malaysia transport update 2026-05-26
There are 5 comments in total
author
reply
Show 2 replies
Say something",LRT Kelana Jaya line had a signaling issue during peak hour and trains moved slowly at KL Sentral Passengers shared delay slip and crowding evidence during rush hour Rapid KL staff guided queue and temporary shuttle arrangement Malaysia transport update 2026 05 26 There are 5 comments in total author reply Show 2 replies Say something,1,incident_breakdown,synthetic_mock
lrt klcc - 小红书搜索 - Google Chrome,1181,mock_post_1181.png,lrt klcc - 小红书搜索 - Google Chrome,2026-02-23T03:41:00,"KL daily commuter
focus on
Normal operation resumed and train intervals are back to schedule at Gombak.
People shared regular commute and station photos
No emergency notice was posted
Malaysia transport update 2026-10-16
There are 7 comments in total
author
reply
Show 3 replies
Say something",Normal operation resumed and train intervals are back to schedule at Gombak People shared regular commute and station photos No emergency notice was posted Malaysia transport update 2026 10 16 There are 7 comments in total author reply Show 3 replies Say something,0,normal_operation,synthetic_mock
mrtkajang问题 - 小红书搜索 - Google Chrome,1182,mock_post_1182.png,mrtkajang问题 - 小红书搜索 - Google Chrome,2026-02-23T03:42:00,"Xiaoxuan Talk Malaysia Official
focus on
Power trip caused brief outage and service resumed after technicians completed repair at KL Sentral.
Passengers shared delay slip and crowding evidence during rush hour
Rapid KL staff guided queue and temporary shuttle arrangement
Malaysia transport update 2025-11-25
There are 17 comments in total
author
reply
Show 2 replies
Say something",Power trip caused brief outage and service resumed after technicians completed repair at KL Sentral Passengers shared delay slip and crowding evidence during rush hour Rapid KL staff guided queue and temporary shuttle arrangement Malaysia transport update 2025 11 25 There are 17 comments in total author reply Show 2 replies Say something,1,incident_power_outage,synthetic_mock
mrtkajang问题 - 小红书搜索 - Google Chrome,1183,mock_post_1183.png,mrtkajang问题 - 小红书搜索 - Google Chrome,2026-02-23T03:43:00,"Ootashi store
focus on
Routine travel post about route tips and fare sharing at Ampang Park.
People shared regular commute and station photos
No emergency notice was posted
Malaysia transport update 2025-09-23
There are 16 comments in total
author
reply
Show 3 replies
Say something",Routine travel post about route tips and fare sharing at Ampang Park People shared regular commute and station photos No emergency notice was posted Malaysia transport update 2025 09 23 There are 16 comments in total author reply Show 3 replies Say something,0,normal_travel_tip,synthetic_mock
lrtkelanajaya线 - 小红书搜索 - Google Chrome,1184,mock_post_1184.png,lrtkelanajaya线 - 小红书搜索 - Google Chrome,2026-02-23T03:44:00,"Little Red Potato 66A1
focus on
Power trip caused brief outage and service resumed after technicians completed repair at Gombak.
Passengers shared delay slip and crowding evidence during rush hour
Rapid KL staff guided queue and temporary shuttle arrangement
Malaysia transport update 2026-11-02
There are 7 comments in total
author
reply
Show 1 replies
Say something",Power trip caused brief outage and service resumed after technicians completed repair at Gombak Passengers shared delay slip and crowding evidence during rush hour Rapid KL staff guided queue and temporary shuttle arrangement Malaysia transport update 2026 11 02 There are 7 comments in total author reply Show 1 replies Say something,1,incident_power_outage,synthetic_mock
mrt - 小红书搜索 - Google Chrome,1185,mock_post_1185.png,mrt - 小红书搜索 - Google Chrome,2026-02-23T03:45:00,"Rapid commuter diary
focus on
No disruption observed and transfer between lines completed without waiting at Universiti.
People shared regular commute and station photos
No emergency notice was posted
Malaysia transport update 2025-07-19
There are 6 comments in total
author
reply
Show 2 replies
Say something",No disruption observed and transfer between lines completed without waiting at Universiti People shared regular commute and station photos No emergency notice was posted Malaysia transport update 2025 07 19 There are 6 comments in total author reply Show 2 replies Say something,0,normal_no_incident,synthetic_mock
地铁 马来西亚 - 小红书搜索 - Google Chrome,1186,mock_post_1186.png,地铁 马来西亚 - 小红书搜索 - Google Chrome,2026-02-23T03:46:00,"Ootashi store
focus on
Passengers were asked to get off at Pasar Seni due to train fault and wait for replacement at KLCC.
Passengers shared delay slip and crowding evidence during rush hour
Rapid KL staff guided queue and temporary shuttle arrangement
There are 10 comments in total
author
reply
Show 2 replies
Say something",Passengers were asked to get off at Pasar Seni due to train fault and wait for replacement at KLCC Passengers shared delay slip and crowding evidence during rush hour Rapid KL staff guided queue and temporary shuttle arrangement There are 10 comments in total author reply Show 2 replies Say something,1,incident_train_fault,synthetic_mock
mrtkajang问题 - 小红书搜索 - Google Chrome,1187,mock_post_1187.png,mrtkajang问题 - 小红书搜索 - Google Chrome,2026-02-23T03:47:00,"Little Red Potato 66A1
focus on
Commuting to work was smooth and station crowd level was manageable today at Universiti.
People shared regular commute and station photos
No emergency notice was posted
Malaysia transport update 2026-10-11
There are 14 comments in total
author
reply
Show 2 replies
Say something",Commuting to work was smooth and station crowd level was manageable today at Universiti People shared regular commute and station photos No emergency notice was posted Malaysia transport update 2026 10 11 There are 14 comments in total author reply Show 2 replies Say something,0,normal_commute,synthetic_mock
mrt kajang - 小红书搜索 - Google Chrome,1188,mock_post_1188.png,mrt kajang - 小红书搜索 - Google Chrome,2026-02-23T03:48:00,"Leisurely kitten
focus on
Power trip caused brief outage and service resumed after technicians completed repair at Wangsa Maju.
Passengers shared delay slip and crowding evidence during rush hour
Rapid KL staff guided queue and temporary shuttle arrangement
There are 11 comments in total
author
reply
Show 2 replies
Say something",Power trip caused brief outage and service resumed after technicians completed repair at Wangsa Maju Passengers shared delay slip and crowding evidence during rush hour Rapid KL staff guided queue and temporary shuttle arrangement There are 11 comments in total author reply Show 2 replies Say something,1,incident_power_outage,synthetic_mock
地铁 马来西亚 - 小红书搜索 - Google Chrome,1189,mock_post_1189.png,地铁 马来西亚 - 小红书搜索 - Google Chrome,2026-02-23T03:49:00,"Rapid commuter diary
focus on
Normal operation resumed and train intervals are back to schedule at Pasar Seni.
People shared regular commute and station photos
No emergency notice was posted
Malaysia transport update 2026-02-12
There are 3 comments in total
author
reply
Show 2 replies
Say something",Normal operation resumed and train intervals are back to schedule at Pasar Seni People shared regular commute and station photos No emergency notice was posted Malaysia transport update 2026 02 12 There are 3 comments in total author reply Show 2 replies Say something,0,normal_operation,synthetic_mock
mrt fault - 小红书搜索 - Google Chrome,1190,mock_post_1190.png,mrt fault - 小红书搜索 - Google Chrome,2026-02-23T03:50:00,"City transit watcher
focus on
Passengers were asked to get off at Pasar Seni due to train fault and wait for replacement at Masjid Jamek.
Passengers shared delay slip and crowding evidence during rush hour
Rapid KL staff guided queue and temporary shuttle arrangement
Malaysia transport update 2025-04-04
There are 4 comments in total
author
reply
Show 1 replies
Say something",Passengers were asked to get off at Pasar Seni due to train fault and wait for replacement at Masjid Jamek Passengers shared delay slip and crowding evidence during rush hour Rapid KL staff guided queue and temporary shuttle arrangement Malaysia transport update 2025 04 04 There are 4 comments in total author reply Show 1 replies Say something,1,incident_train_fault,synthetic_mock
🇲🇾LRT停运 注意了‼️ - 小红书 - Google Chrome,1191,mock_post_1191.png,🇲🇾LRT停运 注意了‼️ - 小红书 - Google Chrome,2026-02-23T03:51:00,"Ootashi store
focus on
Normal operation resumed and train intervals are back to schedule at Masjid Jamek.
People shared regular commute and station photos
No emergency notice was posted
Malaysia transport update 2026-06-09
There are 10 comments in total
author
reply
Show 3 replies
Say something",Normal operation resumed and train intervals are back to schedule at Masjid Jamek People shared regular commute and station photos No emergency notice was posted Malaysia transport update 2026 06 09 There are 10 comments in total author reply Show 3 replies Say something,0,normal_operation,synthetic_mock
地铁 马来西亚 - 小红书搜索 - Google Chrome,1192,mock_post_1192.png,地铁 马来西亚 - 小红书搜索 - Google Chrome,2026-02-23T03:52:00,"City transit watcher
focus on
Commuters reported long queue and train delay after track maintenance at Universiti station at Universiti.
Passengers shared delay slip and crowding evidence during rush hour
Rapid KL staff guided queue and temporary shuttle arrangement
There are 5 comments in total
author
reply
Show 3 replies
Say something",Commuters reported long queue and train delay after track maintenance at Universiti station at Universiti Passengers shared delay slip and crowding evidence during rush hour Rapid KL staff guided queue and temporary shuttle arrangement There are 5 comments in total author reply Show 3 replies Say something,1,incident_delay,synthetic_mock
🇲🇾LRT停运 注意了‼️ - 小红书 - Google Chrome,1193,mock_post_1193.png,🇲🇾LRT停运 注意了‼️ - 小红书 - Google Chrome,2026-02-23T03:53:00,"KL daily commuter
focus on
Commuting to work was smooth and station crowd level was manageable today at Kelana Jaya.
People shared regular commute and station photos
No emergency notice was posted
Malaysia transport update 2025-07-13
There are 1 comments in total
author
reply
Show 2 replies
Say something",Commuting to work was smooth and station crowd level was manageable today at Kelana Jaya People shared regular commute and station photos No emergency notice was posted Malaysia transport update 2025 07 13 There are 1 comments in total author reply Show 2 replies Say something,0,normal_commute,synthetic_mock
lrtkelanajaya线 - 小红书搜索 - Google Chrome,1194,mock_post_1194.png,lrtkelanajaya线 - 小红书搜索 - Google Chrome,2026-02-23T03:54:00,"KL daily commuter
focus on
Passengers were asked to get off at Pasar Seni due to train fault and wait for replacement at Pasar Seni.
Passengers shared delay slip and crowding evidence during rush hour
Rapid KL staff guided queue and temporary shuttle arrangement
Malaysia transport update 2024-12-24
There are 7 comments in total
author
reply
Show 2 replies
Say something",Passengers were asked to get off at Pasar Seni due to train fault and wait for replacement at Pasar Seni Passengers shared delay slip and crowding evidence during rush hour Rapid KL staff guided queue and temporary shuttle arrangement Malaysia transport update 2024 12 24 There are 7 comments in total author reply Show 2 replies Say something,1,incident_train_fault,synthetic_mock
mrtkajang问题 - 小红书搜索 - Google Chrome,1195,mock_post_1195.png,mrtkajang问题 - 小红书搜索 - Google Chrome,2026-02-23T03:55:00,"KL daily commuter
focus on
Routine travel post about route tips and fare sharing at KL Sentral.
People shared regular commute and station photos
No emergency notice was posted
There are 15 comments in total
author
reply
Show 3 replies
Say something",Routine travel post about route tips and fare sharing at KL Sentral People shared regular commute and station photos No emergency notice was posted There are 15 comments in total author reply Show 3 replies Say something,0,normal_travel_tip,synthetic_mock
mrt kajang - 小红书搜索 - Google Chrome,1196,mock_post_1196.png,mrt kajang - 小红书搜索 - Google Chrome,2026-02-23T03:56:00,"Leisurely kitten
focus on
Commuters reported long queue and train delay after track maintenance at Universiti station at KLCC.
Passengers shared delay slip and crowding evidence during rush hour
Rapid KL staff guided queue and temporary shuttle arrangement
There are 14 comments in total
author
reply
Show 3 replies
Say something",Commuters reported long queue and train delay after track maintenance at Universiti station at KLCC Passengers shared delay slip and crowding evidence during rush hour Rapid KL staff guided queue and temporary shuttle arrangement There are 14 comments in total author reply Show 3 replies Say something,1,incident_delay,synthetic_mock
lrtkelanajaya故障 - 小红书搜索 - Google Chrome,1197,mock_post_1197.png,lrtkelanajaya故障 - 小红书搜索 - Google Chrome,2026-02-23T03:57:00,"Rapid commuter diary
focus on
Service update says all lines are stable with no major delay this morning at Ampang Park.
People shared regular commute and station photos
No emergency notice was posted
There are 1 comments in total
author
reply
Show 2 replies
Say something",Service update says all lines are stable with no major delay this morning at Ampang Park People shared regular commute and station photos No emergency notice was posted There are 1 comments in total author reply Show 2 replies Say something,0,normal_update,synthetic_mock
🇲🇾LRT停运 注意了‼️ - 小红书 - Google Chrome,1198,mock_post_1198.png,🇲🇾LRT停运 注意了‼️ - 小红书 - Google Chrome,2026-02-23T03:58:00,"Leisurely kitten
focus on
Passengers were asked to get off at Pasar Seni due to train fault and wait for replacement at Pasar Seni.
Passengers shared delay slip and crowding evidence during rush hour
Rapid KL staff guided queue and temporary shuttle arrangement
There are 1 comments in total
author
reply
Show 2 replies
Say something",Passengers were asked to get off at Pasar Seni due to train fault and wait for replacement at Pasar Seni Passengers shared delay slip and crowding evidence during rush hour Rapid KL staff guided queue and temporary shuttle arrangement There are 1 comments in total author reply Show 2 replies Say something,1,incident_train_fault,synthetic_mock
mrt fault - 小红书搜索 - Google Chrome,1199,mock_post_1199.png,mrt fault - 小红书搜索 - Google Chrome,2026-02-23T03:59:00,"Ootashi store
focus on
Commuting to work was smooth and station crowd level was manageable today at Putra Heights.
People shared regular commute and station photos
No emergency notice was posted
Malaysia transport update 2026-07-25
There are 18 comments in total
author
reply
Show 2 replies
Say something",Commuting to work was smooth and station crowd level was manageable today at Putra Heights People shared regular commute and station photos No emergency notice was posted Malaysia transport update 2026 07 25 There are 18 comments in total author reply Show 2 replies Say something,0,normal_commute,synthetic_mock
mrt fault - 小红书搜索 - Google Chrome,1200,mock_post_1200.png,mrt fault - 小红书搜索 - Google Chrome,2026-02-23T04:00:00,"Little Red Potato 66A1
focus on
Passengers were asked to get off at Pasar Seni due to train fault and wait for replacement at Kelana Jaya.
Passengers shared delay slip and crowding evidence during rush hour
Rapid KL staff guided queue and temporary shuttle arrangement
There are 5 comments in total
author
reply
Show 1 replies
Say something",Passengers were asked to get off at Pasar Seni due to train fault and wait for replacement at Kelana Jaya Passengers shared delay slip and crowding evidence during rush hour Rapid KL staff guided queue and temporary shuttle arrangement There are 5 comments in total author reply Show 1 replies Say something,1,incident_train_fault,synthetic_mock
lrtkelanajaya线 - 小红书搜索 - Google Chrome,1201,mock_post_1201.png,lrtkelanajaya线 - 小红书搜索 - Google Chrome,2026-02-23T04:01:00,"Little Red Potato 66A1
focus on
Routine travel post about route tips and fare sharing at KL Sentral.
People shared regular commute and station photos
No emergency notice was posted
There are 13 comments in total
author
reply
Show 2 replies
Say something",Routine travel post about route tips and fare sharing at KL Sentral People shared regular commute and station photos No emergency notice was posted There are 13 comments in total author reply Show 2 replies Say something,0,normal_travel_tip,synthetic_mock
mrt - 小红书搜索 - Google Chrome,1202,mock_post_1202.png,mrt - 小红书搜索 - Google Chrome,2026-02-23T04:02:00,"Little Red Potato 66A1
focus on
Power trip caused brief outage and service resumed after technicians completed repair at KLCC.
Passengers shared delay slip and crowding evidence during rush hour
Rapid KL staff guided queue and temporary shuttle arrangement
Malaysia transport update 2025-02-11
There are 15 comments in total
author
reply
Show 3 replies
Say something",Power trip caused brief outage and service resumed after technicians completed repair at KLCC Passengers shared delay slip and crowding evidence during rush hour Rapid KL staff guided queue and temporary shuttle arrangement Malaysia transport update 2025 02 11 There are 15 comments in total author reply Show 3 replies Say something,1,incident_power_outage,synthetic_mock
🇲🇾LRT KelanajayaLine通告，列车降速 - 小红书 - Google Chrome,1203,mock_post_1203.png,🇲🇾LRT KelanajayaLine通告，列车降速 - 小红书 - Google Chrome,2026-02-23T04:03:00,"Xiaoxuan Talk Malaysia Official
focus on
Normal operation resumed and train intervals are back to schedule at Pasar Seni.
People shared regular commute and station photos
No emergency notice was posted
There are 6 comments in total
author
reply
Show 1 replies
Say something",Normal operation resumed and train intervals are back to schedule at Pasar Seni People shared regular commute and station photos No emergency notice was posted There are 6 comments in total author reply Show 1 replies Say something,0,normal_operation,synthetic_mock
🇲🇾LRT停运 注意了‼️ - 小红书 - Google Chrome,1204,mock_post_1204.png,🇲🇾LRT停运 注意了‼️ - 小红书 - Google Chrome,2026-02-23T04:04:00,"Ootashi store
focus on
Power trip caused brief outage and service resumed after technicians completed repair at Kelana Jaya.
Passengers shared delay slip and crowding evidence during rush hour
Rapid KL staff guided queue and temporary shuttle arrangement
Malaysia transport update 2025-05-07
There are 8 comments in total
author
reply
Show 2 replies
Say something",Power trip caused brief outage and service resumed after technicians completed repair at Kelana Jaya Passengers shared delay slip and crowding evidence during rush hour Rapid KL staff guided queue and temporary shuttle arrangement Malaysia transport update 2025 05 07 There are 8 comments in total author reply Show 2 replies Say something,1,incident_power_outage,synthetic_mock
mrt kajang - 小红书搜索 - Google Chrome,1205,mock_post_1205.png,mrt kajang - 小红书搜索 - Google Chrome,2026-02-23T04:05:00,"Rapid commuter diary
focus on
Routine travel post about route tips and fare sharing at KLCC.
People shared regular commute and station photos
No emergency notice was posted
Malaysia transport update 2026-01-06
There are 11 comments in total
author
reply
Show 2 replies
Say something",Routine travel post about route tips and fare sharing at KLCC People shared regular commute and station photos No emergency notice was posted Malaysia transport update 2026 01 06 There are 11 comments in total author reply Show 2 replies Say something,0,normal_travel_tip,synthetic_mock
lrtkelanajaya故障 - 小红书搜索 - Google Chrome,1206,mock_post_1206.png,lrtkelanajaya故障 - 小红书搜索 - Google Chrome,2026-02-23T04:06:00,"Ootashi store
focus on
Rapid KL announced temporary service disruption between KLCC and Gombak with shuttle support at KLCC.
Passengers shared delay slip and crowding evidence during rush hour
Rapid KL staff guided queue and temporary shuttle arrangement
Malaysia transport update 2025-12-03
There are 13 comments in total
author
reply
Show 1 replies
Say something",Rapid KL announced temporary service disruption between KLCC and Gombak with shuttle support at KLCC Passengers shared delay slip and crowding evidence during rush hour Rapid KL staff guided queue and temporary shuttle arrangement Malaysia transport update 2025 12 03 There are 13 comments in total author reply Show 1 replies Say something,1,incident_service_disruption,synthetic_mock
🇲🇾LRT KelanajayaLine通告，列车降速 - 小红书 - Google Chrome,1207,mock_post_1207.png,🇲🇾LRT KelanajayaLine通告，列车降速 - 小红书 - Google Chrome,2026-02-23T04:07:00,"Rapid commuter diary
focus on
Service update says all lines are stable with no major delay this morning at Gombak.
People shared regular commute and station photos
No emergency notice was posted
There are 16 comments in total
author
reply
Show 1 replies
Say something",Service update says all lines are stable with no major delay this morning at Gombak People shared regular commute and station photos No emergency notice was posted There are 16 comments in total author reply Show 1 replies Say something,0,normal_update,synthetic_mock
lrt is bad again - Xiaohongshu search - Google Chrome,1208,mock_post_1208.png,lrt is bad again - Xiaohongshu search - Google Chrome,2026-02-23T04:08:00,"Little Red Potato 66A1
focus on
Passengers were asked to get off at Pasar Seni due to train fault and wait for replacement at Gombak.
Passengers shared delay slip and crowding evidence during rush hour
Rapid KL staff guided queue and temporary shuttle arrangement
Malaysia transport update 2026-11-15
There are 9 comments in total
author
reply
Show 1 replies
Say something",Passengers were asked to get off at Pasar Seni due to train fault and wait for replacement at Gombak Passengers shared delay slip and crowding evidence during rush hour Rapid KL staff guided queue and temporary shuttle arrangement Malaysia transport update 2026 11 15 There are 9 comments in total author reply Show 1 replies Say something,1,incident_train_fault,synthetic_mock
mrt fault - 小红书搜索 - Google Chrome,1209,mock_post_1209.png,mrt fault - 小红书搜索 - Google Chrome,2026-02-23T04:09:00,"Xiaoxuan Talk Malaysia Official
focus on
Service update says all lines are stable with no major delay this morning at Ampang Park.
People shared regular commute and station photos
No emergency notice was posted
There are 8 comments in total
author
reply
Show 3 replies
Say something",Service update says all lines are stable with no major delay this morning at Ampang Park People shared regular commute and station photos No emergency notice was posted There are 8 comments in total author reply Show 3 replies Say something,0,normal_update,synthetic_mock
mrtkajang问题 - 小红书搜索 - Google Chrome,1210,mock_post_1210.png,mrtkajang问题 - 小红书搜索 - Google Chrome,2026-02-23T04:10:00,"Rapid commuter diary
focus on
Passengers were asked to get off at Pasar Seni due to train fault and wait for replacement at Ampang Park.
Passengers shared delay slip and crowding evidence during rush hour
Rapid KL staff guided queue and temporary shuttle arrangement
Malaysia transport update 2024-12-03
There are 10 comments in total
author
reply
Show 3 replies
Say something",Passengers were asked to get off at Pasar Seni due to train fault and wait for replacement at Ampang Park Passengers shared delay slip and crowding evidence during rush hour Rapid KL staff guided queue and temporary shuttle arrangement Malaysia transport update 2024 12 03 There are 10 comments in total author reply Show 3 replies Say something,1,incident_train_fault,synthetic_mock
lrtkelanajaya线 - 小红书搜索 - Google Chrome,1211,mock_post_1211.png,lrtkelanajaya线 - 小红书搜索 - Google Chrome,2026-02-23T04:11:00,"Rapid commuter diary
focus on
Commuting to work was smooth and station crowd level was manageable today at Gombak.
People shared regular commute and station photos
No emergency notice was posted
There are 6 comments in total
author
reply
Show 2 replies
Say something",Commuting to work was smooth and station crowd level was manageable today at Gombak People shared regular commute and station photos No emergency notice was posted There are 6 comments in total author reply Show 2 replies Say something,0,normal_commute,synthetic_mock
lrt is bad again - Xiaohongshu search - Google Chrome,1212,mock_post_1212.png,lrt is bad again - Xiaohongshu search - Google Chrome,2026-02-23T04:12:00,"City transit watcher
focus on
Rapid KL announced temporary service disruption between KLCC and Gombak with shuttle support at KL Sentral.
Passengers shared delay slip and crowding evidence during rush hour
Rapid KL staff guided queue and temporary shuttle arrangement
Malaysia transport update 2025-11-06
There are 4 comments in total
author
reply
Show 2 replies
Say something",Rapid KL announced temporary service disruption between KLCC and Gombak with shuttle support at KL Sentral Passengers shared delay slip and crowding evidence during rush hour Rapid KL staff guided queue and temporary shuttle arrangement Malaysia transport update 2025 11 06 There are 4 comments in total author reply Show 2 replies Say something,1,incident_service_disruption,synthetic_mock
🇲🇾LRT停运 注意了‼️ - 小红书 - Google Chrome,1213,mock_post_1213.png,🇲🇾LRT停运 注意了‼️ - 小红书 - Google Chrome,2026-02-23T04:13:00,"Leisurely kitten
focus on
Service update says all lines are stable with no major delay this morning at Pasar Seni.
People shared regular commute and station photos
No emergency notice was posted
There are 18 comments in total
author
reply
Show 2 replies
Say something",Service update says all lines are stable with no major delay this morning at Pasar Seni People shared regular commute and station photos No emergency notice was posted There are 18 comments in total author reply Show 2 replies Say something,0,normal_update,synthetic_mock
地铁 马来西亚 - 小红书搜索 - Google Chrome,1214,mock_post_1214.png,地铁 马来西亚 - 小红书搜索 - Google Chrome,2026-02-23T04:14:00,"Rapid commuter diary
focus on
LRT Kelana Jaya line had a signaling issue during peak hour and trains moved slowly at Universiti.
Passengers shared delay slip and crowding evidence during rush hour
Rapid KL staff guided queue and temporary shuttle arrangement
Malaysia transport update 2026-02-12
There are 3 comments in total
author
reply
Show 1 replies
Say something",LRT Kelana Jaya line had a signaling issue during peak hour and trains moved slowly at Universiti Passengers shared delay slip and crowding evidence during rush hour Rapid KL staff guided queue and temporary shuttle arrangement Malaysia transport update 2026 02 12 There are 3 comments in total author reply Show 1 replies Say something,1,incident_breakdown,synthetic_mock
lrt klcc - 小红书搜索 - Google Chrome,1215,mock_post_1215.png,lrt klcc - 小红书搜索 - Google Chrome,2026-02-23T04:15:00,"Rapid commuter diary
focus on
Commuting to work was smooth and station crowd level was manageable today at Wangsa Maju.
People shared regular commute and station photos
No emergency notice was posted
Malaysia transport update 2024-09-02
There are 15 comments in total
author
reply
Show 1 replies
Say something",Commuting to work was smooth and station crowd level was manageable today at Wangsa Maju People shared regular commute and station photos No emergency notice was posted Malaysia transport update 2024 09 02 There are 15 comments in total author reply Show 1 replies Say something,0,normal_commute,synthetic_mock
mrt - 小红书搜索 - Google Chrome,1216,mock_post_1216.png,mrt - 小红书搜索 - Google Chrome,2026-02-23T04:16:00,"Rapid commuter diary
focus on
Kelana Jaya line maintenance phase affected frequency and caused crowding at stations at Ampang Park.
Passengers shared delay slip and crowding evidence during rush hour
Rapid KL staff guided queue and temporary shuttle arrangement
Malaysia transport update 2025-04-13
There are 2 comments in total
author
reply
Show 1 replies
Say something",Kelana Jaya line maintenance phase affected frequency and caused crowding at stations at Ampang Park Passengers shared delay slip and crowding evidence during rush hour Rapid KL staff guided queue and temporary shuttle arrangement Malaysia transport update 2025 04 13 There are 2 comments in total author reply Show 1 replies Say something,1,incident_maintenance_impact,synthetic_mock
mrtkajang问题 - 小红书搜索 - Google Chrome,1217,mock_post_1217.png,mrtkajang问题 - 小红书搜索 - Google Chrome,2026-02-23T04:17:00,"Leisurely kitten
focus on
Normal operation resumed and train intervals are back to schedule at Pasar Seni.
People shared regular commute and station photos
No emergency notice was posted
There are 15 comments in total
author
reply
Show 2 replies
Say something",Normal operation resumed and train intervals are back to schedule at Pasar Seni People shared regular commute and station photos No emergency notice was posted There are 15 comments in total author reply Show 2 replies Say something,0,normal_operation,synthetic_mock
mrtkajang问题 - 小红书搜索 - Google Chrome,1218,mock_post_1218.png,mrtkajang问题 - 小红书搜索 - Google Chrome,2026-02-23T04:18:00,"Little Red Potato 66A1
focus on
LRT Kelana Jaya line had a signaling issue during peak hour and trains moved slowly at KLCC.
Passengers shared delay slip and crowding evidence during rush hour
Rapid KL staff guided queue and temporary shuttle arrangement
There are 15 comments in total
author
reply
Show 1 replies
Say something",LRT Kelana Jaya line had a signaling issue during peak hour and trains moved slowly at KLCC Passengers shared delay slip and crowding evidence during rush hour Rapid KL staff guided queue and temporary shuttle arrangement There are 15 comments in total author reply Show 1 replies Say something,1,incident_breakdown,synthetic_mock
mrt - 小红书搜索 - Google Chrome,1219,mock_post_1219.png,mrt - 小红书搜索 - Google Chrome,2026-02-23T04:19:00,"Ootashi store
focus on
Commuting to work was smooth and station crowd level was manageable today at Pasar Seni.
People shared regular commute and station photos
No emergency notice was posted
There are 4 comments in total
author
reply
Show 1 replies
Say something",Commuting to work was smooth and station crowd level was manageable today at Pasar Seni People shared regular commute and station photos No emergency notice was posted There are 4 comments in total author reply Show 1 replies Say something,0,normal_commute,synthetic_mock
mrt - 小红书搜索 - Google Chrome,1220,mock_post_1220.png,mrt - 小红书搜索 - Google Chrome,2026-02-23T04:20:00,"City transit watcher
focus on
LRT Kelana Jaya line had a signaling issue during peak hour and trains moved slowly at Masjid Jamek.
Passengers shared delay slip and crowding evidence during rush hour
Rapid KL staff guided queue and temporary shuttle arrangement
Malaysia transport update 2024-11-25
There are 1 comments in total
author
reply
Show 3 replies
Say something",LRT Kelana Jaya line had a signaling issue during peak hour and trains moved slowly at Masjid Jamek Passengers shared delay slip and crowding evidence during rush hour Rapid KL staff guided queue and temporary shuttle arrangement Malaysia transport update 2024 11 25 There are 1 comments in total author reply Show 3 replies Say something,1,incident_breakdown,synthetic_mock
mrtkajang问题 - 小红书搜索 - Google Chrome,1221,mock_post_1221.png,mrtkajang问题 - 小红书搜索 - Google Chrome,2026-02-23T04:21:00,"Leisurely kitten
focus on
Service update says all lines are stable with no major delay this morning at Ampang Park.
People shared regular commute and station photos
No emergency notice was posted
Malaysia transport update 2026-01-22
There are 18 comments in total
author
reply
Show 1 replies
Say something",Service update says all lines are stable with no major delay this morning at Ampang Park People shared regular commute and station photos No emergency notice was posted Malaysia transport update 2026 01 22 There are 18 comments in total author reply Show 1 replies Say something,0,normal_update,synthetic_mock
🇲🇾LRT停运 注意了‼️ - 小红书 - Google Chrome,1222,mock_post_1222.png,🇲🇾LRT停运 注意了‼️ - 小红书 - Google Chrome,2026-02-23T04:22:00,"KL daily commuter
focus on
Kelana Jaya line maintenance phase affected frequency and caused crowding at stations at Kelana Jaya.
Passengers shared delay slip and crowding evidence during rush hour
Rapid KL staff guided queue and temporary shuttle arrangement
There are 17 comments in total
author
reply
Show 3 replies
Say something",Kelana Jaya line maintenance phase affected frequency and caused crowding at stations at Kelana Jaya Passengers shared delay slip and crowding evidence during rush hour Rapid KL staff guided queue and temporary shuttle arrangement There are 17 comments in total author reply Show 3 replies Say something,1,incident_maintenance_impact,synthetic_mock
🇲🇾LRT KelanajayaLine通告，列车降速 - 小红书 - Google Chrome,1223,mock_post_1223.png,🇲🇾LRT KelanajayaLine通告，列车降速 - 小红书 - Google Chrome,2026-02-23T04:23:00,"Rapid commuter diary
focus on
General city transport post not related to outage or malfunction at KLCC.
People shared regular commute and station photos
No emergency notice was posted
There are 15 comments in total
author
reply
Show 1 replies
Say something",General city transport post not related to outage or malfunction at KLCC People shared regular commute and station photos No emergency notice was posted There are 15 comments in total author reply Show 1 replies Say something,0,normal_general,synthetic_mock
lrt klcc - 小红书搜索 - Google Chrome,1224,mock_post_1224.png,lrt klcc - 小红书搜索 - Google Chrome,2026-02-23T04:24:00,"KL daily commuter
focus on
LRT Kelana Jaya line had a signaling issue during peak hour and trains moved slowly at Kelana Jaya.
Passengers shared delay slip and crowding evidence during rush hour
Rapid KL staff guided queue and temporary shuttle arrangement
Malaysia transport update 2024-04-12
There are 8 comments in total
author
reply
Show 1 replies
Say something",LRT Kelana Jaya line had a signaling issue during peak hour and trains moved slowly at Kelana Jaya Passengers shared delay slip and crowding evidence during rush hour Rapid KL staff guided queue and temporary shuttle arrangement Malaysia transport update 2024 04 12 There are 8 comments in total author reply Show 1 replies Say something,1,incident_breakdown,synthetic_mock
🇲🇾LRT停运 注意了‼️ - 小红书 - Google Chrome,1225,mock_post_1225.png,🇲🇾LRT停运 注意了‼️ - 小红书 - Google Chrome,2026-02-23T04:25:00,"Xiaoxuan Talk Malaysia Official
focus on
Normal operation resumed and train intervals are back to schedule at Wangsa Maju.
People shared regular commute and station photos
No emergency notice was posted
There are 11 comments in total
author
reply
Show 1 replies
Say something",Normal operation resumed and train intervals are back to schedule at Wangsa Maju People shared regular commute and station photos No emergency notice was posted There are 11 comments in total author reply Show 1 replies Say something,0,normal_operation,synthetic_mock
lrtkelanajaya故障 - 小红书搜索 - Google Chrome,1226,mock_post_1226.png,lrtkelanajaya故障 - 小红书搜索 - Google Chrome,2026-02-23T04:26:00,"Ootashi store
focus on
Kelana Jaya line maintenance phase affected frequency and caused crowding at stations at KLCC.
Passengers shared delay slip and crowding evidence during rush hour
Rapid KL staff guided queue and temporary shuttle arrangement
There are 4 comments in total
author
reply
Show 3 replies
Say something",Kelana Jaya line maintenance phase affected frequency and caused crowding at stations at KLCC Passengers shared delay slip and crowding evidence during rush hour Rapid KL staff guided queue and temporary shuttle arrangement There are 4 comments in total author reply Show 3 replies Say something,1,incident_maintenance_impact,synthetic_mock
lrtkelanajaya线 - 小红书搜索 - Google Chrome,1227,mock_post_1227.png,lrtkelanajaya线 - 小红书搜索 - Google Chrome,2026-02-23T04:27:00,"Xiaoxuan Talk Malaysia Official
focus on
General city transport post not related to outage or malfunction at Pasar Seni.
People shared regular commute and station photos
No emergency notice was posted
Malaysia transport update 2024-06-11
There are 18 comments in total
author
reply
Show 3 replies
Say something",General city transport post not related to outage or malfunction at Pasar Seni People shared regular commute and station photos No emergency notice was posted Malaysia transport update 2024 06 11 There are 18 comments in total author reply Show 3 replies Say something,0,normal_general,synthetic_mock
mrt fault - 小红书搜索 - Google Chrome,1228,mock_post_1228.png,mrt fault - 小红书搜索 - Google Chrome,2026-02-23T04:28:00,"Little Red Potato 66A1
focus on
Passengers were asked to get off at Pasar Seni due to train fault and wait for replacement at Universiti.
Passengers shared delay slip and crowding evidence during rush hour
Rapid KL staff guided queue and temporary shuttle arrangement
Malaysia transport update 2025-02-08
There are 7 comments in total
author
reply
Show 1 replies
Say something",Passengers were asked to get off at Pasar Seni due to train fault and wait for replacement at Universiti Passengers shared delay slip and crowding evidence during rush hour Rapid KL staff guided queue and temporary shuttle arrangement Malaysia transport update 2025 02 08 There are 7 comments in total author reply Show 1 replies Say something,1,incident_train_fault,synthetic_mock
lrtkelanajaya线 - 小红书搜索 - Google Chrome,1229,mock_post_1229.png,lrtkelanajaya线 - 小红书搜索 - Google Chrome,2026-02-23T04:29:00,"Xiaoxuan Talk Malaysia Official
focus on
Commuting to work was smooth and station crowd level was manageable today at Pasar Seni.
People shared regular commute and station photos
No emergency notice was posted
Malaysia transport update 2025-01-13
There are 7 comments in total
author
reply
Show 2 replies
Say something",Commuting to work was smooth and station crowd level was manageable today at Pasar Seni People shared regular commute and station photos No emergency notice was posted Malaysia transport update 2025 01 13 There are 7 comments in total author reply Show 2 replies Say something,0,normal_commute,synthetic_mock
lrtkelanajaya线 - 小红书搜索 - Google Chrome,1230,mock_post_1230.png,lrtkelanajaya线 - 小红书搜索 - Google Chrome,2026-02-23T04:30:00,"City transit watcher
focus on
LRT Kelana Jaya line had a signaling issue during peak hour and trains moved slowly at Gombak.
Passengers shared delay slip and crowding evidence during rush hour
Rapid KL staff guided queue and temporary shuttle arrangement
There are 2 comments in total
author
reply
Show 1 replies
Say something",LRT Kelana Jaya line had a signaling issue during peak hour and trains moved slowly at Gombak Passengers shared delay slip and crowding evidence during rush hour Rapid KL staff guided queue and temporary shuttle arrangement There are 2 comments in total author reply Show 1 replies Say something,1,incident_breakdown,synthetic_mock
地铁 马来西亚 - 小红书搜索 - Google Chrome,1231,mock_post_1231.png,地铁 马来西亚 - 小红书搜索 - Google Chrome,2026-02-23T04:31:00,"KL daily commuter
focus on
No disruption observed and transfer between lines completed without waiting at Gombak.
People shared regular commute and station photos
No emergency notice was posted
There are 4 comments in total
author
reply
Show 3 replies
Say something",No disruption observed and transfer between lines completed without waiting at Gombak People shared regular commute and station photos No emergency notice was posted There are 4 comments in total author reply Show 3 replies Say something,0,normal_no_incident,synthetic_mock
mrt kajang - 小红书搜索 - Google Chrome,1232,mock_post_1232.png,mrt kajang - 小红书搜索 - Google Chrome,2026-02-23T04:32:00,"Leisurely kitten
focus on
Passengers were asked to get off at Pasar Seni due to train fault and wait for replacement at Pasar Seni.
Passengers shared delay slip and crowding evidence during rush hour
Rapid KL staff guided queue and temporary shuttle arrangement
There are 11 comments in total
author
reply
Show 3 replies
Say something",Passengers were asked to get off at Pasar Seni due to train fault and wait for replacement at Pasar Seni Passengers shared delay slip and crowding evidence during rush hour Rapid KL staff guided queue and temporary shuttle arrangement There are 11 comments in total author reply Show 3 replies Say something,1,incident_train_fault,synthetic_mock
mrt fault - 小红书搜索 - Google Chrome,1233,mock_post_1233.png,mrt fault - 小红书搜索 - Google Chrome,2026-02-23T04:33:00,"Leisurely kitten
focus on
General city transport post not related to outage or malfunction at Pasar Seni.
People shared regular commute and station photos
No emergency notice was posted
Malaysia transport update 2026-06-28
There are 16 comments in total
author
reply
Show 1 replies
Say something",General city transport post not related to outage or malfunction at Pasar Seni People shared regular commute and station photos No emergency notice was posted Malaysia transport update 2026 06 28 There are 16 comments in total author reply Show 1 replies Say something,0,normal_general,synthetic_mock
🇲🇾LRT KelanajayaLine通告，列车降速 - 小红书 - Google Chrome,1234,mock_post_1234.png,🇲🇾LRT KelanajayaLine通告，列车降速 - 小红书 - Google Chrome,2026-02-23T04:34:00,"Little Red Potato 66A1
focus on
LRT Kelana Jaya line had a signaling issue during peak hour and trains moved slowly at KL Sentral.
Passengers shared delay slip and crowding evidence during rush hour
Rapid KL staff guided queue and temporary shuttle arrangement
Malaysia transport update 2026-11-24
There are 8 comments in total
author
reply
Show 3 replies
Say something",LRT Kelana Jaya line had a signaling issue during peak hour and trains moved slowly at KL Sentral Passengers shared delay slip and crowding evidence during rush hour Rapid KL staff guided queue and temporary shuttle arrangement Malaysia transport update 2026 11 24 There are 8 comments in total author reply Show 3 replies Say something,1,incident_breakdown,synthetic_mock
🇲🇾LRT KelanajayaLine通告，列车降速 - 小红书 - Google Chrome,1235,mock_post_1235.png,🇲🇾LRT KelanajayaLine通告，列车降速 - 小红书 - Google Chrome,2026-02-23T04:35:00,"Ootashi store
focus on
General city transport post not related to outage or malfunction at Kelana Jaya.
People shared regular commute and station photos
No emergency notice was posted
Malaysia transport update 2024-05-08
There are 14 comments in total
author
reply
Show 1 replies
Say something",General city transport post not related to outage or malfunction at Kelana Jaya People shared regular commute and station photos No emergency notice was posted Malaysia transport update 2024 05 08 There are 14 comments in total author reply Show 1 replies Say something,0,normal_general,synthetic_mock
🇲🇾LRT停运 注意了‼️ - 小红书 - Google Chrome,1236,mock_post_1236.png,🇲🇾LRT停运 注意了‼️ - 小红书 - Google Chrome,2026-02-23T04:36:00,"Ootashi store
focus on
LRT Kelana Jaya line had a signaling issue during peak hour and trains moved slowly at Kelana Jaya.
Passengers shared delay slip and crowding evidence during rush hour
Rapid KL staff guided queue and temporary shuttle arrangement
Malaysia transport update 2025-04-05
There are 13 comments in total
author
reply
Show 1 replies
Say something",LRT Kelana Jaya line had a signaling issue during peak hour and trains moved slowly at Kelana Jaya Passengers shared delay slip and crowding evidence during rush hour Rapid KL staff guided queue and temporary shuttle arrangement Malaysia transport update 2025 04 05 There are 13 comments in total author reply Show 1 replies Say something,1,incident_breakdown,synthetic_mock
mrt fault - 小红书搜索 - Google Chrome,1237,mock_post_1237.png,mrt fault - 小红书搜索 - Google Chrome,2026-02-23T04:37:00,"City transit watcher
focus on
Normal operation resumed and train intervals are back to schedule at Universiti.
People shared regular commute and station photos
No emergency notice was posted
There are 15 comments in total
author
reply
Show 3 replies
Say something",Normal operation resumed and train intervals are back to schedule at Universiti People shared regular commute and station photos No emergency notice was posted There are 15 comments in total author reply Show 3 replies Say something,0,normal_operation,synthetic_mock
mrt kajang - 小红书搜索 - Google Chrome,1238,mock_post_1238.png,mrt kajang - 小红书搜索 - Google Chrome,2026-02-23T04:38:00,"Leisurely kitten
focus on
Rapid KL announced temporary service disruption between KLCC and Gombak with shuttle support at Gombak.
Passengers shared delay slip and crowding evidence during rush hour
Rapid KL staff guided queue and temporary shuttle arrangement
There are 2 comments in total
author
reply
Show 3 replies
Say something",Rapid KL announced temporary service disruption between KLCC and Gombak with shuttle support at Gombak Passengers shared delay slip and crowding evidence during rush hour Rapid KL staff guided queue and temporary shuttle arrangement There are 2 comments in total author reply Show 3 replies Say something,1,incident_service_disruption,synthetic_mock
地铁 马来西亚 - 小红书搜索 - Google Chrome,1239,mock_post_1239.png,地铁 马来西亚 - 小红书搜索 - Google Chrome,2026-02-23T04:39:00,"KL daily commuter
focus on
General city transport post not related to outage or malfunction at Gombak.
People shared regular commute and station photos
No emergency notice was posted
Malaysia transport update 2026-06-11
There are 8 comments in total
author
reply
Show 1 replies
Say something",General city transport post not related to outage or malfunction at Gombak People shared regular commute and station photos No emergency notice was posted Malaysia transport update 2026 06 11 There are 8 comments in total author reply Show 1 replies Say something,0,normal_general,synthetic_mock
mrt kajang - 小红书搜索 - Google Chrome,1240,mock_post_1240.png,mrt kajang - 小红书搜索 - Google Chrome,2026-02-23T04:40:00,"KL daily commuter
focus on
LRT Kelana Jaya line had a signaling issue during peak hour and trains moved slowly at Universiti.
Passengers shared delay slip and crowding evidence during rush hour
Rapid KL staff guided queue and temporary shuttle arrangement
There are 8 comments in total
author
reply
Show 3 replies
Say something",LRT Kelana Jaya line had a signaling issue during peak hour and trains moved slowly at Universiti Passengers shared delay slip and crowding evidence during rush hour Rapid KL staff guided queue and temporary shuttle arrangement There are 8 comments in total author reply Show 3 replies Say something,1,incident_breakdown,synthetic_mock
lrtkelanajaya线 - 小红书搜索 - Google Chrome,1241,mock_post_1241.png,lrtkelanajaya线 - 小红书搜索 - Google Chrome,2026-02-23T04:41:00,"Ootashi store
focus on
Routine travel post about route tips and fare sharing at Putra Heights.
People shared regular commute and station photos
No emergency notice was posted
Malaysia transport update 2024-02-28
There are 16 comments in total
author
reply
Show 1 replies
Say something",Routine travel post about route tips and fare sharing at Putra Heights People shared regular commute and station photos No emergency notice was posted Malaysia transport update 2024 02 28 There are 16 comments in total author reply Show 1 replies Say something,0,normal_travel_tip,synthetic_mock
地铁 马来西亚 - 小红书搜索 - Google Chrome,1242,mock_post_1242.png,地铁 马来西亚 - 小红书搜索 - Google Chrome,2026-02-23T04:42:00,"Ootashi store
focus on
LRT Kelana Jaya line had a signaling issue during peak hour and trains moved slowly at Pasar Seni.
Passengers shared delay slip and crowding evidence during rush hour
Rapid KL staff guided queue and temporary shuttle arrangement
Malaysia transport update 2024-10-18
There are 7 comments in total
author
reply
Show 1 replies
Say something",LRT Kelana Jaya line had a signaling issue during peak hour and trains moved slowly at Pasar Seni Passengers shared delay slip and crowding evidence during rush hour Rapid KL staff guided queue and temporary shuttle arrangement Malaysia transport update 2024 10 18 There are 7 comments in total author reply Show 1 replies Say something,1,incident_breakdown,synthetic_mock
lrtkelanajaya故障 - 小红书搜索 - Google Chrome,1243,mock_post_1243.png,lrtkelanajaya故障 - 小红书搜索 - Google Chrome,2026-02-23T04:43:00,"City transit watcher
focus on
Normal operation resumed and train intervals are back to schedule at Wangsa Maju.
People shared regular commute and station photos
No emergency notice was posted
Malaysia transport update 2024-12-07
There are 8 comments in total
author
reply
Show 2 replies
Say something",Normal operation resumed and train intervals are back to schedule at Wangsa Maju People shared regular commute and station photos No emergency notice was posted Malaysia transport update 2024 12 07 There are 8 comments in total author reply Show 2 replies Say something,0,normal_operation,synthetic_mock
lrt klcc - 小红书搜索 - Google Chrome,1244,mock_post_1244.png,lrt klcc - 小红书搜索 - Google Chrome,2026-02-23T04:44:00,"Leisurely kitten
focus on
Passengers were asked to get off at Pasar Seni due to train fault and wait for replacement at Universiti.
Passengers shared delay slip and crowding evidence during rush hour
Rapid KL staff guided queue and temporary shuttle arrangement
Malaysia transport update 2025-11-07
There are 9 comments in total
author
reply
Show 2 replies
Say something",Passengers were asked to get off at Pasar Seni due to train fault and wait for replacement at Universiti Passengers shared delay slip and crowding evidence during rush hour Rapid KL staff guided queue and temporary shuttle arrangement Malaysia transport update 2025 11 07 There are 9 comments in total author reply Show 2 replies Say something,1,incident_train_fault,synthetic_mock
mrtkajang问题 - 小红书搜索 - Google Chrome,1245,mock_post_1245.png,mrtkajang问题 - 小红书搜索 - Google Chrome,2026-02-23T04:45:00,"Rapid commuter diary
focus on
Commuting to work was smooth and station crowd level was manageable today at Wangsa Maju.
People shared regular commute and station photos
No emergency notice was posted
Malaysia transport update 2025-07-17
There are 14 comments in total
author
reply
Show 1 replies
Say something",Commuting to work was smooth and station crowd level was manageable today at Wangsa Maju People shared regular commute and station photos No emergency notice was posted Malaysia transport update 2025 07 17 There are 14 comments in total author reply Show 1 replies Say something,0,normal_commute,synthetic_mock
地铁 马来西亚 - 小红书搜索 - Google Chrome,1246,mock_post_1246.png,地铁 马来西亚 - 小红书搜索 - Google Chrome,2026-02-23T04:46:00,"Rapid commuter diary
focus on
LRT Kelana Jaya line had a signaling issue during peak hour and trains moved slowly at Wangsa Maju.
Passengers shared delay slip and crowding evidence during rush hour
Rapid KL staff guided queue and temporary shuttle arrangement
There are 10 comments in total
author
reply
Show 3 replies
Say something",LRT Kelana Jaya line had a signaling issue during peak hour and trains moved slowly at Wangsa Maju Passengers shared delay slip and crowding evidence during rush hour Rapid KL staff guided queue and temporary shuttle arrangement There are 10 comments in total author reply Show 3 replies Say something,1,incident_breakdown,synthetic_mock
mrt kajang - 小红书搜索 - Google Chrome,1247,mock_post_1247.png,mrt kajang - 小红书搜索 - Google Chrome,2026-02-23T04:47:00,"City transit watcher
focus on
Service update says all lines are stable with no major delay this morning at Masjid Jamek.
People shared regular commute and station photos
No emergency notice was posted
Malaysia transport update 2025-08-10
There are 15 comments in total
author
reply
Show 2 replies
Say something",Service update says all lines are stable with no major delay this morning at Masjid Jamek People shared regular commute and station photos No emergency notice was posted Malaysia transport update 2025 08 10 There are 15 comments in total author reply Show 2 replies Say something,0,normal_update,synthetic_mock
lrtkelanajaya线 - 小红书搜索 - Google Chrome,1248,mock_post_1248.png,lrtkelanajaya线 - 小红书搜索 - Google Chrome,2026-02-23T04:48:00,"Rapid commuter diary
focus on
Passengers were asked to get off at Pasar Seni due to train fault and wait for replacement at KL Sentral.
Passengers shared delay slip and crowding evidence during rush hour
Rapid KL staff guided queue and temporary shuttle arrangement
Malaysia transport update 2024-12-16
There are 7 comments in total
author
reply
Show 1 replies
Say something",Passengers were asked to get off at Pasar Seni due to train fault and wait for replacement at KL Sentral Passengers shared delay slip and crowding evidence during rush hour Rapid KL staff guided queue and temporary shuttle arrangement Malaysia transport update 2024 12 16 There are 7 comments in total author reply Show 1 replies Say something,1,incident_train_fault,synthetic_mock
mrt kajang - 小红书搜索 - Google Chrome,1249,mock_post_1249.png,mrt kajang - 小红书搜索 - Google Chrome,2026-02-23T04:49:00,"KL daily commuter
focus on
Normal operation resumed and train intervals are back to schedule at Kelana Jaya.
People shared regular commute and station photos
No emergency notice was posted
Malaysia transport update 2026-06-16
There are 13 comments in total
author
reply
Show 2 replies
Say something",Normal operation resumed and train intervals are back to schedule at Kelana Jaya People shared regular commute and station photos No emergency notice was posted Malaysia transport update 2026 06 16 There are 13 comments in total author reply Show 2 replies Say something,0,normal_operation,synthetic_mock
lrt klcc - 小红书搜索 - Google Chrome,1250,mock_post_1250.png,lrt klcc - 小红书搜索 - Google Chrome,2026-02-23T04:50:00,"Rapid commuter diary
focus on
Kelana Jaya line maintenance phase affected frequency and caused crowding at stations at Putra Heights.
Passengers shared delay slip and crowding evidence during rush hour
Rapid KL staff guided queue and temporary shuttle arrangement
Malaysia transport update 2026-10-03
There are 14 comments in total
author
reply
Show 1 replies
Say something",Kelana Jaya line maintenance phase affected frequency and caused crowding at stations at Putra Heights Passengers shared delay slip and crowding evidence during rush hour Rapid KL staff guided queue and temporary shuttle arrangement Malaysia transport update 2026 10 03 There are 14 comments in total author reply Show 1 replies Say something,1,incident_maintenance_impact,synthetic_mock
mrtkajang问题 - 小红书搜索 - Google Chrome,1251,mock_post_1251.png,mrtkajang问题 - 小红书搜索 - Google Chrome,2026-02-23T04:51:00,"Ootashi store
focus on
No disruption observed and transfer between lines completed without waiting at KL Sentral.
People shared regular commute and station photos
No emergency notice was posted
Malaysia transport update 2025-05-25
There are 12 comments in total
author
reply
Show 3 replies
Say something",No disruption observed and transfer between lines completed without waiting at KL Sentral People shared regular commute and station photos No emergency notice was posted Malaysia transport update 2025 05 25 There are 12 comments in total author reply Show 3 replies Say something,0,normal_no_incident,synthetic_mock
mrtkajang问题 - 小红书搜索 - Google Chrome,1252,mock_post_1252.png,mrtkajang问题 - 小红书搜索 - Google Chrome,2026-02-23T04:52:00,"City transit watcher
focus on
Kelana Jaya line maintenance phase affected frequency and caused crowding at stations at Putra Heights.
Passengers shared delay slip and crowding evidence during rush hour
Rapid KL staff guided queue and temporary shuttle arrangement
Malaysia transport update 2025-07-24
There are 8 comments in total
author
reply
Show 1 replies
Say something",Kelana Jaya line maintenance phase affected frequency and caused crowding at stations at Putra Heights Passengers shared delay slip and crowding evidence during rush hour Rapid KL staff guided queue and temporary shuttle arrangement Malaysia transport update 2025 07 24 There are 8 comments in total author reply Show 1 replies Say something,1,incident_maintenance_impact,synthetic_mock
🇲🇾LRT停运 注意了‼️ - 小红书 - Google Chrome,1253,mock_post_1253.png,🇲🇾LRT停运 注意了‼️ - 小红书 - Google Chrome,2026-02-23T04:53:00,"City transit watcher
focus on
Normal operation resumed and train intervals are back to schedule at Putra Heights.
People shared regular commute and station photos
No emergency notice was posted
There are 1 comments in total
author
reply
Show 3 replies
Say something",Normal operation resumed and train intervals are back to schedule at Putra Heights People shared regular commute and station photos No emergency notice was posted There are 1 comments in total author reply Show 3 replies Say something,0,normal_operation,synthetic_mock
lrtkelanajaya线 - 小红书搜索 - Google Chrome,1254,mock_post_1254.png,lrtkelanajaya线 - 小红书搜索 - Google Chrome,2026-02-23T04:54:00,"Leisurely kitten
focus on
Kelana Jaya line maintenance phase affected frequency and caused crowding at stations at Pasar Seni.
Passengers shared delay slip and crowding evidence during rush hour
Rapid KL staff guided queue and temporary shuttle arrangement
There are 5 comments in total
author
reply
Show 2 replies
Say something",Kelana Jaya line maintenance phase affected frequency and caused crowding at stations at Pasar Seni Passengers shared delay slip and crowding evidence during rush hour Rapid KL staff guided queue and temporary shuttle arrangement There are 5 comments in total author reply Show 2 replies Say something,1,incident_maintenance_impact,synthetic_mock
lrt klcc - 小红书搜索 - Google Chrome,1255,mock_post_1255.png,lrt klcc - 小红书搜索 - Google Chrome,2026-02-23T04:55:00,"City transit watcher
focus on
Routine travel post about route tips and fare sharing at KL Sentral.
People shared regular commute and station photos
No emergency notice was posted
There are 1 comments in total
author
reply
Show 1 replies
Say something",Routine travel post about route tips and fare sharing at KL Sentral People shared regular commute and station photos No emergency notice was posted There are 1 comments in total author reply Show 1 replies Say something,0,normal_travel_tip,synthetic_mock
lrtkelanajaya线 - 小红书搜索 - Google Chrome,1256,mock_post_1256.png,lrtkelanajaya线 - 小红书搜索 - Google Chrome,2026-02-23T04:56:00,"Rapid commuter diary
focus on
Kelana Jaya line maintenance phase affected frequency and caused crowding at stations at Wangsa Maju.
Passengers shared delay slip and crowding evidence during rush hour
Rapid KL staff guided queue and temporary shuttle arrangement
There are 3 comments in total
author
reply
Show 3 replies
Say something",Kelana Jaya line maintenance phase affected frequency and caused crowding at stations at Wangsa Maju Passengers shared delay slip and crowding evidence during rush hour Rapid KL staff guided queue and temporary shuttle arrangement There are 3 comments in total author reply Show 3 replies Say something,1,incident_maintenance_impact,synthetic_mock
mrt kajang - 小红书搜索 - Google Chrome,1257,mock_post_1257.png,mrt kajang - 小红书搜索 - Google Chrome,2026-02-23T04:57:00,"KL daily commuter
focus on
No disruption observed and transfer between lines completed without waiting at Pasar Seni.
People shared regular commute and station photos
No emergency notice was posted
Malaysia transport update 2026-05-17
There are 18 comments in total
author
reply
Show 3 replies
Say something",No disruption observed and transfer between lines completed without waiting at Pasar Seni People shared regular commute and station photos No emergency notice was posted Malaysia transport update 2026 05 17 There are 18 comments in total author reply Show 3 replies Say something,0,normal_no_incident,synthetic_mock
mrt - 小红书搜索 - Google Chrome,1258,mock_post_1258.png,mrt - 小红书搜索 - Google Chrome,2026-02-23T04:58:00,"City transit watcher
focus on
Passengers were asked to get off at Pasar Seni due to train fault and wait for replacement at Gombak.
Passengers shared delay slip and crowding evidence during rush hour
Rapid KL staff guided queue and temporary shuttle arrangement
Malaysia transport update 2026-02-04
There are 12 comments in total
author
reply
Show 1 replies
Say something",Passengers were asked to get off at Pasar Seni due to train fault and wait for replacement at Gombak Passengers shared delay slip and crowding evidence during rush hour Rapid KL staff guided queue and temporary shuttle arrangement Malaysia transport update 2026 02 04 There are 12 comments in total author reply Show 1 replies Say something,1,incident_train_fault,synthetic_mock
lrt klcc - 小红书搜索 - Google Chrome,1259,mock_post_1259.png,lrt klcc - 小红书搜索 - Google Chrome,2026-02-23T04:59:00,"City transit watcher
focus on
General city transport post not related to outage or malfunction at Universiti.
People shared regular commute and station photos
No emergency notice was posted
Malaysia transport update 2025-01-06
There are 16 comments in total
author
reply
Show 1 replies
Say something",General city transport post not related to outage or malfunction at Universiti People shared regular commute and station photos No emergency notice was posted Malaysia transport update 2025 01 06 There are 16 comments in total author reply Show 1 replies Say something,0,normal_general,synthetic_mock
mrt fault - 小红书搜索 - Google Chrome,1260,mock_post_1260.png,mrt fault - 小红书搜索 - Google Chrome,2026-02-23T05:00:00,"Little Red Potato 66A1
focus on
LRT Kelana Jaya line had a signaling issue during peak hour and trains moved slowly at Wangsa Maju.
Passengers shared delay slip and crowding evidence during rush hour
Rapid KL staff guided queue and temporary shuttle arrangement
Malaysia transport update 2025-12-14
There are 6 comments in total
author
reply
Show 1 replies
Say something",LRT Kelana Jaya line had a signaling issue during peak hour and trains moved slowly at Wangsa Maju Passengers shared delay slip and crowding evidence during rush hour Rapid KL staff guided queue and temporary shuttle arrangement Malaysia transport update 2025 12 14 There are 6 comments in total author reply Show 1 replies Say something,1,incident_breakdown,synthetic_mock
lrtkelanajaya线 - 小红书搜索 - Google Chrome,1261,mock_post_1261.png,lrtkelanajaya线 - 小红书搜索 - Google Chrome,2026-02-23T05:01:00,"Ootashi store
focus on
Service update says all lines are stable with no major delay this morning at Pasar Seni.
People shared regular commute and station photos
No emergency notice was posted
Malaysia transport update 2026-02-15
There are 7 comments in total
author
reply
Show 1 replies
Say something",Service update says all lines are stable with no major delay this morning at Pasar Seni People shared regular commute and station photos No emergency notice was posted Malaysia transport update 2026 02 15 There are 7 comments in total author reply Show 1 replies Say something,0,normal_update,synthetic_mock
mrtkajang问题 - 小红书搜索 - Google Chrome,1262,mock_post_1262.png,mrtkajang问题 - 小红书搜索 - Google Chrome,2026-02-23T05:02:00,"KL daily commuter
focus on
LRT Kelana Jaya line had a signaling issue during peak hour and trains moved slowly at Pasar Seni.
Passengers shared delay slip and crowding evidence during rush hour
Rapid KL staff guided queue and temporary shuttle arrangement
There are 9 comments in total
author
reply
Show 2 replies
Say something",LRT Kelana Jaya line had a signaling issue during peak hour and trains moved slowly at Pasar Seni Passengers shared delay slip and crowding evidence during rush hour Rapid KL staff guided queue and temporary shuttle arrangement There are 9 comments in total author reply Show 2 replies Say something,1,incident_breakdown,synthetic_mock
mrt - 小红书搜索 - Google Chrome,1263,mock_post_1263.png,mrt - 小红书搜索 - Google Chrome,2026-02-23T05:03:00,"Xiaoxuan Talk Malaysia Official
focus on
General city transport post not related to outage or malfunction at KL Sentral.
People shared regular commute and station photos
No emergency notice was posted
There are 6 comments in total
author
reply
Show 1 replies
Say something",General city transport post not related to outage or malfunction at KL Sentral People shared regular commute and station photos No emergency notice was posted There are 6 comments in total author reply Show 1 replies Say something,0,normal_general,synthetic_mock
mrtkajang问题 - 小红书搜索 - Google Chrome,1264,mock_post_1264.png,mrtkajang问题 - 小红书搜索 - Google Chrome,2026-02-23T05:04:00,"Xiaoxuan Talk Malaysia Official
focus on
LRT Kelana Jaya line had a signaling issue during peak hour and trains moved slowly at Wangsa Maju.
Passengers shared delay slip and crowding evidence during rush hour
Rapid KL staff guided queue and temporary shuttle arrangement
Malaysia transport update 2025-01-19
There are 8 comments in total
author
reply
Show 2 replies
Say something",LRT Kelana Jaya line had a signaling issue during peak hour and trains moved slowly at Wangsa Maju Passengers shared delay slip and crowding evidence during rush hour Rapid KL staff guided queue and temporary shuttle arrangement Malaysia transport update 2025 01 19 There are 8 comments in total author reply Show 2 replies Say something,1,incident_breakdown,synthetic_mock
lrtkelanajaya线 - 小红书搜索 - Google Chrome,1265,mock_post_1265.png,lrtkelanajaya线 - 小红书搜索 - Google Chrome,2026-02-23T05:05:00,"Xiaoxuan Talk Malaysia Official
focus on
General city transport post not related to outage or malfunction at KLCC.
People shared regular commute and station photos
No emergency notice was posted
Malaysia transport update 2024-11-19
There are 2 comments in total
author
reply
Show 1 replies
Say something",General city transport post not related to outage or malfunction at KLCC People shared regular commute and station photos No emergency notice was posted Malaysia transport update 2024 11 19 There are 2 comments in total author reply Show 1 replies Say something,0,normal_general,synthetic_mock
mrtkajang问题 - 小红书搜索 - Google Chrome,1266,mock_post_1266.png,mrtkajang问题 - 小红书搜索 - Google Chrome,2026-02-23T05:06:00,"Rapid commuter diary
focus on
Passengers were asked to get off at Pasar Seni due to train fault and wait for replacement at Kelana Jaya.
Passengers shared delay slip and crowding evidence during rush hour
Rapid KL staff guided queue and temporary shuttle arrangement
There are 9 comments in total
author
reply
Show 2 replies
Say something",Passengers were asked to get off at Pasar Seni due to train fault and wait for replacement at Kelana Jaya Passengers shared delay slip and crowding evidence during rush hour Rapid KL staff guided queue and temporary shuttle arrangement There are 9 comments in total author reply Show 2 replies Say something,1,incident_train_fault,synthetic_mock
🇲🇾LRT停运 注意了‼️ - 小红书 - Google Chrome,1267,mock_post_1267.png,🇲🇾LRT停运 注意了‼️ - 小红书 - Google Chrome,2026-02-23T05:07:00,"Rapid commuter diary
focus on
Commuting to work was smooth and station crowd level was manageable today at KL Sentral.
People shared regular commute and station photos
No emergency notice was posted
Malaysia transport update 2026-06-11
There are 8 comments in total
author
reply
Show 2 replies
Say something",Commuting to work was smooth and station crowd level was manageable today at KL Sentral People shared regular commute and station photos No emergency notice was posted Malaysia transport update 2026 06 11 There are 8 comments in total author reply Show 2 replies Say something,0,normal_commute,synthetic_mock
mrtkajang问题 - 小红书搜索 - Google Chrome,1268,mock_post_1268.png,mrtkajang问题 - 小红书搜索 - Google Chrome,2026-02-23T05:08:00,"Little Red Potato 66A1
focus on
Power trip caused brief outage and service resumed after technicians completed repair at Wangsa Maju.
Passengers shared delay slip and crowding evidence during rush hour
Rapid KL staff guided queue and temporary shuttle arrangement
Malaysia transport update 2025-06-26
There are 4 comments in total
author
reply
Show 1 replies
Say something",Power trip caused brief outage and service resumed after technicians completed repair at Wangsa Maju Passengers shared delay slip and crowding evidence during rush hour Rapid KL staff guided queue and temporary shuttle arrangement Malaysia transport update 2025 06 26 There are 4 comments in total author reply Show 1 replies Say something,1,incident_power_outage,synthetic_mock
🇲🇾LRT KelanajayaLine通告，列车降速 - 小红书 - Google Chrome,1269,mock_post_1269.png,🇲🇾LRT KelanajayaLine通告，列车降速 - 小红书 - Google Chrome,2026-02-23T05:09:00,"City transit watcher
focus on
General city transport post not related to outage or malfunction at Wangsa Maju.
People shared regular commute and station photos
No emergency notice was posted
There are 5 comments in total
author
reply
Show 1 replies
Say something",General city transport post not related to outage or malfunction at Wangsa Maju People shared regular commute and station photos No emergency notice was posted There are 5 comments in total author reply Show 1 replies Say something,0,normal_general,synthetic_mock
mrtkajang问题 - 小红书搜索 - Google Chrome,1270,mock_post_1270.png,mrtkajang问题 - 小红书搜索 - Google Chrome,2026-02-23T05:10:00,"Leisurely kitten
focus on
LRT Kelana Jaya line had a signaling issue during peak hour and trains moved slowly at Masjid Jamek.
Passengers shared delay slip and crowding evidence during rush hour
Rapid KL staff guided queue and temporary shuttle arrangement
There are 8 comments in total
author
reply
Show 2 replies
Say something",LRT Kelana Jaya line had a signaling issue during peak hour and trains moved slowly at Masjid Jamek Passengers shared delay slip and crowding evidence during rush hour Rapid KL staff guided queue and temporary shuttle arrangement There are 8 comments in total author reply Show 2 replies Say something,1,incident_breakdown,synthetic_mock
🇲🇾LRT停运 注意了‼️ - 小红书 - Google Chrome,1271,mock_post_1271.png,🇲🇾LRT停运 注意了‼️ - 小红书 - Google Chrome,2026-02-23T05:11:00,"Little Red Potato 66A1
focus on
Routine travel post about route tips and fare sharing at Ampang Park.
People shared regular commute and station photos
No emergency notice was posted
Malaysia transport update 2024-01-21
There are 11 comments in total
author
reply
Show 1 replies
Say something",Routine travel post about route tips and fare sharing at Ampang Park People shared regular commute and station photos No emergency notice was posted Malaysia transport update 2024 01 21 There are 11 comments in total author reply Show 1 replies Say something,0,normal_travel_tip,synthetic_mock
🇲🇾LRT KelanajayaLine通告，列车降速 - 小红书 - Google Chrome,1272,mock_post_1272.png,🇲🇾LRT KelanajayaLine通告，列车降速 - 小红书 - Google Chrome,2026-02-23T05:12:00,"KL daily commuter
focus on
Commuters reported long queue and train delay after track maintenance at Universiti station at Kelana Jaya.
Passengers shared delay slip and crowding evidence during rush hour
Rapid KL staff guided queue and temporary shuttle arrangement
There are 15 comments in total
author
reply
Show 1 replies
Say something",Commuters reported long queue and train delay after track maintenance at Universiti station at Kelana Jaya Passengers shared delay slip and crowding evidence during rush hour Rapid KL staff guided queue and temporary shuttle arrangement There are 15 comments in total author reply Show 1 replies Say something,1,incident_delay,synthetic_mock
mrt kajang - 小红书搜索 - Google Chrome,1273,mock_post_1273.png,mrt kajang - 小红书搜索 - Google Chrome,2026-02-23T05:13:00,"City transit watcher
focus on
No disruption observed and transfer between lines completed without waiting at Wangsa Maju.
People shared regular commute and station photos
No emergency notice was posted
There are 3 comments in total
author
reply
Show 2 replies
Say something",No disruption observed and transfer between lines completed without waiting at Wangsa Maju People shared regular commute and station photos No emergency notice was posted There are 3 comments in total author reply Show 2 replies Say something,0,normal_no_incident,synthetic_mock
🇲🇾LRT KelanajayaLine通告，列车降速 - 小红书 - Google Chrome,1274,mock_post_1274.png,🇲🇾LRT KelanajayaLine通告，列车降速 - 小红书 - Google Chrome,2026-02-23T05:14:00,"City transit watcher
focus on
Power trip caused brief outage and service resumed after technicians completed repair at KLCC.
Passengers shared delay slip and crowding evidence during rush hour
Rapid KL staff guided queue and temporary shuttle arrangement
Malaysia transport update 2026-04-23
There are 5 comments in total
author
reply
Show 3 replies
Say something",Power trip caused brief outage and service resumed after technicians completed repair at KLCC Passengers shared delay slip and crowding evidence during rush hour Rapid KL staff guided queue and temporary shuttle arrangement Malaysia transport update 2026 04 23 There are 5 comments in total author reply Show 3 replies Say something,1,incident_power_outage,synthetic_mock
lrtkelanajaya故障 - 小红书搜索 - Google Chrome,1275,mock_post_1275.png,lrtkelanajaya故障 - 小红书搜索 - Google Chrome,2026-02-23T05:15:00,"Xiaoxuan Talk Malaysia Official
focus on
General city transport post not related to outage or malfunction at Masjid Jamek.
People shared regular commute and station photos
No emergency notice was posted
Malaysia transport update 2024-05-27
There are 18 comments in total
author
reply
Show 2 replies
Say something",General city transport post not related to outage or malfunction at Masjid Jamek People shared regular commute and station photos No emergency notice was posted Malaysia transport update 2024 05 27 There are 18 comments in total author reply Show 2 replies Say something,0,normal_general,synthetic_mock
lrtkelanajaya线 - 小红书搜索 - Google Chrome,1276,mock_post_1276.png,lrtkelanajaya线 - 小红书搜索 - Google Chrome,2026-02-23T05:16:00,"Rapid commuter diary
focus on
Power trip caused brief outage and service resumed after technicians completed repair at KLCC.
Passengers shared delay slip and crowding evidence during rush hour
Rapid KL staff guided queue and temporary shuttle arrangement
There are 8 comments in total
author
reply
Show 1 replies
Say something",Power trip caused brief outage and service resumed after technicians completed repair at KLCC Passengers shared delay slip and crowding evidence during rush hour Rapid KL staff guided queue and temporary shuttle arrangement There are 8 comments in total author reply Show 1 replies Say something,1,incident_power_outage,synthetic_mock
mrt - 小红书搜索 - Google Chrome,1277,mock_post_1277.png,mrt - 小红书搜索 - Google Chrome,2026-02-23T05:17:00,"Xiaoxuan Talk Malaysia Official
focus on
Service update says all lines are stable with no major delay this morning at KLCC.
People shared regular commute and station photos
No emergency notice was posted
Malaysia transport update 2026-01-06
There are 11 comments in total
author
reply
Show 2 replies
Say something",Service update says all lines are stable with no major delay this morning at KLCC People shared regular commute and station photos No emergency notice was posted Malaysia transport update 2026 01 06 There are 11 comments in total author reply Show 2 replies Say something,0,normal_update,synthetic_mock
🇲🇾LRT停运 注意了‼️ - 小红书 - Google Chrome,1278,mock_post_1278.png,🇲🇾LRT停运 注意了‼️ - 小红书 - Google Chrome,2026-02-23T05:18:00,"City transit watcher
focus on
Rapid KL announced temporary service disruption between KLCC and Gombak with shuttle support at Gombak.
Passengers shared delay slip and crowding evidence during rush hour
Rapid KL staff guided queue and temporary shuttle arrangement
Malaysia transport update 2026-02-22
There are 5 comments in total
author
reply
Show 3 replies
Say something",Rapid KL announced temporary service disruption between KLCC and Gombak with shuttle support at Gombak Passengers shared delay slip and crowding evidence during rush hour Rapid KL staff guided queue and temporary shuttle arrangement Malaysia transport update 2026 02 22 There are 5 comments in total author reply Show 3 replies Say something,1,incident_service_disruption,synthetic_mock
🇲🇾LRT KelanajayaLine通告，列车降速 - 小红书 - Google Chrome,1279,mock_post_1279.png,🇲🇾LRT KelanajayaLine通告，列车降速 - 小红书 - Google Chrome,2026-02-23T05:19:00,"Xiaoxuan Talk Malaysia Official
focus on
General city transport post not related to outage or malfunction at Ampang Park.
People shared regular commute and station photos
No emergency notice was posted
There are 11 comments in total
author
reply
Show 1 replies
Say something",General city transport post not related to outage or malfunction at Ampang Park People shared regular commute and station photos No emergency notice was posted There are 11 comments in total author reply Show 1 replies Say something,0,normal_general,synthetic_mock
🇲🇾LRT停运 注意了‼️ - 小红书 - Google Chrome,1280,mock_post_1280.png,🇲🇾LRT停运 注意了‼️ - 小红书 - Google Chrome,2026-02-23T05:20:00,"City transit watcher
focus on
Passengers were asked to get off at Pasar Seni due to train fault and wait for replacement at KLCC.
Passengers shared delay slip and crowding evidence during rush hour
Rapid KL staff guided queue and temporary shuttle arrangement
Malaysia transport update 2026-12-24
There are 13 comments in total
author
reply
Show 3 replies
Say something",Passengers were asked to get off at Pasar Seni due to train fault and wait for replacement at KLCC Passengers shared delay slip and crowding evidence during rush hour Rapid KL staff guided queue and temporary shuttle arrangement Malaysia transport update 2026 12 24 There are 13 comments in total author reply Show 3 replies Say something,1,incident_train_fault,synthetic_mock
lrt klcc - 小红书搜索 - Google Chrome,1281,mock_post_1281.png,lrt klcc - 小红书搜索 - Google Chrome,2026-02-23T05:21:00,"KL daily commuter
focus on
Routine travel post about route tips and fare sharing at Wangsa Maju.
People shared regular commute and station photos
No emergency notice was posted
Malaysia transport update 2025-02-10
There are 3 comments in total
author
reply
Show 1 replies
Say something",Routine travel post about route tips and fare sharing at Wangsa Maju People shared regular commute and station photos No emergency notice was posted Malaysia transport update 2025 02 10 There are 3 comments in total author reply Show 1 replies Say something,0,normal_travel_tip,synthetic_mock
mrt fault - 小红书搜索 - Google Chrome,1282,mock_post_1282.png,mrt fault - 小红书搜索 - Google Chrome,2026-02-23T05:22:00,"Ootashi store
focus on
Commuters reported long queue and train delay after track maintenance at Universiti station at KL Sentral.
Passengers shared delay slip and crowding evidence during rush hour
Rapid KL staff guided queue and temporary shuttle arrangement
There are 4 comments in total
author
reply
Show 3 replies
Say something",Commuters reported long queue and train delay after track maintenance at Universiti station at KL Sentral Passengers shared delay slip and crowding evidence during rush hour Rapid KL staff guided queue and temporary shuttle arrangement There are 4 comments in total author reply Show 3 replies Say something,1,incident_delay,synthetic_mock
lrt is bad again - Xiaohongshu search - Google Chrome,1283,mock_post_1283.png,lrt is bad again - Xiaohongshu search - Google Chrome,2026-02-23T05:23:00,"Rapid commuter diary
focus on
Service update says all lines are stable with no major delay this morning at Putra Heights.
People shared regular commute and station photos
No emergency notice was posted
There are 1 comments in total
author
reply
Show 2 replies
Say something",Service update says all lines are stable with no major delay this morning at Putra Heights People shared regular commute and station photos No emergency notice was posted There are 1 comments in total author reply Show 2 replies Say something,0,normal_update,synthetic_mock
mrt fault - 小红书搜索 - Google Chrome,1284,mock_post_1284.png,mrt fault - 小红书搜索 - Google Chrome,2026-02-23T05:24:00,"Ootashi store
focus on
Passengers were asked to get off at Pasar Seni due to train fault and wait for replacement at Masjid Jamek.
Passengers shared delay slip and crowding evidence during rush hour
Rapid KL staff guided queue and temporary shuttle arrangement
There are 14 comments in total
author
reply
Show 2 replies
Say something",Passengers were asked to get off at Pasar Seni due to train fault and wait for replacement at Masjid Jamek Passengers shared delay slip and crowding evidence during rush hour Rapid KL staff guided queue and temporary shuttle arrangement There are 14 comments in total author reply Show 2 replies Say something,1,incident_train_fault,synthetic_mock
mrt kajang - 小红书搜索 - Google Chrome,1285,mock_post_1285.png,mrt kajang - 小红书搜索 - Google Chrome,2026-02-23T05:25:00,"Little Red Potato 66A1
focus on
General city transport post not related to outage or malfunction at Pasar Seni.
People shared regular commute and station photos
No emergency notice was posted
There are 8 comments in total
author
reply
Show 1 replies
Say something",General city transport post not related to outage or malfunction at Pasar Seni People shared regular commute and station photos No emergency notice was posted There are 8 comments in total author reply Show 1 replies Say something,0,normal_general,synthetic_mock
🇲🇾LRT停运 注意了‼️ - 小红书 - Google Chrome,1286,mock_post_1286.png,🇲🇾LRT停运 注意了‼️ - 小红书 - Google Chrome,2026-02-23T05:26:00,"KL daily commuter
focus on
LRT Kelana Jaya line had a signaling issue during peak hour and trains moved slowly at Masjid Jamek.
Passengers shared delay slip and crowding evidence during rush hour
Rapid KL staff guided queue and temporary shuttle arrangement
Malaysia transport update 2024-05-27
There are 8 comments in total
author
reply
Show 2 replies
Say something",LRT Kelana Jaya line had a signaling issue during peak hour and trains moved slowly at Masjid Jamek Passengers shared delay slip and crowding evidence during rush hour Rapid KL staff guided queue and temporary shuttle arrangement Malaysia transport update 2024 05 27 There are 8 comments in total author reply Show 2 replies Say something,1,incident_breakdown,synthetic_mock
mrt fault - 小红书搜索 - Google Chrome,1287,mock_post_1287.png,mrt fault - 小红书搜索 - Google Chrome,2026-02-23T05:27:00,"Little Red Potato 66A1
focus on
No disruption observed and transfer between lines completed without waiting at Pasar Seni.
People shared regular commute and station photos
No emergency notice was posted
Malaysia transport update 2026-11-28
There are 2 comments in total
author
reply
Show 3 replies
Say something",No disruption observed and transfer between lines completed without waiting at Pasar Seni People shared regular commute and station photos No emergency notice was posted Malaysia transport update 2026 11 28 There are 2 comments in total author reply Show 3 replies Say something,0,normal_no_incident,synthetic_mock
mrt - 小红书搜索 - Google Chrome,1288,mock_post_1288.png,mrt - 小红书搜索 - Google Chrome,2026-02-23T05:28:00,"City transit watcher
focus on
Commuters reported long queue and train delay after track maintenance at Universiti station at Masjid Jamek.
Passengers shared delay slip and crowding evidence during rush hour
Rapid KL staff guided queue and temporary shuttle arrangement
Malaysia transport update 2026-10-16
There are 7 comments in total
author
reply
Show 2 replies
Say something",Commuters reported long queue and train delay after track maintenance at Universiti station at Masjid Jamek Passengers shared delay slip and crowding evidence during rush hour Rapid KL staff guided queue and temporary shuttle arrangement Malaysia transport update 2026 10 16 There are 7 comments in total author reply Show 2 replies Say something,1,incident_delay,synthetic_mock
lrtkelanajaya线 - 小红书搜索 - Google Chrome,1289,mock_post_1289.png,lrtkelanajaya线 - 小红书搜索 - Google Chrome,2026-02-23T05:29:00,"Xiaoxuan Talk Malaysia Official
focus on
General city transport post not related to outage or malfunction at Wangsa Maju.
People shared regular commute and station photos
No emergency notice was posted
There are 11 comments in total
author
reply
Show 1 replies
Say something",General city transport post not related to outage or malfunction at Wangsa Maju People shared regular commute and station photos No emergency notice was posted There are 11 comments in total author reply Show 1 replies Say something,0,normal_general,synthetic_mock
mrt kajang - 小红书搜索 - Google Chrome,1290,mock_post_1290.png,mrt kajang - 小红书搜索 - Google Chrome,2026-02-23T05:30:00,"City transit watcher
focus on
Kelana Jaya line maintenance phase affected frequency and caused crowding at stations at Universiti.
Passengers shared delay slip and crowding evidence during rush hour
Rapid KL staff guided queue and temporary shuttle arrangement
There are 6 comments in total
author
reply
Show 2 replies
Say something",Kelana Jaya line maintenance phase affected frequency and caused crowding at stations at Universiti Passengers shared delay slip and crowding evidence during rush hour Rapid KL staff guided queue and temporary shuttle arrangement There are 6 comments in total author reply Show 2 replies Say something,1,incident_maintenance_impact,synthetic_mock
mrt kajang - 小红书搜索 - Google Chrome,1291,mock_post_1291.png,mrt kajang - 小红书搜索 - Google Chrome,2026-02-23T05:31:00,"Xiaoxuan Talk Malaysia Official
focus on
Commuting to work was smooth and station crowd level was manageable today at Pasar Seni.
People shared regular commute and station photos
No emergency notice was posted
Malaysia transport update 2025-07-22
There are 16 comments in total
author
reply
Show 2 replies
Say something",Commuting to work was smooth and station crowd level was manageable today at Pasar Seni People shared regular commute and station photos No emergency notice was posted Malaysia transport update 2025 07 22 There are 16 comments in total author reply Show 2 replies Say something,0,normal_commute,synthetic_mock
lrtkelanajaya线 - 小红书搜索 - Google Chrome,1292,mock_post_1292.png,lrtkelanajaya线 - 小红书搜索 - Google Chrome,2026-02-23T05:32:00,"Little Red Potato 66A1
focus on
Power trip caused brief outage and service resumed after technicians completed repair at KLCC.
Passengers shared delay slip and crowding evidence during rush hour
Rapid KL staff guided queue and temporary shuttle arrangement
There are 10 comments in total
author
reply
Show 3 replies
Say something",Power trip caused brief outage and service resumed after technicians completed repair at KLCC Passengers shared delay slip and crowding evidence during rush hour Rapid KL staff guided queue and temporary shuttle arrangement There are 10 comments in total author reply Show 3 replies Say something,1,incident_power_outage,synthetic_mock
mrt - 小红书搜索 - Google Chrome,1293,mock_post_1293.png,mrt - 小红书搜索 - Google Chrome,2026-02-23T05:33:00,"Rapid commuter diary
focus on
General city transport post not related to outage or malfunction at Masjid Jamek.
People shared regular commute and station photos
No emergency notice was posted
Malaysia transport update 2025-10-28
There are 2 comments in total
author
reply
Show 3 replies
Say something",General city transport post not related to outage or malfunction at Masjid Jamek People shared regular commute and station photos No emergency notice was posted Malaysia transport update 2025 10 28 There are 2 comments in total author reply Show 3 replies Say something,0,normal_general,synthetic_mock
lrtkelanajaya线 - 小红书搜索 - Google Chrome,1294,mock_post_1294.png,lrtkelanajaya线 - 小红书搜索 - Google Chrome,2026-02-23T05:34:00,"Little Red Potato 66A1
focus on
Power trip caused brief outage and service resumed after technicians completed repair at Pasar Seni.
Passengers shared delay slip and crowding evidence during rush hour
Rapid KL staff guided queue and temporary shuttle arrangement
Malaysia transport update 2026-08-10
There are 5 comments in total
author
reply
Show 1 replies
Say something",Power trip caused brief outage and service resumed after technicians completed repair at Pasar Seni Passengers shared delay slip and crowding evidence during rush hour Rapid KL staff guided queue and temporary shuttle arrangement Malaysia transport update 2026 08 10 There are 5 comments in total author reply Show 1 replies Say something,1,incident_power_outage,synthetic_mock
🇲🇾LRT KelanajayaLine通告，列车降速 - 小红书 - Google Chrome,1295,mock_post_1295.png,🇲🇾LRT KelanajayaLine通告，列车降速 - 小红书 - Google Chrome,2026-02-23T05:35:00,"City transit watcher
focus on
General city transport post not related to outage or malfunction at Universiti.
People shared regular commute and station photos
No emergency notice was posted
There are 12 comments in total
author
reply
Show 3 replies
Say something",General city transport post not related to outage or malfunction at Universiti People shared regular commute and station photos No emergency notice was posted There are 12 comments in total author reply Show 3 replies Say something,0,normal_general,synthetic_mock
lrtkelanajaya故障 - 小红书搜索 - Google Chrome,1296,mock_post_1296.png,lrtkelanajaya故障 - 小红书搜索 - Google Chrome,2026-02-23T05:36:00,"Rapid commuter diary
focus on
LRT Kelana Jaya line had a signaling issue during peak hour and trains moved slowly at Pasar Seni.
Passengers shared delay slip and crowding evidence during rush hour
Rapid KL staff guided queue and temporary shuttle arrangement
There are 14 comments in total
author
reply
Show 3 replies
Say something",LRT Kelana Jaya line had a signaling issue during peak hour and trains moved slowly at Pasar Seni Passengers shared delay slip and crowding evidence during rush hour Rapid KL staff guided queue and temporary shuttle arrangement There are 14 comments in total author reply Show 3 replies Say something,1,incident_breakdown,synthetic_mock
lrt klcc - 小红书搜索 - Google Chrome,1297,mock_post_1297.png,lrt klcc - 小红书搜索 - Google Chrome,2026-02-23T05:37:00,"Leisurely kitten
focus on
Normal operation resumed and train intervals are back to schedule at KLCC.
People shared regular commute and station photos
No emergency notice was posted
There are 6 comments in total
author
reply
Show 1 replies
Say something",Normal operation resumed and train intervals are back to schedule at KLCC People shared regular commute and station photos No emergency notice was posted There are 6 comments in total author reply Show 1 replies Say something,0,normal_operation,synthetic_mock
lrt is bad again - Xiaohongshu search - Google Chrome,1298,mock_post_1298.png,lrt is bad again - Xiaohongshu search - Google Chrome,2026-02-23T05:38:00,"Little Red Potato 66A1
focus on
Passengers were asked to get off at Pasar Seni due to train fault and wait for replacement at Putra Heights.
Passengers shared delay slip and crowding evidence during rush hour
Rapid KL staff guided queue and temporary shuttle arrangement
Malaysia transport update 2024-11-24
There are 13 comments in total
author
reply
Show 1 replies
Say something",Passengers were asked to get off at Pasar Seni due to train fault and wait for replacement at Putra Heights Passengers shared delay slip and crowding evidence during rush hour Rapid KL staff guided queue and temporary shuttle arrangement Malaysia transport update 2024 11 24 There are 13 comments in total author reply Show 1 replies Say something,1,incident_train_fault,synthetic_mock
🇲🇾LRT停运 注意了‼️ - 小红书 - Google Chrome,1299,mock_post_1299.png,🇲🇾LRT停运 注意了‼️ - 小红书 - Google Chrome,2026-02-23T05:39:00,"Rapid commuter diary
focus on
Normal operation resumed and train intervals are back to schedule at Universiti.
People shared regular commute and station photos
No emergency notice was posted
Malaysia transport update 2026-10-06
There are 13 comments in total
author
reply
Show 3 replies
Say something",Normal operation resumed and train intervals are back to schedule at Universiti People shared regular commute and station photos No emergency notice was posted Malaysia transport update 2026 10 06 There are 13 comments in total author reply Show 3 replies Say something,0,normal_operation,synthetic_mock
lrt is bad again - Xiaohongshu search - Google Chrome,1300,mock_post_1300.png,lrt is bad again - Xiaohongshu search - Google Chrome,2026-02-23T05:40:00,"KL daily commuter
focus on
Kelana Jaya line maintenance phase affected frequency and caused crowding at stations at KLCC.
Passengers shared delay slip and crowding evidence during rush hour
Rapid KL staff guided queue and temporary shuttle arrangement
Malaysia transport update 2026-07-09
There are 15 comments in total
author
reply
Show 2 replies
Say something",Kelana Jaya line maintenance phase affected frequency and caused crowding at stations at KLCC Passengers shared delay slip and crowding evidence during rush hour Rapid KL staff guided queue and temporary shuttle arrangement Malaysia transport update 2026 07 09 There are 15 comments in total author reply Show 2 replies Say something,1,incident_maintenance_impact,synthetic_mock
🇲🇾LRT KelanajayaLine通告，列车降速 - 小红书 - Google Chrome,1301,mock_post_1301.png,🇲🇾LRT KelanajayaLine通告，列车降速 - 小红书 - Google Chrome,2026-02-23T05:41:00,"Xiaoxuan Talk Malaysia Official
focus on
Normal operation resumed and train intervals are back to schedule at KLCC.
People shared regular commute and station photos
No emergency notice was posted
Malaysia transport update 2026-11-17
There are 8 comments in total
author
reply
Show 1 replies
Say something",Normal operation resumed and train intervals are back to schedule at KLCC People shared regular commute and station photos No emergency notice was posted Malaysia transport update 2026 11 17 There are 8 comments in total author reply Show 1 replies Say something,0,normal_operation,synthetic_mock
mrtkajang问题 - 小红书搜索 - Google Chrome,1302,mock_post_1302.png,mrtkajang问题 - 小红书搜索 - Google Chrome,2026-02-23T05:42:00,"Rapid commuter diary
focus on
Passengers were asked to get off at Pasar Seni due to train fault and wait for replacement at KL Sentral.
Passengers shared delay slip and crowding evidence during rush hour
Rapid KL staff guided queue and temporary shuttle arrangement
Malaysia transport update 2026-02-26
There are 6 comments in total
author
reply
Show 2 replies
Say something",Passengers were asked to get off at Pasar Seni due to train fault and wait for replacement at KL Sentral Passengers shared delay slip and crowding evidence during rush hour Rapid KL staff guided queue and temporary shuttle arrangement Malaysia transport update 2026 02 26 There are 6 comments in total author reply Show 2 replies Say something,1,incident_train_fault,synthetic_mock
lrt klcc - 小红书搜索 - Google Chrome,1303,mock_post_1303.png,lrt klcc - 小红书搜索 - Google Chrome,2026-02-23T05:43:00,"Leisurely kitten
focus on
General city transport post not related to outage or malfunction at Wangsa Maju.
People shared regular commute and station photos
No emergency notice was posted
There are 4 comments in total
author
reply
Show 2 replies
Say something",General city transport post not related to outage or malfunction at Wangsa Maju People shared regular commute and station photos No emergency notice was posted There are 4 comments in total author reply Show 2 replies Say something,0,normal_general,synthetic_mock
地铁 马来西亚 - 小红书搜索 - Google Chrome,1304,mock_post_1304.png,地铁 马来西亚 - 小红书搜索 - Google Chrome,2026-02-23T05:44:00,"Ootashi store
focus on
Kelana Jaya line maintenance phase affected frequency and caused crowding at stations at Masjid Jamek.
Passengers shared delay slip and crowding evidence during rush hour
Rapid KL staff guided queue and temporary shuttle arrangement
Malaysia transport update 2026-01-13
There are 18 comments in total
author
reply
Show 3 replies
Say something",Kelana Jaya line maintenance phase affected frequency and caused crowding at stations at Masjid Jamek Passengers shared delay slip and crowding evidence during rush hour Rapid KL staff guided queue and temporary shuttle arrangement Malaysia transport update 2026 01 13 There are 18 comments in total author reply Show 3 replies Say something,1,incident_maintenance_impact,synthetic_mock
🇲🇾LRT停运 注意了‼️ - 小红书 - Google Chrome,1305,mock_post_1305.png,🇲🇾LRT停运 注意了‼️ - 小红书 - Google Chrome,2026-02-23T05:45:00,"Little Red Potato 66A1
focus on
No disruption observed and transfer between lines completed without waiting at KLCC.
People shared regular commute and station photos
No emergency notice was posted
There are 18 comments in total
author
reply
Show 3 replies
Say something",No disruption observed and transfer between lines completed without waiting at KLCC People shared regular commute and station photos No emergency notice was posted There are 18 comments in total author reply Show 3 replies Say something,0,normal_no_incident,synthetic_mock
lrtkelanajaya故障 - 小红书搜索 - Google Chrome,1306,mock_post_1306.png,lrtkelanajaya故障 - 小红书搜索 - Google Chrome,2026-02-23T05:46:00,"City transit watcher
focus on
LRT Kelana Jaya line had a signaling issue during peak hour and trains moved slowly at Universiti.
Passengers shared delay slip and crowding evidence during rush hour
Rapid KL staff guided queue and temporary shuttle arrangement
There are 6 comments in total
author
reply
Show 3 replies
Say something",LRT Kelana Jaya line had a signaling issue during peak hour and trains moved slowly at Universiti Passengers shared delay slip and crowding evidence during rush hour Rapid KL staff guided queue and temporary shuttle arrangement There are 6 comments in total author reply Show 3 replies Say something,1,incident_breakdown,synthetic_mock
lrtkelanajaya故障 - 小红书搜索 - Google Chrome,1307,mock_post_1307.png,lrtkelanajaya故障 - 小红书搜索 - Google Chrome,2026-02-23T05:47:00,"Rapid commuter diary
focus on
Normal operation resumed and train intervals are back to schedule at Masjid Jamek.
People shared regular commute and station photos
No emergency notice was posted
There are 4 comments in total
author
reply
Show 1 replies
Say something",Normal operation resumed and train intervals are back to schedule at Masjid Jamek People shared regular commute and station photos No emergency notice was posted There are 4 comments in total author reply Show 1 replies Say something,0,normal_operation,synthetic_mock
lrt klcc - 小红书搜索 - Google Chrome,1308,mock_post_1308.png,lrt klcc - 小红书搜索 - Google Chrome,2026-02-23T05:48:00,"City transit watcher
focus on
Passengers were asked to get off at Pasar Seni due to train fault and wait for replacement at Universiti.
Passengers shared delay slip and crowding evidence during rush hour
Rapid KL staff guided queue and temporary shuttle arrangement
Malaysia transport update 2026-05-28
There are 2 comments in total
author
reply
Show 1 replies
Say something",Passengers were asked to get off at Pasar Seni due to train fault and wait for replacement at Universiti Passengers shared delay slip and crowding evidence during rush hour Rapid KL staff guided queue and temporary shuttle arrangement Malaysia transport update 2026 05 28 There are 2 comments in total author reply Show 1 replies Say something,1,incident_train_fault,synthetic_mock
🇲🇾LRT停运 注意了‼️ - 小红书 - Google Chrome,1309,mock_post_1309.png,🇲🇾LRT停运 注意了‼️ - 小红书 - Google Chrome,2026-02-23T05:49:00,"Leisurely kitten
focus on
Routine travel post about route tips and fare sharing at Gombak.
People shared regular commute and station photos
No emergency notice was posted
There are 6 comments in total
author
reply
Show 2 replies
Say something",Routine travel post about route tips and fare sharing at Gombak People shared regular commute and station photos No emergency notice was posted There are 6 comments in total author reply Show 2 replies Say something,0,normal_travel_tip,synthetic_mock
lrtkelanajaya故障 - 小红书搜索 - Google Chrome,1310,mock_post_1310.png,lrtkelanajaya故障 - 小红书搜索 - Google Chrome,2026-02-23T05:50:00,"Leisurely kitten
focus on
LRT Kelana Jaya line had a signaling issue during peak hour and trains moved slowly at Universiti.
Passengers shared delay slip and crowding evidence during rush hour
Rapid KL staff guided queue and temporary shuttle arrangement
Malaysia transport update 2026-05-22
There are 18 comments in total
author
reply
Show 2 replies
Say something",LRT Kelana Jaya line had a signaling issue during peak hour and trains moved slowly at Universiti Passengers shared delay slip and crowding evidence during rush hour Rapid KL staff guided queue and temporary shuttle arrangement Malaysia transport update 2026 05 22 There are 18 comments in total author reply Show 2 replies Say something,1,incident_breakdown,synthetic_mock
lrt klcc - 小红书搜索 - Google Chrome,1311,mock_post_1311.png,lrt klcc - 小红书搜索 - Google Chrome,2026-02-23T05:51:00,"City transit watcher
focus on
Routine travel post about route tips and fare sharing at Ampang Park.
People shared regular commute and station photos
No emergency notice was posted
Malaysia transport update 2025-10-18
There are 17 comments in total
author
reply
Show 1 replies
Say something",Routine travel post about route tips and fare sharing at Ampang Park People shared regular commute and station photos No emergency notice was posted Malaysia transport update 2025 10 18 There are 17 comments in total author reply Show 1 replies Say something,0,normal_travel_tip,synthetic_mock
🇲🇾LRT KelanajayaLine通告，列车降速 - 小红书 - Google Chrome,1312,mock_post_1312.png,🇲🇾LRT KelanajayaLine通告，列车降速 - 小红书 - Google Chrome,2026-02-23T05:52:00,"Ootashi store
focus on
Kelana Jaya line maintenance phase affected frequency and caused crowding at stations at Kelana Jaya.
Passengers shared delay slip and crowding evidence during rush hour
Rapid KL staff guided queue and temporary shuttle arrangement
Malaysia transport update 2024-05-28
There are 7 comments in total
author
reply
Show 1 replies
Say something",Kelana Jaya line maintenance phase affected frequency and caused crowding at stations at Kelana Jaya Passengers shared delay slip and crowding evidence during rush hour Rapid KL staff guided queue and temporary shuttle arrangement Malaysia transport update 2024 05 28 There are 7 comments in total author reply Show 1 replies Say something,1,incident_maintenance_impact,synthetic_mock
地铁 马来西亚 - 小红书搜索 - Google Chrome,1313,mock_post_1313.png,地铁 马来西亚 - 小红书搜索 - Google Chrome,2026-02-23T05:53:00,"Little Red Potato 66A1
focus on
Routine travel post about route tips and fare sharing at Universiti.
People shared regular commute and station photos
No emergency notice was posted
Malaysia transport update 2024-12-20
There are 14 comments in total
author
reply
Show 1 replies
Say something",Routine travel post about route tips and fare sharing at Universiti People shared regular commute and station photos No emergency notice was posted Malaysia transport update 2024 12 20 There are 14 comments in total author reply Show 1 replies Say something,0,normal_travel_tip,synthetic_mock
mrtkajang问题 - 小红书搜索 - Google Chrome,1314,mock_post_1314.png,mrtkajang问题 - 小红书搜索 - Google Chrome,2026-02-23T05:54:00,"Rapid commuter diary
focus on
Commuters reported long queue and train delay after track maintenance at Universiti station at Gombak.
Passengers shared delay slip and crowding evidence during rush hour
Rapid KL staff guided queue and temporary shuttle arrangement
There are 6 comments in total
author
reply
Show 2 replies
Say something",Commuters reported long queue and train delay after track maintenance at Universiti station at Gombak Passengers shared delay slip and crowding evidence during rush hour Rapid KL staff guided queue and temporary shuttle arrangement There are 6 comments in total author reply Show 2 replies Say something,1,incident_delay,synthetic_mock
🇲🇾LRT停运 注意了‼️ - 小红书 - Google Chrome,1315,mock_post_1315.png,🇲🇾LRT停运 注意了‼️ - 小红书 - Google Chrome,2026-02-23T05:55:00,"City transit watcher
focus on
Normal operation resumed and train intervals are back to schedule at Gombak.
People shared regular commute and station photos
No emergency notice was posted
Malaysia transport update 2026-03-18
There are 7 comments in total
author
reply
Show 1 replies
Say something",Normal operation resumed and train intervals are back to schedule at Gombak People shared regular commute and station photos No emergency notice was posted Malaysia transport update 2026 03 18 There are 7 comments in total author reply Show 1 replies Say something,0,normal_operation,synthetic_mock
mrt fault - 小红书搜索 - Google Chrome,1316,mock_post_1316.png,mrt fault - 小红书搜索 - Google Chrome,2026-02-23T05:56:00,"City transit watcher
focus on
Kelana Jaya line maintenance phase affected frequency and caused crowding at stations at Gombak.
Passengers shared delay slip and crowding evidence during rush hour
Rapid KL staff guided queue and temporary shuttle arrangement
There are 7 comments in total
author
reply
Show 3 replies
Say something",Kelana Jaya line maintenance phase affected frequency and caused crowding at stations at Gombak Passengers shared delay slip and crowding evidence during rush hour Rapid KL staff guided queue and temporary shuttle arrangement There are 7 comments in total author reply Show 3 replies Say something,1,incident_maintenance_impact,synthetic_mock
lrt is bad again - Xiaohongshu search - Google Chrome,1317,mock_post_1317.png,lrt is bad again - Xiaohongshu search - Google Chrome,2026-02-23T05:57:00,"Little Red Potato 66A1
focus on
Routine travel post about route tips and fare sharing at Masjid Jamek.
People shared regular commute and station photos
No emergency notice was posted
Malaysia transport update 2024-06-26
There are 14 comments in total
author
reply
Show 2 replies
Say something",Routine travel post about route tips and fare sharing at Masjid Jamek People shared regular commute and station photos No emergency notice was posted Malaysia transport update 2024 06 26 There are 14 comments in total author reply Show 2 replies Say something,0,normal_travel_tip,synthetic_mock
lrt klcc - 小红书搜索 - Google Chrome,1318,mock_post_1318.png,lrt klcc - 小红书搜索 - Google Chrome,2026-02-23T05:58:00,"Xiaoxuan Talk Malaysia Official
focus on
Passengers were asked to get off at Pasar Seni due to train fault and wait for replacement at Universiti.
Passengers shared delay slip and crowding evidence during rush hour
Rapid KL staff guided queue and temporary shuttle arrangement
Malaysia transport update 2026-02-22
There are 18 comments in total
author
reply
Show 2 replies
Say something",Passengers were asked to get off at Pasar Seni due to train fault and wait for replacement at Universiti Passengers shared delay slip and crowding evidence during rush hour Rapid KL staff guided queue and temporary shuttle arrangement Malaysia transport update 2026 02 22 There are 18 comments in total author reply Show 2 replies Say something,1,incident_train_fault,synthetic_mock
lrtkelanajaya线 - 小红书搜索 - Google Chrome,1319,mock_post_1319.png,lrtkelanajaya线 - 小红书搜索 - Google Chrome,2026-02-23T05:59:00,"Leisurely kitten
focus on
Commuting to work was smooth and station crowd level was manageable today at KLCC.
People shared regular commute and station photos
No emergency notice was posted
There are 9 comments in total
author
reply
Show 1 replies
Say something",Commuting to work was smooth and station crowd level was manageable today at KLCC People shared regular commute and station photos No emergency notice was posted There are 9 comments in total author reply Show 1 replies Say something,0,normal_commute,synthetic_mock
地铁 马来西亚 - 小红书搜索 - Google Chrome,1320,mock_post_1320.png,地铁 马来西亚 - 小红书搜索 - Google Chrome,2026-02-23T06:00:00,"Xiaoxuan Talk Malaysia Official
focus on
Commuters reported long queue and train delay after track maintenance at Universiti station at Kelana Jaya.
Passengers shared delay slip and crowding evidence during rush hour
Rapid KL staff guided queue and temporary shuttle arrangement
Malaysia transport update 2024-07-04
There are 4 comments in total
author
reply
Show 1 replies
Say something",Commuters reported long queue and train delay after track maintenance at Universiti station at Kelana Jaya Passengers shared delay slip and crowding evidence during rush hour Rapid KL staff guided queue and temporary shuttle arrangement Malaysia transport update 2024 07 04 There are 4 comments in total author reply Show 1 replies Say something,1,incident_delay,synthetic_mock
地铁 马来西亚 - 小红书搜索 - Google Chrome,1321,mock_post_1321.png,地铁 马来西亚 - 小红书搜索 - Google Chrome,2026-02-23T06:01:00,"Little Red Potato 66A1
focus on
General city transport post not related to outage or malfunction at Gombak.
People shared regular commute and station photos
No emergency notice was posted
There are 16 comments in total
author
reply
Show 1 replies
Say something",General city transport post not related to outage or malfunction at Gombak People shared regular commute and station photos No emergency notice was posted There are 16 comments in total author reply Show 1 replies Say something,0,normal_general,synthetic_mock
mrt fault - 小红书搜索 - Google Chrome,1322,mock_post_1322.png,mrt fault - 小红书搜索 - Google Chrome,2026-02-23T06:02:00,"KL daily commuter
focus on
Commuters reported long queue and train delay after track maintenance at Universiti station at KL Sentral.
Passengers shared delay slip and crowding evidence during rush hour
Rapid KL staff guided queue and temporary shuttle arrangement
Malaysia transport update 2025-10-04
There are 2 comments in total
author
reply
Show 1 replies
Say something",Commuters reported long queue and train delay after track maintenance at Universiti station at KL Sentral Passengers shared delay slip and crowding evidence during rush hour Rapid KL staff guided queue and temporary shuttle arrangement Malaysia transport update 2025 10 04 There are 2 comments in total author reply Show 1 replies Say something,1,incident_delay,synthetic_mock
🇲🇾LRT KelanajayaLine通告，列车降速 - 小红书 - Google Chrome,1323,mock_post_1323.png,🇲🇾LRT KelanajayaLine通告，列车降速 - 小红书 - Google Chrome,2026-02-23T06:03:00,"Leisurely kitten
focus on
No disruption observed and transfer between lines completed without waiting at Pasar Seni.
People shared regular commute and station photos
No emergency notice was posted
There are 18 comments in total
author
reply
Show 3 replies
Say something",No disruption observed and transfer between lines completed without waiting at Pasar Seni People shared regular commute and station photos No emergency notice was posted There are 18 comments in total author reply Show 3 replies Say something,0,normal_no_incident,synthetic_mock
lrtkelanajaya故障 - 小红书搜索 - Google Chrome,1324,mock_post_1324.png,lrtkelanajaya故障 - 小红书搜索 - Google Chrome,2026-02-23T06:04:00,"Little Red Potato 66A1
focus on
Power trip caused brief outage and service resumed after technicians completed repair at Ampang Park.
Passengers shared delay slip and crowding evidence during rush hour
Rapid KL staff guided queue and temporary shuttle arrangement
Malaysia transport update 2024-11-17
There are 5 comments in total
author
reply
Show 3 replies
Say something",Power trip caused brief outage and service resumed after technicians completed repair at Ampang Park Passengers shared delay slip and crowding evidence during rush hour Rapid KL staff guided queue and temporary shuttle arrangement Malaysia transport update 2024 11 17 There are 5 comments in total author reply Show 3 replies Say something,1,incident_power_outage,synthetic_mock
🇲🇾LRT停运 注意了‼️ - 小红书 - Google Chrome,1325,mock_post_1325.png,🇲🇾LRT停运 注意了‼️ - 小红书 - Google Chrome,2026-02-23T06:05:00,"Little Red Potato 66A1
focus on
Service update says all lines are stable with no major delay this morning at Wangsa Maju.
People shared regular commute and station photos
No emergency notice was posted
There are 2 comments in total
author
reply
Show 3 replies
Say something",Service update says all lines are stable with no major delay this morning at Wangsa Maju People shared regular commute and station photos No emergency notice was posted There are 2 comments in total author reply Show 3 replies Say something,0,normal_update,synthetic_mock
mrtkajang问题 - 小红书搜索 - Google Chrome,1326,mock_post_1326.png,mrtkajang问题 - 小红书搜索 - Google Chrome,2026-02-23T06:06:00,"City transit watcher
focus on
Commuters reported long queue and train delay after track maintenance at Universiti station at Universiti.
Passengers shared delay slip and crowding evidence during rush hour
Rapid KL staff guided queue and temporary shuttle arrangement
There are 15 comments in total
author
reply
Show 1 replies
Say something",Commuters reported long queue and train delay after track maintenance at Universiti station at Universiti Passengers shared delay slip and crowding evidence during rush hour Rapid KL staff guided queue and temporary shuttle arrangement There are 15 comments in total author reply Show 1 replies Say something,1,incident_delay,synthetic_mock
🇲🇾LRT停运 注意了‼️ - 小红书 - Google Chrome,1327,mock_post_1327.png,🇲🇾LRT停运 注意了‼️ - 小红书 - Google Chrome,2026-02-23T06:07:00,"Little Red Potato 66A1
focus on
Commuting to work was smooth and station crowd level was manageable today at Ampang Park.
People shared regular commute and station photos
No emergency notice was posted
Malaysia transport update 2025-09-23
There are 8 comments in total
author
reply
Show 2 replies
Say something",Commuting to work was smooth and station crowd level was manageable today at Ampang Park People shared regular commute and station photos No emergency notice was posted Malaysia transport update 2025 09 23 There are 8 comments in total author reply Show 2 replies Say something,0,normal_commute,synthetic_mock
lrt klcc - 小红书搜索 - Google Chrome,1328,mock_post_1328.png,lrt klcc - 小红书搜索 - Google Chrome,2026-02-23T06:08:00,"Rapid commuter diary
focus on
LRT Kelana Jaya line had a signaling issue during peak hour and trains moved slowly at Gombak.
Passengers shared delay slip and crowding evidence during rush hour
Rapid KL staff guided queue and temporary shuttle arrangement
There are 3 comments in total
author
reply
Show 3 replies
Say something",LRT Kelana Jaya line had a signaling issue during peak hour and trains moved slowly at Gombak Passengers shared delay slip and crowding evidence during rush hour Rapid KL staff guided queue and temporary shuttle arrangement There are 3 comments in total author reply Show 3 replies Say something,1,incident_breakdown,synthetic_mock
mrtkajang问题 - 小红书搜索 - Google Chrome,1329,mock_post_1329.png,mrtkajang问题 - 小红书搜索 - Google Chrome,2026-02-23T06:09:00,"Xiaoxuan Talk Malaysia Official
focus on
Normal operation resumed and train intervals are back to schedule at Universiti.
People shared regular commute and station photos
No emergency notice was posted
Malaysia transport update 2024-02-24
There are 10 comments in total
author
reply
Show 3 replies
Say something",Normal operation resumed and train intervals are back to schedule at Universiti People shared regular commute and station photos No emergency notice was posted Malaysia transport update 2024 02 24 There are 10 comments in total author reply Show 3 replies Say something,0,normal_operation,synthetic_mock
🇲🇾LRT停运 注意了‼️ - 小红书 - Google Chrome,1330,mock_post_1330.png,🇲🇾LRT停运 注意了‼️ - 小红书 - Google Chrome,2026-02-23T06:10:00,"City transit watcher
focus on
LRT Kelana Jaya line had a signaling issue during peak hour and trains moved slowly at Wangsa Maju.
Passengers shared delay slip and crowding evidence during rush hour
Rapid KL staff guided queue and temporary shuttle arrangement
Malaysia transport update 2026-03-16
There are 16 comments in total
author
reply
Show 3 replies
Say something",LRT Kelana Jaya line had a signaling issue during peak hour and trains moved slowly at Wangsa Maju Passengers shared delay slip and crowding evidence during rush hour Rapid KL staff guided queue and temporary shuttle arrangement Malaysia transport update 2026 03 16 There are 16 comments in total author reply Show 3 replies Say something,1,incident_breakdown,synthetic_mock
mrt kajang - 小红书搜索 - Google Chrome,1331,mock_post_1331.png,mrt kajang - 小红书搜索 - Google Chrome,2026-02-23T06:11:00,"City transit watcher
focus on
General city transport post not related to outage or malfunction at Masjid Jamek.
People shared regular commute and station photos
No emergency notice was posted
Malaysia transport update 2024-10-07
There are 1 comments in total
author
reply
Show 3 replies
Say something",General city transport post not related to outage or malfunction at Masjid Jamek People shared regular commute and station photos No emergency notice was posted Malaysia transport update 2024 10 07 There are 1 comments in total author reply Show 3 replies Say something,0,normal_general,synthetic_mock
🇲🇾LRT KelanajayaLine通告，列车降速 - 小红书 - Google Chrome,1332,mock_post_1332.png,🇲🇾LRT KelanajayaLine通告，列车降速 - 小红书 - Google Chrome,2026-02-23T06:12:00,"City transit watcher
focus on
Kelana Jaya line maintenance phase affected frequency and caused crowding at stations at Masjid Jamek.
Passengers shared delay slip and crowding evidence during rush hour
Rapid KL staff guided queue and temporary shuttle arrangement
Malaysia transport update 2026-11-27
There are 17 comments in total
author
reply
Show 3 replies
Say something",Kelana Jaya line maintenance phase affected frequency and caused crowding at stations at Masjid Jamek Passengers shared delay slip and crowding evidence during rush hour Rapid KL staff guided queue and temporary shuttle arrangement Malaysia transport update 2026 11 27 There are 17 comments in total author reply Show 3 replies Say something,1,incident_maintenance_impact,synthetic_mock
lrtkelanajaya故障 - 小红书搜索 - Google Chrome,1333,mock_post_1333.png,lrtkelanajaya故障 - 小红书搜索 - Google Chrome,2026-02-23T06:13:00,"Rapid commuter diary
focus on
Normal operation resumed and train intervals are back to schedule at KL Sentral.
People shared regular commute and station photos
No emergency notice was posted
There are 17 comments in total
author
reply
Show 1 replies
Say something",Normal operation resumed and train intervals are back to schedule at KL Sentral People shared regular commute and station photos No emergency notice was posted There are 17 comments in total author reply Show 1 replies Say something,0,normal_operation,synthetic_mock
lrtkelanajaya故障 - 小红书搜索 - Google Chrome,1334,mock_post_1334.png,lrtkelanajaya故障 - 小红书搜索 - Google Chrome,2026-02-23T06:14:00,"KL daily commuter
focus on
LRT Kelana Jaya line had a signaling issue during peak hour and trains moved slowly at Putra Heights.
Passengers shared delay slip and crowding evidence during rush hour
Rapid KL staff guided queue and temporary shuttle arrangement
Malaysia transport update 2025-01-14
There are 16 comments in total
author
reply
Show 2 replies
Say something",LRT Kelana Jaya line had a signaling issue during peak hour and trains moved slowly at Putra Heights Passengers shared delay slip and crowding evidence during rush hour Rapid KL staff guided queue and temporary shuttle arrangement Malaysia transport update 2025 01 14 There are 16 comments in total author reply Show 2 replies Say something,1,incident_breakdown,synthetic_mock
lrt klcc - 小红书搜索 - Google Chrome,1335,mock_post_1335.png,lrt klcc - 小红书搜索 - Google Chrome,2026-02-23T06:15:00,"Leisurely kitten
focus on
Commuting to work was smooth and station crowd level was manageable today at KLCC.
People shared regular commute and station photos
No emergency notice was posted
There are 8 comments in total
author
reply
Show 3 replies
Say something",Commuting to work was smooth and station crowd level was manageable today at KLCC People shared regular commute and station photos No emergency notice was posted There are 8 comments in total author reply Show 3 replies Say something,0,normal_commute,synthetic_mock
mrt - 小红书搜索 - Google Chrome,1336,mock_post_1336.png,mrt - 小红书搜索 - Google Chrome,2026-02-23T06:16:00,"Rapid commuter diary
focus on
Commuters reported long queue and train delay after track maintenance at Universiti station at Gombak.
Passengers shared delay slip and crowding evidence during rush hour
Rapid KL staff guided queue and temporary shuttle arrangement
Malaysia transport update 2024-01-24
There are 13 comments in total
author
reply
Show 1 replies
Say something",Commuters reported long queue and train delay after track maintenance at Universiti station at Gombak Passengers shared delay slip and crowding evidence during rush hour Rapid KL staff guided queue and temporary shuttle arrangement Malaysia transport update 2024 01 24 There are 13 comments in total author reply Show 1 replies Say something,1,incident_delay,synthetic_mock
mrtkajang问题 - 小红书搜索 - Google Chrome,1337,mock_post_1337.png,mrtkajang问题 - 小红书搜索 - Google Chrome,2026-02-23T06:17:00,"KL daily commuter
focus on
General city transport post not related to outage or malfunction at Masjid Jamek.
People shared regular commute and station photos
No emergency notice was posted
There are 15 comments in total
author
reply
Show 3 replies
Say something",General city transport post not related to outage or malfunction at Masjid Jamek People shared regular commute and station photos No emergency notice was posted There are 15 comments in total author reply Show 3 replies Say something,0,normal_general,synthetic_mock
mrt fault - 小红书搜索 - Google Chrome,1338,mock_post_1338.png,mrt fault - 小红书搜索 - Google Chrome,2026-02-23T06:18:00,"Xiaoxuan Talk Malaysia Official
focus on
LRT Kelana Jaya line had a signaling issue during peak hour and trains moved slowly at Putra Heights.
Passengers shared delay slip and crowding evidence during rush hour
Rapid KL staff guided queue and temporary shuttle arrangement
There are 11 comments in total
author
reply
Show 2 replies
Say something",LRT Kelana Jaya line had a signaling issue during peak hour and trains moved slowly at Putra Heights Passengers shared delay slip and crowding evidence during rush hour Rapid KL staff guided queue and temporary shuttle arrangement There are 11 comments in total author reply Show 2 replies Say something,1,incident_breakdown,synthetic_mock
mrt fault - 小红书搜索 - Google Chrome,1339,mock_post_1339.png,mrt fault - 小红书搜索 - Google Chrome,2026-02-23T06:19:00,"Leisurely kitten
focus on
Normal operation resumed and train intervals are back to schedule at Kelana Jaya.
People shared regular commute and station photos
No emergency notice was posted
There are 6 comments in total
author
reply
Show 2 replies
Say something",Normal operation resumed and train intervals are back to schedule at Kelana Jaya People shared regular commute and station photos No emergency notice was posted There are 6 comments in total author reply Show 2 replies Say something,0,normal_operation,synthetic_mock
lrt klcc - 小红书搜索 - Google Chrome,1340,mock_post_1340.png,lrt klcc - 小红书搜索 - Google Chrome,2026-02-23T06:20:00,"Rapid commuter diary
focus on
LRT Kelana Jaya line had a signaling issue during peak hour and trains moved slowly at KLCC.
Passengers shared delay slip and crowding evidence during rush hour
Rapid KL staff guided queue and temporary shuttle arrangement
Malaysia transport update 2024-09-17
There are 5 comments in total
author
reply
Show 2 replies
Say something",LRT Kelana Jaya line had a signaling issue during peak hour and trains moved slowly at KLCC Passengers shared delay slip and crowding evidence during rush hour Rapid KL staff guided queue and temporary shuttle arrangement Malaysia transport update 2024 09 17 There are 5 comments in total author reply Show 2 replies Say something,1,incident_breakdown,synthetic_mock
mrtkajang问题 - 小红书搜索 - Google Chrome,1341,mock_post_1341.png,mrtkajang问题 - 小红书搜索 - Google Chrome,2026-02-23T06:21:00,"Ootashi store
focus on
No disruption observed and transfer between lines completed without waiting at Kelana Jaya.
People shared regular commute and station photos
No emergency notice was posted
There are 9 comments in total
author
reply
Show 1 replies
Say something",No disruption observed and transfer between lines completed without waiting at Kelana Jaya People shared regular commute and station photos No emergency notice was posted There are 9 comments in total author reply Show 1 replies Say something,0,normal_no_incident,synthetic_mock
mrtkajang问题 - 小红书搜索 - Google Chrome,1342,mock_post_1342.png,mrtkajang问题 - 小红书搜索 - Google Chrome,2026-02-23T06:22:00,"Leisurely kitten
focus on
Power trip caused brief outage and service resumed after technicians completed repair at Putra Heights.
Passengers shared delay slip and crowding evidence during rush hour
Rapid KL staff guided queue and temporary shuttle arrangement
Malaysia transport update 2024-09-26
There are 9 comments in total
author
reply
Show 1 replies
Say something",Power trip caused brief outage and service resumed after technicians completed repair at Putra Heights Passengers shared delay slip and crowding evidence during rush hour Rapid KL staff guided queue and temporary shuttle arrangement Malaysia transport update 2024 09 26 There are 9 comments in total author reply Show 1 replies Say something,1,incident_power_outage,synthetic_mock
lrtkelanajaya线 - 小红书搜索 - Google Chrome,1343,mock_post_1343.png,lrtkelanajaya线 - 小红书搜索 - Google Chrome,2026-02-23T06:23:00,"Ootashi store
focus on
General city transport post not related to outage or malfunction at Ampang Park.
People shared regular commute and station photos
No emergency notice was posted
Malaysia transport update 2026-07-01
There are 12 comments in total
author
reply
Show 3 replies
Say something",General city transport post not related to outage or malfunction at Ampang Park People shared regular commute and station photos No emergency notice was posted Malaysia transport update 2026 07 01 There are 12 comments in total author reply Show 3 replies Say something,0,normal_general,synthetic_mock
lrtkelanajaya故障 - 小红书搜索 - Google Chrome,1344,mock_post_1344.png,lrtkelanajaya故障 - 小红书搜索 - Google Chrome,2026-02-23T06:24:00,"Leisurely kitten
focus on
LRT Kelana Jaya line had a signaling issue during peak hour and trains moved slowly at Universiti.
Passengers shared delay slip and crowding evidence during rush hour
Rapid KL staff guided queue and temporary shuttle arrangement
Malaysia transport update 2025-07-24
There are 11 comments in total
author
reply
Show 1 replies
Say something",LRT Kelana Jaya line had a signaling issue during peak hour and trains moved slowly at Universiti Passengers shared delay slip and crowding evidence during rush hour Rapid KL staff guided queue and temporary shuttle arrangement Malaysia transport update 2025 07 24 There are 11 comments in total author reply Show 1 replies Say something,1,incident_breakdown,synthetic_mock
mrt kajang - 小红书搜索 - Google Chrome,1345,mock_post_1345.png,mrt kajang - 小红书搜索 - Google Chrome,2026-02-23T06:25:00,"Rapid commuter diary
focus on
General city transport post not related to outage or malfunction at Universiti.
People shared regular commute and station photos
No emergency notice was posted
There are 9 comments in total
author
reply
Show 1 replies
Say something",General city transport post not related to outage or malfunction at Universiti People shared regular commute and station photos No emergency notice was posted There are 9 comments in total author reply Show 1 replies Say something,0,normal_general,synthetic_mock
mrt kajang - 小红书搜索 - Google Chrome,1346,mock_post_1346.png,mrt kajang - 小红书搜索 - Google Chrome,2026-02-23T06:26:00,"Rapid commuter diary
focus on
Power trip caused brief outage and service resumed after technicians completed repair at Masjid Jamek.
Passengers shared delay slip and crowding evidence during rush hour
Rapid KL staff guided queue and temporary shuttle arrangement
There are 5 comments in total
author
reply
Show 2 replies
Say something",Power trip caused brief outage and service resumed after technicians completed repair at Masjid Jamek Passengers shared delay slip and crowding evidence during rush hour Rapid KL staff guided queue and temporary shuttle arrangement There are 5 comments in total author reply Show 2 replies Say something,1,incident_power_outage,synthetic_mock
地铁 马来西亚 - 小红书搜索 - Google Chrome,1347,mock_post_1347.png,地铁 马来西亚 - 小红书搜索 - Google Chrome,2026-02-23T06:27:00,"Ootashi store
focus on
Routine travel post about route tips and fare sharing at Wangsa Maju.
People shared regular commute and station photos
No emergency notice was posted
Malaysia transport update 2024-01-05
There are 5 comments in total
author
reply
Show 2 replies
Say something",Routine travel post about route tips and fare sharing at Wangsa Maju People shared regular commute and station photos No emergency notice was posted Malaysia transport update 2024 01 05 There are 5 comments in total author reply Show 2 replies Say something,0,normal_travel_tip,synthetic_mock
🇲🇾LRT KelanajayaLine通告，列车降速 - 小红书 - Google Chrome,1348,mock_post_1348.png,🇲🇾LRT KelanajayaLine通告，列车降速 - 小红书 - Google Chrome,2026-02-23T06:28:00,"Xiaoxuan Talk Malaysia Official
focus on
LRT Kelana Jaya line had a signaling issue during peak hour and trains moved slowly at Universiti.
Passengers shared delay slip and crowding evidence during rush hour
Rapid KL staff guided queue and temporary shuttle arrangement
There are 11 comments in total
author
reply
Show 2 replies
Say something",LRT Kelana Jaya line had a signaling issue during peak hour and trains moved slowly at Universiti Passengers shared delay slip and crowding evidence during rush hour Rapid KL staff guided queue and temporary shuttle arrangement There are 11 comments in total author reply Show 2 replies Say something,1,incident_breakdown,synthetic_mock
🇲🇾LRT KelanajayaLine通告，列车降速 - 小红书 - Google Chrome,1349,mock_post_1349.png,🇲🇾LRT KelanajayaLine通告，列车降速 - 小红书 - Google Chrome,2026-02-23T06:29:00,"Rapid commuter diary
focus on
General city transport post not related to outage or malfunction at Kelana Jaya.
People shared regular commute and station photos
No emergency notice was posted
Malaysia transport update 2025-08-03
There are 14 comments in total
author
reply
Show 1 replies
Say something",General city transport post not related to outage or malfunction at Kelana Jaya People shared regular commute and station photos No emergency notice was posted Malaysia transport update 2025 08 03 There are 14 comments in total author reply Show 1 replies Say something,0,normal_general,synthetic_mock
mrt kajang - 小红书搜索 - Google Chrome,1350,mock_post_1350.png,mrt kajang - 小红书搜索 - Google Chrome,2026-02-23T06:30:00,"Ootashi store
focus on
Rapid KL announced temporary service disruption between KLCC and Gombak with shuttle support at Masjid Jamek.
Passengers shared delay slip and crowding evidence during rush hour
Rapid KL staff guided queue and temporary shuttle arrangement
Malaysia transport update 2024-05-23
There are 8 comments in total
author
reply
Show 3 replies
Say something",Rapid KL announced temporary service disruption between KLCC and Gombak with shuttle support at Masjid Jamek Passengers shared delay slip and crowding evidence during rush hour Rapid KL staff guided queue and temporary shuttle arrangement Malaysia transport update 2024 05 23 There are 8 comments in total author reply Show 3 replies Say something,1,incident_service_disruption,synthetic_mock
地铁 马来西亚 - 小红书搜索 - Google Chrome,1351,mock_post_1351.png,地铁 马来西亚 - 小红书搜索 - Google Chrome,2026-02-23T06:31:00,"City transit watcher
focus on
Service update says all lines are stable with no major delay this morning at Ampang Park.
People shared regular commute and station photos
No emergency notice was posted
There are 4 comments in total
author
reply
Show 3 replies
Say something",Service update says all lines are stable with no major delay this morning at Ampang Park People shared regular commute and station photos No emergency notice was posted There are 4 comments in total author reply Show 3 replies Say something,0,normal_update,synthetic_mock
lrt klcc - 小红书搜索 - Google Chrome,1352,mock_post_1352.png,lrt klcc - 小红书搜索 - Google Chrome,2026-02-23T06:32:00,"Ootashi store
focus on
Passengers were asked to get off at Pasar Seni due to train fault and wait for replacement at Pasar Seni.
Passengers shared delay slip and crowding evidence during rush hour
Rapid KL staff guided queue and temporary shuttle arrangement
There are 5 comments in total
author
reply
Show 1 replies
Say something",Passengers were asked to get off at Pasar Seni due to train fault and wait for replacement at Pasar Seni Passengers shared delay slip and crowding evidence during rush hour Rapid KL staff guided queue and temporary shuttle arrangement There are 5 comments in total author reply Show 1 replies Say something,1,incident_train_fault,synthetic_mock
lrtkelanajaya线 - 小红书搜索 - Google Chrome,1353,mock_post_1353.png,lrtkelanajaya线 - 小红书搜索 - Google Chrome,2026-02-23T06:33:00,"Xiaoxuan Talk Malaysia Official
focus on
Service update says all lines are stable with no major delay this morning at Wangsa Maju.
People shared regular commute and station photos
No emergency notice was posted
Malaysia transport update 2024-03-14
There are 1 comments in total
author
reply
Show 3 replies
Say something",Service update says all lines are stable with no major delay this morning at Wangsa Maju People shared regular commute and station photos No emergency notice was posted Malaysia transport update 2024 03 14 There are 1 comments in total author reply Show 3 replies Say something,0,normal_update,synthetic_mock
mrt fault - 小红书搜索 - Google Chrome,1354,mock_post_1354.png,mrt fault - 小红书搜索 - Google Chrome,2026-02-23T06:34:00,"Rapid commuter diary
focus on
LRT Kelana Jaya line had a signaling issue during peak hour and trains moved slowly at Kelana Jaya.
Passengers shared delay slip and crowding evidence during rush hour
Rapid KL staff guided queue and temporary shuttle arrangement
Malaysia transport update 2025-12-21
There are 8 comments in total
author
reply
Show 1 replies
Say something",LRT Kelana Jaya line had a signaling issue during peak hour and trains moved slowly at Kelana Jaya Passengers shared delay slip and crowding evidence during rush hour Rapid KL staff guided queue and temporary shuttle arrangement Malaysia transport update 2025 12 21 There are 8 comments in total author reply Show 1 replies Say something,1,incident_breakdown,synthetic_mock
mrt fault - 小红书搜索 - Google Chrome,1355,mock_post_1355.png,mrt fault - 小红书搜索 - Google Chrome,2026-02-23T06:35:00,"Xiaoxuan Talk Malaysia Official
focus on
No disruption observed and transfer between lines completed without waiting at Ampang Park.
People shared regular commute and station photos
No emergency notice was posted
Malaysia transport update 2026-01-10
There are 4 comments in total
author
reply
Show 2 replies
Say something",No disruption observed and transfer between lines completed without waiting at Ampang Park People shared regular commute and station photos No emergency notice was posted Malaysia transport update 2026 01 10 There are 4 comments in total author reply Show 2 replies Say something,0,normal_no_incident,synthetic_mock
lrt is bad again - Xiaohongshu search - Google Chrome,1356,mock_post_1356.png,lrt is bad again - Xiaohongshu search - Google Chrome,2026-02-23T06:36:00,"City transit watcher
focus on
Commuters reported long queue and train delay after track maintenance at Universiti station at Putra Heights.
Passengers shared delay slip and crowding evidence during rush hour
Rapid KL staff guided queue and temporary shuttle arrangement
Malaysia transport update 2025-01-06
There are 2 comments in total
author
reply
Show 1 replies
Say something",Commuters reported long queue and train delay after track maintenance at Universiti station at Putra Heights Passengers shared delay slip and crowding evidence during rush hour Rapid KL staff guided queue and temporary shuttle arrangement Malaysia transport update 2025 01 06 There are 2 comments in total author reply Show 1 replies Say something,1,incident_delay,synthetic_mock
mrt - 小红书搜索 - Google Chrome,1357,mock_post_1357.png,mrt - 小红书搜索 - Google Chrome,2026-02-23T06:37:00,"Ootashi store
focus on
General city transport post not related to outage or malfunction at Putra Heights.
People shared regular commute and station photos
No emergency notice was posted
Malaysia transport update 2025-10-04
There are 14 comments in total
author
reply
Show 1 replies
Say something",General city transport post not related to outage or malfunction at Putra Heights People shared regular commute and station photos No emergency notice was posted Malaysia transport update 2025 10 04 There are 14 comments in total author reply Show 1 replies Say something,0,normal_general,synthetic_mock
mrt fault - 小红书搜索 - Google Chrome,1358,mock_post_1358.png,mrt fault - 小红书搜索 - Google Chrome,2026-02-23T06:38:00,"Leisurely kitten
focus on
Power trip caused brief outage and service resumed after technicians completed repair at Putra Heights.
Passengers shared delay slip and crowding evidence during rush hour
Rapid KL staff guided queue and temporary shuttle arrangement
Malaysia transport update 2024-11-01
There are 18 comments in total
author
reply
Show 1 replies
Say something",Power trip caused brief outage and service resumed after technicians completed repair at Putra Heights Passengers shared delay slip and crowding evidence during rush hour Rapid KL staff guided queue and temporary shuttle arrangement Malaysia transport update 2024 11 01 There are 18 comments in total author reply Show 1 replies Say something,1,incident_power_outage,synthetic_mock
mrt fault - 小红书搜索 - Google Chrome,1359,mock_post_1359.png,mrt fault - 小红书搜索 - Google Chrome,2026-02-23T06:39:00,"City transit watcher
focus on
Commuting to work was smooth and station crowd level was manageable today at Putra Heights.
People shared regular commute and station photos
No emergency notice was posted
There are 17 comments in total
author
reply
Show 3 replies
Say something",Commuting to work was smooth and station crowd level was manageable today at Putra Heights People shared regular commute and station photos No emergency notice was posted There are 17 comments in total author reply Show 3 replies Say something,0,normal_commute,synthetic_mock
lrtkelanajaya故障 - 小红书搜索 - Google Chrome,1360,mock_post_1360.png,lrtkelanajaya故障 - 小红书搜索 - Google Chrome,2026-02-23T06:40:00,"Ootashi store
focus on
Rapid KL announced temporary service disruption between KLCC and Gombak with shuttle support at Gombak.
Passengers shared delay slip and crowding evidence during rush hour
Rapid KL staff guided queue and temporary shuttle arrangement
There are 3 comments in total
author
reply
Show 1 replies
Say something",Rapid KL announced temporary service disruption between KLCC and Gombak with shuttle support at Gombak Passengers shared delay slip and crowding evidence during rush hour Rapid KL staff guided queue and temporary shuttle arrangement There are 3 comments in total author reply Show 1 replies Say something,1,incident_service_disruption,synthetic_mock
lrt klcc - 小红书搜索 - Google Chrome,1361,mock_post_1361.png,lrt klcc - 小红书搜索 - Google Chrome,2026-02-23T06:41:00,"Xiaoxuan Talk Malaysia Official
focus on
General city transport post not related to outage or malfunction at KL Sentral.
People shared regular commute and station photos
No emergency notice was posted
Malaysia transport update 2026-04-07
There are 15 comments in total
author
reply
Show 1 replies
Say something",General city transport post not related to outage or malfunction at KL Sentral People shared regular commute and station photos No emergency notice was posted Malaysia transport update 2026 04 07 There are 15 comments in total author reply Show 1 replies Say something,0,normal_general,synthetic_mock
lrtkelanajaya故障 - 小红书搜索 - Google Chrome,1362,mock_post_1362.png,lrtkelanajaya故障 - 小红书搜索 - Google Chrome,2026-02-23T06:42:00,"Leisurely kitten
focus on
Passengers were asked to get off at Pasar Seni due to train fault and wait for replacement at KL Sentral.
Passengers shared delay slip and crowding evidence during rush hour
Rapid KL staff guided queue and temporary shuttle arrangement
Malaysia transport update 2025-04-18
There are 5 comments in total
author
reply
Show 1 replies
Say something",Passengers were asked to get off at Pasar Seni due to train fault and wait for replacement at KL Sentral Passengers shared delay slip and crowding evidence during rush hour Rapid KL staff guided queue and temporary shuttle arrangement Malaysia transport update 2025 04 18 There are 5 comments in total author reply Show 1 replies Say something,1,incident_train_fault,synthetic_mock
mrt fault - 小红书搜索 - Google Chrome,1363,mock_post_1363.png,mrt fault - 小红书搜索 - Google Chrome,2026-02-23T06:43:00,"Little Red Potato 66A1
focus on
Service update says all lines are stable with no major delay this morning at Wangsa Maju.
People shared regular commute and station photos
No emergency notice was posted
There are 18 comments in total
author
reply
Show 2 replies
Say something",Service update says all lines are stable with no major delay this morning at Wangsa Maju People shared regular commute and station photos No emergency notice was posted There are 18 comments in total author reply Show 2 replies Say something,0,normal_update,synthetic_mock
🇲🇾LRT KelanajayaLine通告，列车降速 - 小红书 - Google Chrome,1364,mock_post_1364.png,🇲🇾LRT KelanajayaLine通告，列车降速 - 小红书 - Google Chrome,2026-02-23T06:44:00,"Rapid commuter diary
focus on
Power trip caused brief outage and service resumed after technicians completed repair at KLCC.
Passengers shared delay slip and crowding evidence during rush hour
Rapid KL staff guided queue and temporary shuttle arrangement
Malaysia transport update 2025-09-17
There are 1 comments in total
author
reply
Show 1 replies
Say something",Power trip caused brief outage and service resumed after technicians completed repair at KLCC Passengers shared delay slip and crowding evidence during rush hour Rapid KL staff guided queue and temporary shuttle arrangement Malaysia transport update 2025 09 17 There are 1 comments in total author reply Show 1 replies Say something,1,incident_power_outage,synthetic_mock
mrt kajang - 小红书搜索 - Google Chrome,1365,mock_post_1365.png,mrt kajang - 小红书搜索 - Google Chrome,2026-02-23T06:45:00,"Leisurely kitten
focus on
Commuting to work was smooth and station crowd level was manageable today at Pasar Seni.
People shared regular commute and station photos
No emergency notice was posted
Malaysia transport update 2026-01-26
There are 7 comments in total
author
reply
Show 3 replies
Say something",Commuting to work was smooth and station crowd level was manageable today at Pasar Seni People shared regular commute and station photos No emergency notice was posted Malaysia transport update 2026 01 26 There are 7 comments in total author reply Show 3 replies Say something,0,normal_commute,synthetic_mock
地铁 马来西亚 - 小红书搜索 - Google Chrome,1366,mock_post_1366.png,地铁 马来西亚 - 小红书搜索 - Google Chrome,2026-02-23T06:46:00,"KL daily commuter
focus on
Power trip caused brief outage and service resumed after technicians completed repair at Masjid Jamek.
Passengers shared delay slip and crowding evidence during rush hour
Rapid KL staff guided queue and temporary shuttle arrangement
Malaysia transport update 2024-03-15
There are 17 comments in total
author
reply
Show 2 replies
Say something",Power trip caused brief outage and service resumed after technicians completed repair at Masjid Jamek Passengers shared delay slip and crowding evidence during rush hour Rapid KL staff guided queue and temporary shuttle arrangement Malaysia transport update 2024 03 15 There are 17 comments in total author reply Show 2 replies Say something,1,incident_power_outage,synthetic_mock
lrt is bad again - Xiaohongshu search - Google Chrome,1367,mock_post_1367.png,lrt is bad again - Xiaohongshu search - Google Chrome,2026-02-23T06:47:00,"Little Red Potato 66A1
focus on
No disruption observed and transfer between lines completed without waiting at Wangsa Maju.
People shared regular commute and station photos
No emergency notice was posted
Malaysia transport update 2024-01-06
There are 7 comments in total
author
reply
Show 3 replies
Say something",No disruption observed and transfer between lines completed without waiting at Wangsa Maju People shared regular commute and station photos No emergency notice was posted Malaysia transport update 2024 01 06 There are 7 comments in total author reply Show 3 replies Say something,0,normal_no_incident,synthetic_mock
mrt - 小红书搜索 - Google Chrome,1368,mock_post_1368.png,mrt - 小红书搜索 - Google Chrome,2026-02-23T06:48:00,"Little Red Potato 66A1
focus on
Passengers were asked to get off at Pasar Seni due to train fault and wait for replacement at Ampang Park.
Passengers shared delay slip and crowding evidence during rush hour
Rapid KL staff guided queue and temporary shuttle arrangement
There are 17 comments in total
author
reply
Show 2 replies
Say something",Passengers were asked to get off at Pasar Seni due to train fault and wait for replacement at Ampang Park Passengers shared delay slip and crowding evidence during rush hour Rapid KL staff guided queue and temporary shuttle arrangement There are 17 comments in total author reply Show 2 replies Say something,1,incident_train_fault,synthetic_mock
lrtkelanajaya线 - 小红书搜索 - Google Chrome,1369,mock_post_1369.png,lrtkelanajaya线 - 小红书搜索 - Google Chrome,2026-02-23T06:49:00,"City transit watcher
focus on
Service update says all lines are stable with no major delay this morning at Gombak.
People shared regular commute and station photos
No emergency notice was posted
Malaysia transport update 2024-03-08
There are 2 comments in total
author
reply
Show 3 replies
Say something",Service update says all lines are stable with no major delay this morning at Gombak People shared regular commute and station photos No emergency notice was posted Malaysia transport update 2024 03 08 There are 2 comments in total author reply Show 3 replies Say something,0,normal_update,synthetic_mock
lrtkelanajaya线 - 小红书搜索 - Google Chrome,1370,mock_post_1370.png,lrtkelanajaya线 - 小红书搜索 - Google Chrome,2026-02-23T06:50:00,"City transit watcher
focus on
Commuters reported long queue and train delay after track maintenance at Universiti station at Kelana Jaya.
Passengers shared delay slip and crowding evidence during rush hour
Rapid KL staff guided queue and temporary shuttle arrangement
Malaysia transport update 2025-03-09
There are 2 comments in total
author
reply
Show 3 replies
Say something",Commuters reported long queue and train delay after track maintenance at Universiti station at Kelana Jaya Passengers shared delay slip and crowding evidence during rush hour Rapid KL staff guided queue and temporary shuttle arrangement Malaysia transport update 2025 03 09 There are 2 comments in total author reply Show 3 replies Say something,1,incident_delay,synthetic_mock
lrt klcc - 小红书搜索 - Google Chrome,1371,mock_post_1371.png,lrt klcc - 小红书搜索 - Google Chrome,2026-02-23T06:51:00,"Xiaoxuan Talk Malaysia Official
focus on
Service update says all lines are stable with no major delay this morning at Masjid Jamek.
People shared regular commute and station photos
No emergency notice was posted
Malaysia transport update 2025-11-20
There are 12 comments in total
author
reply
Show 2 replies
Say something",Service update says all lines are stable with no major delay this morning at Masjid Jamek People shared regular commute and station photos No emergency notice was posted Malaysia transport update 2025 11 20 There are 12 comments in total author reply Show 2 replies Say something,0,normal_update,synthetic_mock
mrt - 小红书搜索 - Google Chrome,1372,mock_post_1372.png,mrt - 小红书搜索 - Google Chrome,2026-02-23T06:52:00,"Leisurely kitten
focus on
Kelana Jaya line maintenance phase affected frequency and caused crowding at stations at Masjid Jamek.
Passengers shared delay slip and crowding evidence during rush hour
Rapid KL staff guided queue and temporary shuttle arrangement
There are 14 comments in total
author
reply
Show 3 replies
Say something",Kelana Jaya line maintenance phase affected frequency and caused crowding at stations at Masjid Jamek Passengers shared delay slip and crowding evidence during rush hour Rapid KL staff guided queue and temporary shuttle arrangement There are 14 comments in total author reply Show 3 replies Say something,1,incident_maintenance_impact,synthetic_mock
mrt - 小红书搜索 - Google Chrome,1373,mock_post_1373.png,mrt - 小红书搜索 - Google Chrome,2026-02-23T06:53:00,"City transit watcher
focus on
Commuting to work was smooth and station crowd level was manageable today at Kelana Jaya.
People shared regular commute and station photos
No emergency notice was posted
There are 12 comments in total
author
reply
Show 1 replies
Say something",Commuting to work was smooth and station crowd level was manageable today at Kelana Jaya People shared regular commute and station photos No emergency notice was posted There are 12 comments in total author reply Show 1 replies Say something,0,normal_commute,synthetic_mock
mrt - 小红书搜索 - Google Chrome,1374,mock_post_1374.png,mrt - 小红书搜索 - Google Chrome,2026-02-23T06:54:00,"Xiaoxuan Talk Malaysia Official
focus on
Rapid KL announced temporary service disruption between KLCC and Gombak with shuttle support at Gombak.
Passengers shared delay slip and crowding evidence during rush hour
Rapid KL staff guided queue and temporary shuttle arrangement
Malaysia transport update 2026-02-24
There are 13 comments in total
author
reply
Show 3 replies
Say something",Rapid KL announced temporary service disruption between KLCC and Gombak with shuttle support at Gombak Passengers shared delay slip and crowding evidence during rush hour Rapid KL staff guided queue and temporary shuttle arrangement Malaysia transport update 2026 02 24 There are 13 comments in total author reply Show 3 replies Say something,1,incident_service_disruption,synthetic_mock
🇲🇾LRT KelanajayaLine通告，列车降速 - 小红书 - Google Chrome,1375,mock_post_1375.png,🇲🇾LRT KelanajayaLine通告，列车降速 - 小红书 - Google Chrome,2026-02-23T06:55:00,"Little Red Potato 66A1
focus on
General city transport post not related to outage or malfunction at KL Sentral.
People shared regular commute and station photos
No emergency notice was posted
Malaysia transport update 2025-04-11
There are 9 comments in total
author
reply
Show 1 replies
Say something",General city transport post not related to outage or malfunction at KL Sentral People shared regular commute and station photos No emergency notice was posted Malaysia transport update 2025 04 11 There are 9 comments in total author reply Show 1 replies Say something,0,normal_general,synthetic_mock
mrtkajang问题 - 小红书搜索 - Google Chrome,1376,mock_post_1376.png,mrtkajang问题 - 小红书搜索 - Google Chrome,2026-02-23T06:56:00,"Ootashi store
focus on
Kelana Jaya line maintenance phase affected frequency and caused crowding at stations at Wangsa Maju.
Passengers shared delay slip and crowding evidence during rush hour
Rapid KL staff guided queue and temporary shuttle arrangement
Malaysia transport update 2026-12-14
There are 12 comments in total
author
reply
Show 1 replies
Say something",Kelana Jaya line maintenance phase affected frequency and caused crowding at stations at Wangsa Maju Passengers shared delay slip and crowding evidence during rush hour Rapid KL staff guided queue and temporary shuttle arrangement Malaysia transport update 2026 12 14 There are 12 comments in total author reply Show 1 replies Say something,1,incident_maintenance_impact,synthetic_mock
lrtkelanajaya故障 - 小红书搜索 - Google Chrome,1377,mock_post_1377.png,lrtkelanajaya故障 - 小红书搜索 - Google Chrome,2026-02-23T06:57:00,"Ootashi store
focus on
Normal operation resumed and train intervals are back to schedule at Ampang Park.
People shared regular commute and station photos
No emergency notice was posted
Malaysia transport update 2024-04-19
There are 16 comments in total
author
reply
Show 3 replies
Say something",Normal operation resumed and train intervals are back to schedule at Ampang Park People shared regular commute and station photos No emergency notice was posted Malaysia transport update 2024 04 19 There are 16 comments in total author reply Show 3 replies Say something,0,normal_operation,synthetic_mock
lrtkelanajaya故障 - 小红书搜索 - Google Chrome,1378,mock_post_1378.png,lrtkelanajaya故障 - 小红书搜索 - Google Chrome,2026-02-23T06:58:00,"Xiaoxuan Talk Malaysia Official
focus on
Kelana Jaya line maintenance phase affected frequency and caused crowding at stations at Gombak.
Passengers shared delay slip and crowding evidence during rush hour
Rapid KL staff guided queue and temporary shuttle arrangement
Malaysia transport update 2024-07-22
There are 7 comments in total
author
reply
Show 1 replies
Say something",Kelana Jaya line maintenance phase affected frequency and caused crowding at stations at Gombak Passengers shared delay slip and crowding evidence during rush hour Rapid KL staff guided queue and temporary shuttle arrangement Malaysia transport update 2024 07 22 There are 7 comments in total author reply Show 1 replies Say something,1,incident_maintenance_impact,synthetic_mock
lrt is bad again - Xiaohongshu search - Google Chrome,1379,mock_post_1379.png,lrt is bad again - Xiaohongshu search - Google Chrome,2026-02-23T06:59:00,"Ootashi store
focus on
Normal operation resumed and train intervals are back to schedule at Wangsa Maju.
People shared regular commute and station photos
No emergency notice was posted
Malaysia transport update 2026-07-04
There are 17 comments in total
author
reply
Show 1 replies
Say something",Normal operation resumed and train intervals are back to schedule at Wangsa Maju People shared regular commute and station photos No emergency notice was posted Malaysia transport update 2026 07 04 There are 17 comments in total author reply Show 1 replies Say something,0,normal_operation,synthetic_mock
lrtkelanajaya线 - 小红书搜索 - Google Chrome,1380,mock_post_1380.png,lrtkelanajaya线 - 小红书搜索 - Google Chrome,2026-02-23T07:00:00,"Rapid commuter diary
focus on
Passengers were asked to get off at Pasar Seni due to train fault and wait for replacement at KLCC.
Passengers shared delay slip and crowding evidence during rush hour
Rapid KL staff guided queue and temporary shuttle arrangement
Malaysia transport update 2024-01-25
There are 2 comments in total
author
reply
Show 1 replies
Say something",Passengers were asked to get off at Pasar Seni due to train fault and wait for replacement at KLCC Passengers shared delay slip and crowding evidence during rush hour Rapid KL staff guided queue and temporary shuttle arrangement Malaysia transport update 2024 01 25 There are 2 comments in total author reply Show 1 replies Say something,1,incident_train_fault,synthetic_mock
lrt klcc - 小红书搜索 - Google Chrome,1381,mock_post_1381.png,lrt klcc - 小红书搜索 - Google Chrome,2026-02-23T07:01:00,"Ootashi store
focus on
Normal operation resumed and train intervals are back to schedule at Gombak.
People shared regular commute and station photos
No emergency notice was posted
There are 1 comments in total
author
reply
Show 1 replies
Say something",Normal operation resumed and train intervals are back to schedule at Gombak People shared regular commute and station photos No emergency notice was posted There are 1 comments in total author reply Show 1 replies Say something,0,normal_operation,synthetic_mock
mrtkajang问题 - 小红书搜索 - Google Chrome,1382,mock_post_1382.png,mrtkajang问题 - 小红书搜索 - Google Chrome,2026-02-23T07:02:00,"KL daily commuter
focus on
Passengers were asked to get off at Pasar Seni due to train fault and wait for replacement at Putra Heights.
Passengers shared delay slip and crowding evidence during rush hour
Rapid KL staff guided queue and temporary shuttle arrangement
There are 7 comments in total
author
reply
Show 1 replies
Say something",Passengers were asked to get off at Pasar Seni due to train fault and wait for replacement at Putra Heights Passengers shared delay slip and crowding evidence during rush hour Rapid KL staff guided queue and temporary shuttle arrangement There are 7 comments in total author reply Show 1 replies Say something,1,incident_train_fault,synthetic_mock
地铁 马来西亚 - 小红书搜索 - Google Chrome,1383,mock_post_1383.png,地铁 马来西亚 - 小红书搜索 - Google Chrome,2026-02-23T07:03:00,"KL daily commuter
focus on
Routine travel post about route tips and fare sharing at Ampang Park.
People shared regular commute and station photos
No emergency notice was posted
Malaysia transport update 2025-08-05
There are 8 comments in total
author
reply
Show 1 replies
Say something",Routine travel post about route tips and fare sharing at Ampang Park People shared regular commute and station photos No emergency notice was posted Malaysia transport update 2025 08 05 There are 8 comments in total author reply Show 1 replies Say something,0,normal_travel_tip,synthetic_mock
lrt klcc - 小红书搜索 - Google Chrome,1384,mock_post_1384.png,lrt klcc - 小红书搜索 - Google Chrome,2026-02-23T07:04:00,"City transit watcher
focus on
Kelana Jaya line maintenance phase affected frequency and caused crowding at stations at Gombak.
Passengers shared delay slip and crowding evidence during rush hour
Rapid KL staff guided queue and temporary shuttle arrangement
Malaysia transport update 2024-01-04
There are 18 comments in total
author
reply
Show 2 replies
Say something",Kelana Jaya line maintenance phase affected frequency and caused crowding at stations at Gombak Passengers shared delay slip and crowding evidence during rush hour Rapid KL staff guided queue and temporary shuttle arrangement Malaysia transport update 2024 01 04 There are 18 comments in total author reply Show 2 replies Say something,1,incident_maintenance_impact,synthetic_mock
lrtkelanajaya故障 - 小红书搜索 - Google Chrome,1385,mock_post_1385.png,lrtkelanajaya故障 - 小红书搜索 - Google Chrome,2026-02-23T07:05:00,"Ootashi store
focus on
Routine travel post about route tips and fare sharing at Wangsa Maju.
People shared regular commute and station photos
No emergency notice was posted
Malaysia transport update 2024-01-08
There are 14 comments in total
author
reply
Show 2 replies
Say something",Routine travel post about route tips and fare sharing at Wangsa Maju People shared regular commute and station photos No emergency notice was posted Malaysia transport update 2024 01 08 There are 14 comments in total author reply Show 2 replies Say something,0,normal_travel_tip,synthetic_mock
lrt klcc - 小红书搜索 - Google Chrome,1386,mock_post_1386.png,lrt klcc - 小红书搜索 - Google Chrome,2026-02-23T07:06:00,"Ootashi store
focus on
Commuters reported long queue and train delay after track maintenance at Universiti station at Gombak.
Passengers shared delay slip and crowding evidence during rush hour
Rapid KL staff guided queue and temporary shuttle arrangement
There are 13 comments in total
author
reply
Show 3 replies
Say something",Commuters reported long queue and train delay after track maintenance at Universiti station at Gombak Passengers shared delay slip and crowding evidence during rush hour Rapid KL staff guided queue and temporary shuttle arrangement There are 13 comments in total author reply Show 3 replies Say something,1,incident_delay,synthetic_mock
mrt fault - 小红书搜索 - Google Chrome,1387,mock_post_1387.png,mrt fault - 小红书搜索 - Google Chrome,2026-02-23T07:07:00,"Xiaoxuan Talk Malaysia Official
focus on
No disruption observed and transfer between lines completed without waiting at Pasar Seni.
People shared regular commute and station photos
No emergency notice was posted
Malaysia transport update 2025-06-03
There are 11 comments in total
author
reply
Show 1 replies
Say something",No disruption observed and transfer between lines completed without waiting at Pasar Seni People shared regular commute and station photos No emergency notice was posted Malaysia transport update 2025 06 03 There are 11 comments in total author reply Show 1 replies Say something,0,normal_no_incident,synthetic_mock
mrt kajang - 小红书搜索 - Google Chrome,1388,mock_post_1388.png,mrt kajang - 小红书搜索 - Google Chrome,2026-02-23T07:08:00,"Little Red Potato 66A1
focus on
LRT Kelana Jaya line had a signaling issue during peak hour and trains moved slowly at Kelana Jaya.
Passengers shared delay slip and crowding evidence during rush hour
Rapid KL staff guided queue and temporary shuttle arrangement
Malaysia transport update 2025-09-11
There are 6 comments in total
author
reply
Show 3 replies
Say something",LRT Kelana Jaya line had a signaling issue during peak hour and trains moved slowly at Kelana Jaya Passengers shared delay slip and crowding evidence during rush hour Rapid KL staff guided queue and temporary shuttle arrangement Malaysia transport update 2025 09 11 There are 6 comments in total author reply Show 3 replies Say something,1,incident_breakdown,synthetic_mock
mrt - 小红书搜索 - Google Chrome,1389,mock_post_1389.png,mrt - 小红书搜索 - Google Chrome,2026-02-23T07:09:00,"Little Red Potato 66A1
focus on
Service update says all lines are stable with no major delay this morning at Gombak.
People shared regular commute and station photos
No emergency notice was posted
There are 12 comments in total
author
reply
Show 1 replies
Say something",Service update says all lines are stable with no major delay this morning at Gombak People shared regular commute and station photos No emergency notice was posted There are 12 comments in total author reply Show 1 replies Say something,0,normal_update,synthetic_mock
lrtkelanajaya故障 - 小红书搜索 - Google Chrome,1390,mock_post_1390.png,lrtkelanajaya故障 - 小红书搜索 - Google Chrome,2026-02-23T07:10:00,"Leisurely kitten
focus on
Power trip caused brief outage and service resumed after technicians completed repair at Putra Heights.
Passengers shared delay slip and crowding evidence during rush hour
Rapid KL staff guided queue and temporary shuttle arrangement
There are 3 comments in total
author
reply
Show 1 replies
Say something",Power trip caused brief outage and service resumed after technicians completed repair at Putra Heights Passengers shared delay slip and crowding evidence during rush hour Rapid KL staff guided queue and temporary shuttle arrangement There are 3 comments in total author reply Show 1 replies Say something,1,incident_power_outage,synthetic_mock
lrt klcc - 小红书搜索 - Google Chrome,1391,mock_post_1391.png,lrt klcc - 小红书搜索 - Google Chrome,2026-02-23T07:11:00,"Leisurely kitten
focus on
General city transport post not related to outage or malfunction at Pasar Seni.
People shared regular commute and station photos
No emergency notice was posted
Malaysia transport update 2025-12-26
There are 16 comments in total
author
reply
Show 1 replies
Say something",General city transport post not related to outage or malfunction at Pasar Seni People shared regular commute and station photos No emergency notice was posted Malaysia transport update 2025 12 26 There are 16 comments in total author reply Show 1 replies Say something,0,normal_general,synthetic_mock
mrt fault - 小红书搜索 - Google Chrome,1392,mock_post_1392.png,mrt fault - 小红书搜索 - Google Chrome,2026-02-23T07:12:00,"City transit watcher
focus on
Passengers were asked to get off at Pasar Seni due to train fault and wait for replacement at Wangsa Maju.
Passengers shared delay slip and crowding evidence during rush hour
Rapid KL staff guided queue and temporary shuttle arrangement
Malaysia transport update 2024-06-05
There are 6 comments in total
author
reply
Show 2 replies
Say something",Passengers were asked to get off at Pasar Seni due to train fault and wait for replacement at Wangsa Maju Passengers shared delay slip and crowding evidence during rush hour Rapid KL staff guided queue and temporary shuttle arrangement Malaysia transport update 2024 06 05 There are 6 comments in total author reply Show 2 replies Say something,1,incident_train_fault,synthetic_mock
🇲🇾LRT停运 注意了‼️ - 小红书 - Google Chrome,1393,mock_post_1393.png,🇲🇾LRT停运 注意了‼️ - 小红书 - Google Chrome,2026-02-23T07:13:00,"Rapid commuter diary
focus on
Commuting to work was smooth and station crowd level was manageable today at Ampang Park.
People shared regular commute and station photos
No emergency notice was posted
Malaysia transport update 2025-10-26
There are 11 comments in total
author
reply
Show 1 replies
Say something",Commuting to work was smooth and station crowd level was manageable today at Ampang Park People shared regular commute and station photos No emergency notice was posted Malaysia transport update 2025 10 26 There are 11 comments in total author reply Show 1 replies Say something,0,normal_commute,synthetic_mock
lrtkelanajaya线 - 小红书搜索 - Google Chrome,1394,mock_post_1394.png,lrtkelanajaya线 - 小红书搜索 - Google Chrome,2026-02-23T07:14:00,"Rapid commuter diary
focus on
Rapid KL announced temporary service disruption between KLCC and Gombak with shuttle support at Wangsa Maju.
Passengers shared delay slip and crowding evidence during rush hour
Rapid KL staff guided queue and temporary shuttle arrangement
Malaysia transport update 2026-09-16
There are 18 comments in total
author
reply
Show 3 replies
Say something",Rapid KL announced temporary service disruption between KLCC and Gombak with shuttle support at Wangsa Maju Passengers shared delay slip and crowding evidence during rush hour Rapid KL staff guided queue and temporary shuttle arrangement Malaysia transport update 2026 09 16 There are 18 comments in total author reply Show 3 replies Say something,1,incident_service_disruption,synthetic_mock
lrtkelanajaya线 - 小红书搜索 - Google Chrome,1395,mock_post_1395.png,lrtkelanajaya线 - 小红书搜索 - Google Chrome,2026-02-23T07:15:00,"Little Red Potato 66A1
focus on
No disruption observed and transfer between lines completed without waiting at KLCC.
People shared regular commute and station photos
No emergency notice was posted
There are 17 comments in total
author
reply
Show 3 replies
Say something",No disruption observed and transfer between lines completed without waiting at KLCC People shared regular commute and station photos No emergency notice was posted There are 17 comments in total author reply Show 3 replies Say something,0,normal_no_incident,synthetic_mock
lrtkelanajaya故障 - 小红书搜索 - Google Chrome,1396,mock_post_1396.png,lrtkelanajaya故障 - 小红书搜索 - Google Chrome,2026-02-23T07:16:00,"Ootashi store
focus on
Kelana Jaya line maintenance phase affected frequency and caused crowding at stations at KLCC.
Passengers shared delay slip and crowding evidence during rush hour
Rapid KL staff guided queue and temporary shuttle arrangement
Malaysia transport update 2024-01-12
There are 18 comments in total
author
reply
Show 2 replies
Say something",Kelana Jaya line maintenance phase affected frequency and caused crowding at stations at KLCC Passengers shared delay slip and crowding evidence during rush hour Rapid KL staff guided queue and temporary shuttle arrangement Malaysia transport update 2024 01 12 There are 18 comments in total author reply Show 2 replies Say something,1,incident_maintenance_impact,synthetic_mock
mrt kajang - 小红书搜索 - Google Chrome,1397,mock_post_1397.png,mrt kajang - 小红书搜索 - Google Chrome,2026-02-23T07:17:00,"Leisurely kitten
focus on
Normal operation resumed and train intervals are back to schedule at Kelana Jaya.
People shared regular commute and station photos
No emergency notice was posted
Malaysia transport update 2024-05-15
There are 5 comments in total
author
reply
Show 3 replies
Say something",Normal operation resumed and train intervals are back to schedule at Kelana Jaya People shared regular commute and station photos No emergency notice was posted Malaysia transport update 2024 05 15 There are 5 comments in total author reply Show 3 replies Say something,0,normal_operation,synthetic_mock
lrt is bad again - Xiaohongshu search - Google Chrome,1398,mock_post_1398.png,lrt is bad again - Xiaohongshu search - Google Chrome,2026-02-23T07:18:00,"KL daily commuter
focus on
Rapid KL announced temporary service disruption between KLCC and Gombak with shuttle support at Universiti.
Passengers shared delay slip and crowding evidence during rush hour
Rapid KL staff guided queue and temporary shuttle arrangement
Malaysia transport update 2026-03-04
There are 5 comments in total
author
reply
Show 2 replies
Say something",Rapid KL announced temporary service disruption between KLCC and Gombak with shuttle support at Universiti Passengers shared delay slip and crowding evidence during rush hour Rapid KL staff guided queue and temporary shuttle arrangement Malaysia transport update 2026 03 04 There are 5 comments in total author reply Show 2 replies Say something,1,incident_service_disruption,synthetic_mock
🇲🇾LRT KelanajayaLine通告，列车降速 - 小红书 - Google Chrome,1399,mock_post_1399.png,🇲🇾LRT KelanajayaLine通告，列车降速 - 小红书 - Google Chrome,2026-02-23T07:19:00,"Leisurely kitten
focus on
General city transport post not related to outage or malfunction at Wangsa Maju.
People shared regular commute and station photos
No emergency notice was posted
Malaysia transport update 2024-11-19
There are 3 comments in total
author
reply
Show 2 replies
Say something",General city transport post not related to outage or malfunction at Wangsa Maju People shared regular commute and station photos No emergency notice was posted Malaysia transport update 2024 11 19 There are 3 comments in total author reply Show 2 replies Say something,0,normal_general,synthetic_mock
mrt kajang - 小红书搜索 - Google Chrome,1400,mock_post_1400.png,mrt kajang - 小红书搜索 - Google Chrome,2026-02-23T07:20:00,"Ootashi store
focus on
Rapid KL announced temporary service disruption between KLCC and Gombak with shuttle support at Kelana Jaya.
Passengers shared delay slip and crowding evidence during rush hour
Rapid KL staff guided queue and temporary shuttle arrangement
Malaysia transport update 2024-04-03
There are 1 comments in total
author
reply
Show 3 replies
Say something",Rapid KL announced temporary service disruption between KLCC and Gombak with shuttle support at Kelana Jaya Passengers shared delay slip and crowding evidence during rush hour Rapid KL staff guided queue and temporary shuttle arrangement Malaysia transport update 2024 04 03 There are 1 comments in total author reply Show 3 replies Say something,1,incident_service_disruption,synthetic_mock
mrt - 小红书搜索 - Google Chrome,1401,mock_post_1401.png,mrt - 小红书搜索 - Google Chrome,2026-02-23T07:21:00,"Rapid commuter diary
focus on
Service update says all lines are stable with no major delay this morning at Pasar Seni.
People shared regular commute and station photos
No emergency notice was posted
There are 17 comments in total
author
reply
Show 3 replies
Say something",Service update says all lines are stable with no major delay this morning at Pasar Seni People shared regular commute and station photos No emergency notice was posted There are 17 comments in total author reply Show 3 replies Say something,0,normal_update,synthetic_mock
lrtkelanajaya故障 - 小红书搜索 - Google Chrome,1402,mock_post_1402.png,lrtkelanajaya故障 - 小红书搜索 - Google Chrome,2026-02-23T07:22:00,"City transit watcher
focus on
Power trip caused brief outage and service resumed after technicians completed repair at Wangsa Maju.
Passengers shared delay slip and crowding evidence during rush hour
Rapid KL staff guided queue and temporary shuttle arrangement
Malaysia transport update 2026-12-01
There are 10 comments in total
author
reply
Show 1 replies
Say something",Power trip caused brief outage and service resumed after technicians completed repair at Wangsa Maju Passengers shared delay slip and crowding evidence during rush hour Rapid KL staff guided queue and temporary shuttle arrangement Malaysia transport update 2026 12 01 There are 10 comments in total author reply Show 1 replies Say something,1,incident_power_outage,synthetic_mock
lrt is bad again - Xiaohongshu search - Google Chrome,1403,mock_post_1403.png,lrt is bad again - Xiaohongshu search - Google Chrome,2026-02-23T07:23:00,"Little Red Potato 66A1
focus on
Normal operation resumed and train intervals are back to schedule at Kelana Jaya.
People shared regular commute and station photos
No emergency notice was posted
There are 17 comments in total
author
reply
Show 1 replies
Say something",Normal operation resumed and train intervals are back to schedule at Kelana Jaya People shared regular commute and station photos No emergency notice was posted There are 17 comments in total author reply Show 1 replies Say something,0,normal_operation,synthetic_mock
mrt - 小红书搜索 - Google Chrome,1404,mock_post_1404.png,mrt - 小红书搜索 - Google Chrome,2026-02-23T07:24:00,"City transit watcher
focus on
Power trip caused brief outage and service resumed after technicians completed repair at Wangsa Maju.
Passengers shared delay slip and crowding evidence during rush hour
Rapid KL staff guided queue and temporary shuttle arrangement
There are 15 comments in total
author
reply
Show 3 replies
Say something",Power trip caused brief outage and service resumed after technicians completed repair at Wangsa Maju Passengers shared delay slip and crowding evidence during rush hour Rapid KL staff guided queue and temporary shuttle arrangement There are 15 comments in total author reply Show 3 replies Say something,1,incident_power_outage,synthetic_mock
mrt - 小红书搜索 - Google Chrome,1405,mock_post_1405.png,mrt - 小红书搜索 - Google Chrome,2026-02-23T07:25:00,"Leisurely kitten
focus on
Routine travel post about route tips and fare sharing at Masjid Jamek.
People shared regular commute and station photos
No emergency notice was posted
There are 14 comments in total
author
reply
Show 1 replies
Say something",Routine travel post about route tips and fare sharing at Masjid Jamek People shared regular commute and station photos No emergency notice was posted There are 14 comments in total author reply Show 1 replies Say something,0,normal_travel_tip,synthetic_mock
lrtkelanajaya线 - 小红书搜索 - Google Chrome,1406,mock_post_1406.png,lrtkelanajaya线 - 小红书搜索 - Google Chrome,2026-02-23T07:26:00,"Rapid commuter diary
focus on
LRT Kelana Jaya line had a signaling issue during peak hour and trains moved slowly at Masjid Jamek.
Passengers shared delay slip and crowding evidence during rush hour
Rapid KL staff guided queue and temporary shuttle arrangement
There are 5 comments in total
author
reply
Show 3 replies
Say something",LRT Kelana Jaya line had a signaling issue during peak hour and trains moved slowly at Masjid Jamek Passengers shared delay slip and crowding evidence during rush hour Rapid KL staff guided queue and temporary shuttle arrangement There are 5 comments in total author reply Show 3 replies Say something,1,incident_breakdown,synthetic_mock
mrtkajang问题 - 小红书搜索 - Google Chrome,1407,mock_post_1407.png,mrtkajang问题 - 小红书搜索 - Google Chrome,2026-02-23T07:27:00,"Xiaoxuan Talk Malaysia Official
focus on
No disruption observed and transfer between lines completed without waiting at KL Sentral.
People shared regular commute and station photos
No emergency notice was posted
Malaysia transport update 2024-12-18
There are 3 comments in total
author
reply
Show 3 replies
Say something",No disruption observed and transfer between lines completed without waiting at KL Sentral People shared regular commute and station photos No emergency notice was posted Malaysia transport update 2024 12 18 There are 3 comments in total author reply Show 3 replies Say something,0,normal_no_incident,synthetic_mock
lrt is bad again - Xiaohongshu search - Google Chrome,1408,mock_post_1408.png,lrt is bad again - Xiaohongshu search - Google Chrome,2026-02-23T07:28:00,"City transit watcher
focus on
Power trip caused brief outage and service resumed after technicians completed repair at Putra Heights.
Passengers shared delay slip and crowding evidence during rush hour
Rapid KL staff guided queue and temporary shuttle arrangement
There are 13 comments in total
author
reply
Show 1 replies
Say something",Power trip caused brief outage and service resumed after technicians completed repair at Putra Heights Passengers shared delay slip and crowding evidence during rush hour Rapid KL staff guided queue and temporary shuttle arrangement There are 13 comments in total author reply Show 1 replies Say something,1,incident_power_outage,synthetic_mock
lrtkelanajaya线 - 小红书搜索 - Google Chrome,1409,mock_post_1409.png,lrtkelanajaya线 - 小红书搜索 - Google Chrome,2026-02-23T07:29:00,"Ootashi store
focus on
Commuting to work was smooth and station crowd level was manageable today at Wangsa Maju.
People shared regular commute and station photos
No emergency notice was posted
Malaysia transport update 2024-02-12
There are 11 comments in total
author
reply
Show 1 replies
Say something",Commuting to work was smooth and station crowd level was manageable today at Wangsa Maju People shared regular commute and station photos No emergency notice was posted Malaysia transport update 2024 02 12 There are 11 comments in total author reply Show 1 replies Say something,0,normal_commute,synthetic_mock
地铁 马来西亚 - 小红书搜索 - Google Chrome,1410,mock_post_1410.png,地铁 马来西亚 - 小红书搜索 - Google Chrome,2026-02-23T07:30:00,"Little Red Potato 66A1
focus on
Commuters reported long queue and train delay after track maintenance at Universiti station at Pasar Seni.
Passengers shared delay slip and crowding evidence during rush hour
Rapid KL staff guided queue and temporary shuttle arrangement
Malaysia transport update 2024-10-01
There are 10 comments in total
author
reply
Show 1 replies
Say something",Commuters reported long queue and train delay after track maintenance at Universiti station at Pasar Seni Passengers shared delay slip and crowding evidence during rush hour Rapid KL staff guided queue and temporary shuttle arrangement Malaysia transport update 2024 10 01 There are 10 comments in total author reply Show 1 replies Say something,1,incident_delay,synthetic_mock
lrt is bad again - Xiaohongshu search - Google Chrome,1411,mock_post_1411.png,lrt is bad again - Xiaohongshu search - Google Chrome,2026-02-23T07:31:00,"Ootashi store
focus on
Service update says all lines are stable with no major delay this morning at Kelana Jaya.
People shared regular commute and station photos
No emergency notice was posted
Malaysia transport update 2026-10-02
There are 16 comments in total
author
reply
Show 1 replies
Say something",Service update says all lines are stable with no major delay this morning at Kelana Jaya People shared regular commute and station photos No emergency notice was posted Malaysia transport update 2026 10 02 There are 16 comments in total author reply Show 1 replies Say something,0,normal_update,synthetic_mock
mrt fault - 小红书搜索 - Google Chrome,1412,mock_post_1412.png,mrt fault - 小红书搜索 - Google Chrome,2026-02-23T07:32:00,"Leisurely kitten
focus on
Commuters reported long queue and train delay after track maintenance at Universiti station at KLCC.
Passengers shared delay slip and crowding evidence during rush hour
Rapid KL staff guided queue and temporary shuttle arrangement
Malaysia transport update 2025-05-13
There are 17 comments in total
author
reply
Show 1 replies
Say something",Commuters reported long queue and train delay after track maintenance at Universiti station at KLCC Passengers shared delay slip and crowding evidence during rush hour Rapid KL staff guided queue and temporary shuttle arrangement Malaysia transport update 2025 05 13 There are 17 comments in total author reply Show 1 replies Say something,1,incident_delay,synthetic_mock
mrt kajang - 小红书搜索 - Google Chrome,1413,mock_post_1413.png,mrt kajang - 小红书搜索 - Google Chrome,2026-02-23T07:33:00,"Ootashi store
focus on
No disruption observed and transfer between lines completed without waiting at Putra Heights.
People shared regular commute and station photos
No emergency notice was posted
There are 4 comments in total
author
reply
Show 2 replies
Say something",No disruption observed and transfer between lines completed without waiting at Putra Heights People shared regular commute and station photos No emergency notice was posted There are 4 comments in total author reply Show 2 replies Say something,0,normal_no_incident,synthetic_mock
🇲🇾LRT KelanajayaLine通告，列车降速 - 小红书 - Google Chrome,1414,mock_post_1414.png,🇲🇾LRT KelanajayaLine通告，列车降速 - 小红书 - Google Chrome,2026-02-23T07:34:00,"Xiaoxuan Talk Malaysia Official
focus on
Kelana Jaya line maintenance phase affected frequency and caused crowding at stations at Masjid Jamek.
Passengers shared delay slip and crowding evidence during rush hour
Rapid KL staff guided queue and temporary shuttle arrangement
Malaysia transport update 2024-01-19
There are 13 comments in total
author
reply
Show 2 replies
Say something",Kelana Jaya line maintenance phase affected frequency and caused crowding at stations at Masjid Jamek Passengers shared delay slip and crowding evidence during rush hour Rapid KL staff guided queue and temporary shuttle arrangement Malaysia transport update 2024 01 19 There are 13 comments in total author reply Show 2 replies Say something,1,incident_maintenance_impact,synthetic_mock
lrtkelanajaya线 - 小红书搜索 - Google Chrome,1415,mock_post_1415.png,lrtkelanajaya线 - 小红书搜索 - Google Chrome,2026-02-23T07:35:00,"Ootashi store
focus on
Normal operation resumed and train intervals are back to schedule at Gombak.
People shared regular commute and station photos
No emergency notice was posted
Malaysia transport update 2025-02-21
There are 3 comments in total
author
reply
Show 3 replies
Say something",Normal operation resumed and train intervals are back to schedule at Gombak People shared regular commute and station photos No emergency notice was posted Malaysia transport update 2025 02 21 There are 3 comments in total author reply Show 3 replies Say something,0,normal_operation,synthetic_mock
🇲🇾LRT KelanajayaLine通告，列车降速 - 小红书 - Google Chrome,1416,mock_post_1416.png,🇲🇾LRT KelanajayaLine通告，列车降速 - 小红书 - Google Chrome,2026-02-23T07:36:00,"KL daily commuter
focus on
Rapid KL announced temporary service disruption between KLCC and Gombak with shuttle support at Pasar Seni.
Passengers shared delay slip and crowding evidence during rush hour
Rapid KL staff guided queue and temporary shuttle arrangement
There are 17 comments in total
author
reply
Show 3 replies
Say something",Rapid KL announced temporary service disruption between KLCC and Gombak with shuttle support at Pasar Seni Passengers shared delay slip and crowding evidence during rush hour Rapid KL staff guided queue and temporary shuttle arrangement There are 17 comments in total author reply Show 3 replies Say something,1,incident_service_disruption,synthetic_mock
mrt kajang - 小红书搜索 - Google Chrome,1417,mock_post_1417.png,mrt kajang - 小红书搜索 - Google Chrome,2026-02-23T07:37:00,"KL daily commuter
focus on
General city transport post not related to outage or malfunction at Masjid Jamek.
People shared regular commute and station photos
No emergency notice was posted
Malaysia transport update 2024-06-10
There are 12 comments in total
author
reply
Show 3 replies
Say something",General city transport post not related to outage or malfunction at Masjid Jamek People shared regular commute and station photos No emergency notice was posted Malaysia transport update 2024 06 10 There are 12 comments in total author reply Show 3 replies Say something,0,normal_general,synthetic_mock
🇲🇾LRT停运 注意了‼️ - 小红书 - Google Chrome,1418,mock_post_1418.png,🇲🇾LRT停运 注意了‼️ - 小红书 - Google Chrome,2026-02-23T07:38:00,"Ootashi store
focus on
LRT Kelana Jaya line had a signaling issue during peak hour and trains moved slowly at Wangsa Maju.
Passengers shared delay slip and crowding evidence during rush hour
Rapid KL staff guided queue and temporary shuttle arrangement
Malaysia transport update 2026-10-03
There are 5 comments in total
author
reply
Show 3 replies
Say something",LRT Kelana Jaya line had a signaling issue during peak hour and trains moved slowly at Wangsa Maju Passengers shared delay slip and crowding evidence during rush hour Rapid KL staff guided queue and temporary shuttle arrangement Malaysia transport update 2026 10 03 There are 5 comments in total author reply Show 3 replies Say something,1,incident_breakdown,synthetic_mock
lrt klcc - 小红书搜索 - Google Chrome,1419,mock_post_1419.png,lrt klcc - 小红书搜索 - Google Chrome,2026-02-23T07:39:00,"KL daily commuter
focus on
No disruption observed and transfer between lines completed without waiting at KLCC.
People shared regular commute and station photos
No emergency notice was posted
Malaysia transport update 2025-09-28
There are 3 comments in total
author
reply
Show 2 replies
Say something",No disruption observed and transfer between lines completed without waiting at KLCC People shared regular commute and station photos No emergency notice was posted Malaysia transport update 2025 09 28 There are 3 comments in total author reply Show 2 replies Say something,0,normal_no_incident,synthetic_mock
mrt - 小红书搜索 - Google Chrome,1420,mock_post_1420.png,mrt - 小红书搜索 - Google Chrome,2026-02-23T07:40:00,"Ootashi store
focus on
Power trip caused brief outage and service resumed after technicians completed repair at Putra Heights.
Passengers shared delay slip and crowding evidence during rush hour
Rapid KL staff guided queue and temporary shuttle arrangement
There are 6 comments in total
author
reply
Show 1 replies
Say something",Power trip caused brief outage and service resumed after technicians completed repair at Putra Heights Passengers shared delay slip and crowding evidence during rush hour Rapid KL staff guided queue and temporary shuttle arrangement There are 6 comments in total author reply Show 1 replies Say something,1,incident_power_outage,synthetic_mock
mrtkajang问题 - 小红书搜索 - Google Chrome,1421,mock_post_1421.png,mrtkajang问题 - 小红书搜索 - Google Chrome,2026-02-23T07:41:00,"Leisurely kitten
focus on
Routine travel post about route tips and fare sharing at Putra Heights.
People shared regular commute and station photos
No emergency notice was posted
Malaysia transport update 2024-12-25
There are 15 comments in total
author
reply
Show 2 replies
Say something",Routine travel post about route tips and fare sharing at Putra Heights People shared regular commute and station photos No emergency notice was posted Malaysia transport update 2024 12 25 There are 15 comments in total author reply Show 2 replies Say something,0,normal_travel_tip,synthetic_mock
mrtkajang问题 - 小红书搜索 - Google Chrome,1422,mock_post_1422.png,mrtkajang问题 - 小红书搜索 - Google Chrome,2026-02-23T07:42:00,"City transit watcher
focus on
Commuters reported long queue and train delay after track maintenance at Universiti station at Ampang Park.
Passengers shared delay slip and crowding evidence during rush hour
Rapid KL staff guided queue and temporary shuttle arrangement
There are 4 comments in total
author
reply
Show 3 replies
Say something",Commuters reported long queue and train delay after track maintenance at Universiti station at Ampang Park Passengers shared delay slip and crowding evidence during rush hour Rapid KL staff guided queue and temporary shuttle arrangement There are 4 comments in total author reply Show 3 replies Say something,1,incident_delay,synthetic_mock
mrt fault - 小红书搜索 - Google Chrome,1423,mock_post_1423.png,mrt fault - 小红书搜索 - Google Chrome,2026-02-23T07:43:00,"KL daily commuter
focus on
Normal operation resumed and train intervals are back to schedule at Putra Heights.
People shared regular commute and station photos
No emergency notice was posted
Malaysia transport update 2025-10-22
There are 5 comments in total
author
reply
Show 2 replies
Say something",Normal operation resumed and train intervals are back to schedule at Putra Heights People shared regular commute and station photos No emergency notice was posted Malaysia transport update 2025 10 22 There are 5 comments in total author reply Show 2 replies Say something,0,normal_operation,synthetic_mock
🇲🇾LRT停运 注意了‼️ - 小红书 - Google Chrome,1424,mock_post_1424.png,🇲🇾LRT停运 注意了‼️ - 小红书 - Google Chrome,2026-02-23T07:44:00,"Leisurely kitten
focus on
Passengers were asked to get off at Pasar Seni due to train fault and wait for replacement at KL Sentral.
Passengers shared delay slip and crowding evidence during rush hour
Rapid KL staff guided queue and temporary shuttle arrangement
Malaysia transport update 2026-07-17
There are 15 comments in total
author
reply
Show 2 replies
Say something",Passengers were asked to get off at Pasar Seni due to train fault and wait for replacement at KL Sentral Passengers shared delay slip and crowding evidence during rush hour Rapid KL staff guided queue and temporary shuttle arrangement Malaysia transport update 2026 07 17 There are 15 comments in total author reply Show 2 replies Say something,1,incident_train_fault,synthetic_mock
lrtkelanajaya故障 - 小红书搜索 - Google Chrome,1425,mock_post_1425.png,lrtkelanajaya故障 - 小红书搜索 - Google Chrome,2026-02-23T07:45:00,"City transit watcher
focus on
Normal operation resumed and train intervals are back to schedule at KL Sentral.
People shared regular commute and station photos
No emergency notice was posted
Malaysia transport update 2024-12-27
There are 18 comments in total
author
reply
Show 1 replies
Say something",Normal operation resumed and train intervals are back to schedule at KL Sentral People shared regular commute and station photos No emergency notice was posted Malaysia transport update 2024 12 27 There are 18 comments in total author reply Show 1 replies Say something,0,normal_operation,synthetic_mock
🇲🇾LRT停运 注意了‼️ - 小红书 - Google Chrome,1426,mock_post_1426.png,🇲🇾LRT停运 注意了‼️ - 小红书 - Google Chrome,2026-02-23T07:46:00,"Rapid commuter diary
focus on
LRT Kelana Jaya line had a signaling issue during peak hour and trains moved slowly at Gombak.
Passengers shared delay slip and crowding evidence during rush hour
Rapid KL staff guided queue and temporary shuttle arrangement
Malaysia transport update 2025-02-08
There are 13 comments in total
author
reply
Show 2 replies
Say something",LRT Kelana Jaya line had a signaling issue during peak hour and trains moved slowly at Gombak Passengers shared delay slip and crowding evidence during rush hour Rapid KL staff guided queue and temporary shuttle arrangement Malaysia transport update 2025 02 08 There are 13 comments in total author reply Show 2 replies Say something,1,incident_breakdown,synthetic_mock
lrt klcc - 小红书搜索 - Google Chrome,1427,mock_post_1427.png,lrt klcc - 小红书搜索 - Google Chrome,2026-02-23T07:47:00,"Rapid commuter diary
focus on
Normal operation resumed and train intervals are back to schedule at Putra Heights.
People shared regular commute and station photos
No emergency notice was posted
Malaysia transport update 2026-08-04
There are 3 comments in total
author
reply
Show 1 replies
Say something",Normal operation resumed and train intervals are back to schedule at Putra Heights People shared regular commute and station photos No emergency notice was posted Malaysia transport update 2026 08 04 There are 3 comments in total author reply Show 1 replies Say something,0,normal_operation,synthetic_mock
mrtkajang问题 - 小红书搜索 - Google Chrome,1428,mock_post_1428.png,mrtkajang问题 - 小红书搜索 - Google Chrome,2026-02-23T07:48:00,"Ootashi store
focus on
Power trip caused brief outage and service resumed after technicians completed repair at Wangsa Maju.
Passengers shared delay slip and crowding evidence during rush hour
Rapid KL staff guided queue and temporary shuttle arrangement
Malaysia transport update 2024-06-11
There are 16 comments in total
author
reply
Show 1 replies
Say something",Power trip caused brief outage and service resumed after technicians completed repair at Wangsa Maju Passengers shared delay slip and crowding evidence during rush hour Rapid KL staff guided queue and temporary shuttle arrangement Malaysia transport update 2024 06 11 There are 16 comments in total author reply Show 1 replies Say something,1,incident_power_outage,synthetic_mock
🇲🇾LRT KelanajayaLine通告，列车降速 - 小红书 - Google Chrome,1429,mock_post_1429.png,🇲🇾LRT KelanajayaLine通告，列车降速 - 小红书 - Google Chrome,2026-02-23T07:49:00,"Rapid commuter diary
focus on
Normal operation resumed and train intervals are back to schedule at Gombak.
People shared regular commute and station photos
No emergency notice was posted
Malaysia transport update 2024-08-05
There are 7 comments in total
author
reply
Show 2 replies
Say something",Normal operation resumed and train intervals are back to schedule at Gombak People shared regular commute and station photos No emergency notice was posted Malaysia transport update 2024 08 05 There are 7 comments in total author reply Show 2 replies Say something,0,normal_operation,synthetic_mock
lrtkelanajaya线 - 小红书搜索 - Google Chrome,1430,mock_post_1430.png,lrtkelanajaya线 - 小红书搜索 - Google Chrome,2026-02-23T07:50:00,"KL daily commuter
focus on
LRT Kelana Jaya line had a signaling issue during peak hour and trains moved slowly at KL Sentral.
Passengers shared delay slip and crowding evidence during rush hour
Rapid KL staff guided queue and temporary shuttle arrangement
Malaysia transport update 2025-07-16
There are 7 comments in total
author
reply
Show 1 replies
Say something",LRT Kelana Jaya line had a signaling issue during peak hour and trains moved slowly at KL Sentral Passengers shared delay slip and crowding evidence during rush hour Rapid KL staff guided queue and temporary shuttle arrangement Malaysia transport update 2025 07 16 There are 7 comments in total author reply Show 1 replies Say something,1,incident_breakdown,synthetic_mock
mrt kajang - 小红书搜索 - Google Chrome,1431,mock_post_1431.png,mrt kajang - 小红书搜索 - Google Chrome,2026-02-23T07:51:00,"Leisurely kitten
focus on
Normal operation resumed and train intervals are back to schedule at Wangsa Maju.
People shared regular commute and station photos
No emergency notice was posted
Malaysia transport update 2024-02-05
There are 3 comments in total
author
reply
Show 2 replies
Say something",Normal operation resumed and train intervals are back to schedule at Wangsa Maju People shared regular commute and station photos No emergency notice was posted Malaysia transport update 2024 02 05 There are 3 comments in total author reply Show 2 replies Say something,0,normal_operation,synthetic_mock
lrtkelanajaya线 - 小红书搜索 - Google Chrome,1432,mock_post_1432.png,lrtkelanajaya线 - 小红书搜索 - Google Chrome,2026-02-23T07:52:00,"KL daily commuter
focus on
LRT Kelana Jaya line had a signaling issue during peak hour and trains moved slowly at Gombak.
Passengers shared delay slip and crowding evidence during rush hour
Rapid KL staff guided queue and temporary shuttle arrangement
There are 14 comments in total
author
reply
Show 3 replies
Say something",LRT Kelana Jaya line had a signaling issue during peak hour and trains moved slowly at Gombak Passengers shared delay slip and crowding evidence during rush hour Rapid KL staff guided queue and temporary shuttle arrangement There are 14 comments in total author reply Show 3 replies Say something,1,incident_breakdown,synthetic_mock
mrt fault - 小红书搜索 - Google Chrome,1433,mock_post_1433.png,mrt fault - 小红书搜索 - Google Chrome,2026-02-23T07:53:00,"Ootashi store
focus on
General city transport post not related to outage or malfunction at Gombak.
People shared regular commute and station photos
No emergency notice was posted
There are 3 comments in total
author
reply
Show 2 replies
Say something",General city transport post not related to outage or malfunction at Gombak People shared regular commute and station photos No emergency notice was posted There are 3 comments in total author reply Show 2 replies Say something,0,normal_general,synthetic_mock
lrtkelanajaya故障 - 小红书搜索 - Google Chrome,1434,mock_post_1434.png,lrtkelanajaya故障 - 小红书搜索 - Google Chrome,2026-02-23T07:54:00,"Ootashi store
focus on
Commuters reported long queue and train delay after track maintenance at Universiti station at Pasar Seni.
Passengers shared delay slip and crowding evidence during rush hour
Rapid KL staff guided queue and temporary shuttle arrangement
Malaysia transport update 2025-08-16
There are 18 comments in total
author
reply
Show 3 replies
Say something",Commuters reported long queue and train delay after track maintenance at Universiti station at Pasar Seni Passengers shared delay slip and crowding evidence during rush hour Rapid KL staff guided queue and temporary shuttle arrangement Malaysia transport update 2025 08 16 There are 18 comments in total author reply Show 3 replies Say something,1,incident_delay,synthetic_mock
地铁 马来西亚 - 小红书搜索 - Google Chrome,1435,mock_post_1435.png,地铁 马来西亚 - 小红书搜索 - Google Chrome,2026-02-23T07:55:00,"Leisurely kitten
focus on
General city transport post not related to outage or malfunction at Wangsa Maju.
People shared regular commute and station photos
No emergency notice was posted
There are 13 comments in total
author
reply
Show 1 replies
Say something",General city transport post not related to outage or malfunction at Wangsa Maju People shared regular commute and station photos No emergency notice was posted There are 13 comments in total author reply Show 1 replies Say something,0,normal_general,synthetic_mock
🇲🇾LRT停运 注意了‼️ - 小红书 - Google Chrome,1436,mock_post_1436.png,🇲🇾LRT停运 注意了‼️ - 小红书 - Google Chrome,2026-02-23T07:56:00,"Xiaoxuan Talk Malaysia Official
focus on
Passengers were asked to get off at Pasar Seni due to train fault and wait for replacement at Universiti.
Passengers shared delay slip and crowding evidence during rush hour
Rapid KL staff guided queue and temporary shuttle arrangement
There are 5 comments in total
author
reply
Show 2 replies
Say something",Passengers were asked to get off at Pasar Seni due to train fault and wait for replacement at Universiti Passengers shared delay slip and crowding evidence during rush hour Rapid KL staff guided queue and temporary shuttle arrangement There are 5 comments in total author reply Show 2 replies Say something,1,incident_train_fault,synthetic_mock
🇲🇾LRT停运 注意了‼️ - 小红书 - Google Chrome,1437,mock_post_1437.png,🇲🇾LRT停运 注意了‼️ - 小红书 - Google Chrome,2026-02-23T07:57:00,"Xiaoxuan Talk Malaysia Official
focus on
General city transport post not related to outage or malfunction at Putra Heights.
People shared regular commute and station photos
No emergency notice was posted
Malaysia transport update 2025-03-16
There are 11 comments in total
author
reply
Show 1 replies
Say something",General city transport post not related to outage or malfunction at Putra Heights People shared regular commute and station photos No emergency notice was posted Malaysia transport update 2025 03 16 There are 11 comments in total author reply Show 1 replies Say something,0,normal_general,synthetic_mock
🇲🇾LRT停运 注意了‼️ - 小红书 - Google Chrome,1438,mock_post_1438.png,🇲🇾LRT停运 注意了‼️ - 小红书 - Google Chrome,2026-02-23T07:58:00,"Little Red Potato 66A1
focus on
Power trip caused brief outage and service resumed after technicians completed repair at Gombak.
Passengers shared delay slip and crowding evidence during rush hour
Rapid KL staff guided queue and temporary shuttle arrangement
There are 15 comments in total
author
reply
Show 1 replies
Say something",Power trip caused brief outage and service resumed after technicians completed repair at Gombak Passengers shared delay slip and crowding evidence during rush hour Rapid KL staff guided queue and temporary shuttle arrangement There are 15 comments in total author reply Show 1 replies Say something,1,incident_power_outage,synthetic_mock
🇲🇾LRT KelanajayaLine通告，列车降速 - 小红书 - Google Chrome,1439,mock_post_1439.png,🇲🇾LRT KelanajayaLine通告，列车降速 - 小红书 - Google Chrome,2026-02-23T07:59:00,"Xiaoxuan Talk Malaysia Official
focus on
No disruption observed and transfer between lines completed without waiting at KL Sentral.
People shared regular commute and station photos
No emergency notice was posted
Malaysia transport update 2026-04-14
There are 18 comments in total
author
reply
Show 1 replies
Say something",No disruption observed and transfer between lines completed without waiting at KL Sentral People shared regular commute and station photos No emergency notice was posted Malaysia transport update 2026 04 14 There are 18 comments in total author reply Show 1 replies Say something,0,normal_no_incident,synthetic_mock
mrt fault - 小红书搜索 - Google Chrome,1440,mock_post_1440.png,mrt fault - 小红书搜索 - Google Chrome,2026-02-23T08:00:00,"Leisurely kitten
focus on
Power trip caused brief outage and service resumed after technicians completed repair at Universiti.
Passengers shared delay slip and crowding evidence during rush hour
Rapid KL staff guided queue and temporary shuttle arrangement
Malaysia transport update 2024-11-19
There are 1 comments in total
author
reply
Show 2 replies
Say something",Power trip caused brief outage and service resumed after technicians completed repair at Universiti Passengers shared delay slip and crowding evidence during rush hour Rapid KL staff guided queue and temporary shuttle arrangement Malaysia transport update 2024 11 19 There are 1 comments in total author reply Show 2 replies Say something,1,incident_power_outage,synthetic_mock
mrt kajang - 小红书搜索 - Google Chrome,1441,mock_post_1441.png,mrt kajang - 小红书搜索 - Google Chrome,2026-02-23T08:01:00,"Leisurely kitten
focus on
Normal operation resumed and train intervals are back to schedule at Gombak.
People shared regular commute and station photos
No emergency notice was posted
Malaysia transport update 2024-12-16
There are 15 comments in total
author
reply
Show 2 replies
Say something",Normal operation resumed and train intervals are back to schedule at Gombak People shared regular commute and station photos No emergency notice was posted Malaysia transport update 2024 12 16 There are 15 comments in total author reply Show 2 replies Say something,0,normal_operation,synthetic_mock
mrt kajang - 小红书搜索 - Google Chrome,1442,mock_post_1442.png,mrt kajang - 小红书搜索 - Google Chrome,2026-02-23T08:02:00,"KL daily commuter
focus on
Commuters reported long queue and train delay after track maintenance at Universiti station at Putra Heights.
Passengers shared delay slip and crowding evidence during rush hour
Rapid KL staff guided queue and temporary shuttle arrangement
Malaysia transport update 2026-06-04
There are 6 comments in total
author
reply
Show 2 replies
Say something",Commuters reported long queue and train delay after track maintenance at Universiti station at Putra Heights Passengers shared delay slip and crowding evidence during rush hour Rapid KL staff guided queue and temporary shuttle arrangement Malaysia transport update 2026 06 04 There are 6 comments in total author reply Show 2 replies Say something,1,incident_delay,synthetic_mock
mrt kajang - 小红书搜索 - Google Chrome,1443,mock_post_1443.png,mrt kajang - 小红书搜索 - Google Chrome,2026-02-23T08:03:00,"Little Red Potato 66A1
focus on
Commuting to work was smooth and station crowd level was manageable today at Pasar Seni.
People shared regular commute and station photos
No emergency notice was posted
There are 18 comments in total
author
reply
Show 2 replies
Say something",Commuting to work was smooth and station crowd level was manageable today at Pasar Seni People shared regular commute and station photos No emergency notice was posted There are 18 comments in total author reply Show 2 replies Say something,0,normal_commute,synthetic_mock
🇲🇾LRT停运 注意了‼️ - 小红书 - Google Chrome,1444,mock_post_1444.png,🇲🇾LRT停运 注意了‼️ - 小红书 - Google Chrome,2026-02-23T08:04:00,"City transit watcher
focus on
Commuters reported long queue and train delay after track maintenance at Universiti station at Wangsa Maju.
Passengers shared delay slip and crowding evidence during rush hour
Rapid KL staff guided queue and temporary shuttle arrangement
Malaysia transport update 2026-02-03
There are 4 comments in total
author
reply
Show 1 replies
Say something",Commuters reported long queue and train delay after track maintenance at Universiti station at Wangsa Maju Passengers shared delay slip and crowding evidence during rush hour Rapid KL staff guided queue and temporary shuttle arrangement Malaysia transport update 2026 02 03 There are 4 comments in total author reply Show 1 replies Say something,1,incident_delay,synthetic_mock
mrtkajang问题 - 小红书搜索 - Google Chrome,1445,mock_post_1445.png,mrtkajang问题 - 小红书搜索 - Google Chrome,2026-02-23T08:05:00,"Rapid commuter diary
focus on
Normal operation resumed and train intervals are back to schedule at KL Sentral.
People shared regular commute and station photos
No emergency notice was posted
Malaysia transport update 2026-10-18
There are 4 comments in total
author
reply
Show 3 replies
Say something",Normal operation resumed and train intervals are back to schedule at KL Sentral People shared regular commute and station photos No emergency notice was posted Malaysia transport update 2026 10 18 There are 4 comments in total author reply Show 3 replies Say something,0,normal_operation,synthetic_mock
地铁 马来西亚 - 小红书搜索 - Google Chrome,1446,mock_post_1446.png,地铁 马来西亚 - 小红书搜索 - Google Chrome,2026-02-23T08:06:00,"KL daily commuter
focus on
Passengers were asked to get off at Pasar Seni due to train fault and wait for replacement at KL Sentral.
Passengers shared delay slip and crowding evidence during rush hour
Rapid KL staff guided queue and temporary shuttle arrangement
Malaysia transport update 2025-07-07
There are 8 comments in total
author
reply
Show 2 replies
Say something",Passengers were asked to get off at Pasar Seni due to train fault and wait for replacement at KL Sentral Passengers shared delay slip and crowding evidence during rush hour Rapid KL staff guided queue and temporary shuttle arrangement Malaysia transport update 2025 07 07 There are 8 comments in total author reply Show 2 replies Say something,1,incident_train_fault,synthetic_mock
mrtkajang问题 - 小红书搜索 - Google Chrome,1447,mock_post_1447.png,mrtkajang问题 - 小红书搜索 - Google Chrome,2026-02-23T08:07:00,"Ootashi store
focus on
No disruption observed and transfer between lines completed without waiting at KLCC.
People shared regular commute and station photos
No emergency notice was posted
There are 4 comments in total
author
reply
Show 2 replies
Say something",No disruption observed and transfer between lines completed without waiting at KLCC People shared regular commute and station photos No emergency notice was posted There are 4 comments in total author reply Show 2 replies Say something,0,normal_no_incident,synthetic_mock
mrt - 小红书搜索 - Google Chrome,1448,mock_post_1448.png,mrt - 小红书搜索 - Google Chrome,2026-02-23T08:08:00,"Xiaoxuan Talk Malaysia Official
focus on
Power trip caused brief outage and service resumed after technicians completed repair at Wangsa Maju.
Passengers shared delay slip and crowding evidence during rush hour
Rapid KL staff guided queue and temporary shuttle arrangement
There are 8 comments in total
author
reply
Show 3 replies
Say something",Power trip caused brief outage and service resumed after technicians completed repair at Wangsa Maju Passengers shared delay slip and crowding evidence during rush hour Rapid KL staff guided queue and temporary shuttle arrangement There are 8 comments in total author reply Show 3 replies Say something,1,incident_power_outage,synthetic_mock
lrtkelanajaya线 - 小红书搜索 - Google Chrome,1449,mock_post_1449.png,lrtkelanajaya线 - 小红书搜索 - Google Chrome,2026-02-23T08:09:00,"Leisurely kitten
focus on
Commuting to work was smooth and station crowd level was manageable today at Gombak.
People shared regular commute and station photos
No emergency notice was posted
There are 14 comments in total
author
reply
Show 3 replies
Say something",Commuting to work was smooth and station crowd level was manageable today at Gombak People shared regular commute and station photos No emergency notice was posted There are 14 comments in total author reply Show 3 replies Say something,0,normal_commute,synthetic_mock
🇲🇾LRT KelanajayaLine通告，列车降速 - 小红书 - Google Chrome,1450,mock_post_1450.png,🇲🇾LRT KelanajayaLine通告，列车降速 - 小红书 - Google Chrome,2026-02-23T08:10:00,"Xiaoxuan Talk Malaysia Official
focus on
LRT Kelana Jaya line had a signaling issue during peak hour and trains moved slowly at Wangsa Maju.
Passengers shared delay slip and crowding evidence during rush hour
Rapid KL staff guided queue and temporary shuttle arrangement
Malaysia transport update 2024-06-27
There are 17 comments in total
author
reply
Show 3 replies
Say something",LRT Kelana Jaya line had a signaling issue during peak hour and trains moved slowly at Wangsa Maju Passengers shared delay slip and crowding evidence during rush hour Rapid KL staff guided queue and temporary shuttle arrangement Malaysia transport update 2024 06 27 There are 17 comments in total author reply Show 3 replies Say something,1,incident_breakdown,synthetic_mock
地铁 马来西亚 - 小红书搜索 - Google Chrome,1451,mock_post_1451.png,地铁 马来西亚 - 小红书搜索 - Google Chrome,2026-02-23T08:11:00,"Ootashi store
focus on
Commuting to work was smooth and station crowd level was manageable today at Putra Heights.
People shared regular commute and station photos
No emergency notice was posted
There are 14 comments in total
author
reply
Show 1 replies
Say something",Commuting to work was smooth and station crowd level was manageable today at Putra Heights People shared regular commute and station photos No emergency notice was posted There are 14 comments in total author reply Show 1 replies Say something,0,normal_commute,synthetic_mock
mrt kajang - 小红书搜索 - Google Chrome,1452,mock_post_1452.png,mrt kajang - 小红书搜索 - Google Chrome,2026-02-23T08:12:00,"Little Red Potato 66A1
focus on
Power trip caused brief outage and service resumed after technicians completed repair at Universiti.
Passengers shared delay slip and crowding evidence during rush hour
Rapid KL staff guided queue and temporary shuttle arrangement
There are 2 comments in total
author
reply
Show 3 replies
Say something",Power trip caused brief outage and service resumed after technicians completed repair at Universiti Passengers shared delay slip and crowding evidence during rush hour Rapid KL staff guided queue and temporary shuttle arrangement There are 2 comments in total author reply Show 3 replies Say something,1,incident_power_outage,synthetic_mock
lrt klcc - 小红书搜索 - Google Chrome,1453,mock_post_1453.png,lrt klcc - 小红书搜索 - Google Chrome,2026-02-23T08:13:00,"City transit watcher
focus on
Service update says all lines are stable with no major delay this morning at Wangsa Maju.
People shared regular commute and station photos
No emergency notice was posted
Malaysia transport update 2025-09-06
There are 14 comments in total
author
reply
Show 1 replies
Say something",Service update says all lines are stable with no major delay this morning at Wangsa Maju People shared regular commute and station photos No emergency notice was posted Malaysia transport update 2025 09 06 There are 14 comments in total author reply Show 1 replies Say something,0,normal_update,synthetic_mock
lrtkelanajaya故障 - 小红书搜索 - Google Chrome,1454,mock_post_1454.png,lrtkelanajaya故障 - 小红书搜索 - Google Chrome,2026-02-23T08:14:00,"Little Red Potato 66A1
focus on
Kelana Jaya line maintenance phase affected frequency and caused crowding at stations at Pasar Seni.
Passengers shared delay slip and crowding evidence during rush hour
Rapid KL staff guided queue and temporary shuttle arrangement
Malaysia transport update 2026-07-27
There are 9 comments in total
author
reply
Show 3 replies
Say something",Kelana Jaya line maintenance phase affected frequency and caused crowding at stations at Pasar Seni Passengers shared delay slip and crowding evidence during rush hour Rapid KL staff guided queue and temporary shuttle arrangement Malaysia transport update 2026 07 27 There are 9 comments in total author reply Show 3 replies Say something,1,incident_maintenance_impact,synthetic_mock
🇲🇾LRT KelanajayaLine通告，列车降速 - 小红书 - Google Chrome,1455,mock_post_1455.png,🇲🇾LRT KelanajayaLine通告，列车降速 - 小红书 - Google Chrome,2026-02-23T08:15:00,"Xiaoxuan Talk Malaysia Official
focus on
Commuting to work was smooth and station crowd level was manageable today at Universiti.
People shared regular commute and station photos
No emergency notice was posted
Malaysia transport update 2025-01-21
There are 5 comments in total
author
reply
Show 1 replies
Say something",Commuting to work was smooth and station crowd level was manageable today at Universiti People shared regular commute and station photos No emergency notice was posted Malaysia transport update 2025 01 21 There are 5 comments in total author reply Show 1 replies Say something,0,normal_commute,synthetic_mock
lrtkelanajaya故障 - 小红书搜索 - Google Chrome,1456,mock_post_1456.png,lrtkelanajaya故障 - 小红书搜索 - Google Chrome,2026-02-23T08:16:00,"Xiaoxuan Talk Malaysia Official
focus on
Kelana Jaya line maintenance phase affected frequency and caused crowding at stations at Masjid Jamek.
Passengers shared delay slip and crowding evidence during rush hour
Rapid KL staff guided queue and temporary shuttle arrangement
There are 1 comments in total
author
reply
Show 3 replies
Say something",Kelana Jaya line maintenance phase affected frequency and caused crowding at stations at Masjid Jamek Passengers shared delay slip and crowding evidence during rush hour Rapid KL staff guided queue and temporary shuttle arrangement There are 1 comments in total author reply Show 3 replies Say something,1,incident_maintenance_impact,synthetic_mock
mrt kajang - 小红书搜索 - Google Chrome,1457,mock_post_1457.png,mrt kajang - 小红书搜索 - Google Chrome,2026-02-23T08:17:00,"Ootashi store
focus on
No disruption observed and transfer between lines completed without waiting at Putra Heights.
People shared regular commute and station photos
No emergency notice was posted
Malaysia transport update 2024-05-07
There are 18 comments in total
author
reply
Show 1 replies
Say something",No disruption observed and transfer between lines completed without waiting at Putra Heights People shared regular commute and station photos No emergency notice was posted Malaysia transport update 2024 05 07 There are 18 comments in total author reply Show 1 replies Say something,0,normal_no_incident,synthetic_mock
mrtkajang问题 - 小红书搜索 - Google Chrome,1458,mock_post_1458.png,mrtkajang问题 - 小红书搜索 - Google Chrome,2026-02-23T08:18:00,"Leisurely kitten
focus on
Commuters reported long queue and train delay after track maintenance at Universiti station at Kelana Jaya.
Passengers shared delay slip and crowding evidence during rush hour
Rapid KL staff guided queue and temporary shuttle arrangement
Malaysia transport update 2024-11-01
There are 4 comments in total
author
reply
Show 1 replies
Say something",Commuters reported long queue and train delay after track maintenance at Universiti station at Kelana Jaya Passengers shared delay slip and crowding evidence during rush hour Rapid KL staff guided queue and temporary shuttle arrangement Malaysia transport update 2024 11 01 There are 4 comments in total author reply Show 1 replies Say something,1,incident_delay,synthetic_mock
mrt fault - 小红书搜索 - Google Chrome,1459,mock_post_1459.png,mrt fault - 小红书搜索 - Google Chrome,2026-02-23T08:19:00,"Xiaoxuan Talk Malaysia Official
focus on
Routine travel post about route tips and fare sharing at KLCC.
People shared regular commute and station photos
No emergency notice was posted
Malaysia transport update 2025-03-03
There are 3 comments in total
author
reply
Show 2 replies
Say something",Routine travel post about route tips and fare sharing at KLCC People shared regular commute and station photos No emergency notice was posted Malaysia transport update 2025 03 03 There are 3 comments in total author reply Show 2 replies Say something,0,normal_travel_tip,synthetic_mock
lrt klcc - 小红书搜索 - Google Chrome,1460,mock_post_1460.png,lrt klcc - 小红书搜索 - Google Chrome,2026-02-23T08:20:00,"Xiaoxuan Talk Malaysia Official
focus on
Rapid KL announced temporary service disruption between KLCC and Gombak with shuttle support at Wangsa Maju.
Passengers shared delay slip and crowding evidence during rush hour
Rapid KL staff guided queue and temporary shuttle arrangement
Malaysia transport update 2024-07-03
There are 16 comments in total
author
reply
Show 3 replies
Say something",Rapid KL announced temporary service disruption between KLCC and Gombak with shuttle support at Wangsa Maju Passengers shared delay slip and crowding evidence during rush hour Rapid KL staff guided queue and temporary shuttle arrangement Malaysia transport update 2024 07 03 There are 16 comments in total author reply Show 3 replies Say something,1,incident_service_disruption,synthetic_mock
lrtkelanajaya故障 - 小红书搜索 - Google Chrome,1461,mock_post_1461.png,lrtkelanajaya故障 - 小红书搜索 - Google Chrome,2026-02-23T08:21:00,"Rapid commuter diary
focus on
Service update says all lines are stable with no major delay this morning at Wangsa Maju.
People shared regular commute and station photos
No emergency notice was posted
There are 15 comments in total
author
reply
Show 1 replies
Say something",Service update says all lines are stable with no major delay this morning at Wangsa Maju People shared regular commute and station photos No emergency notice was posted There are 15 comments in total author reply Show 1 replies Say something,0,normal_update,synthetic_mock
mrt fault - 小红书搜索 - Google Chrome,1462,mock_post_1462.png,mrt fault - 小红书搜索 - Google Chrome,2026-02-23T08:22:00,"Ootashi store
focus on
Commuters reported long queue and train delay after track maintenance at Universiti station at Kelana Jaya.
Passengers shared delay slip and crowding evidence during rush hour
Rapid KL staff guided queue and temporary shuttle arrangement
There are 2 comments in total
author
reply
Show 1 replies
Say something",Commuters reported long queue and train delay after track maintenance at Universiti station at Kelana Jaya Passengers shared delay slip and crowding evidence during rush hour Rapid KL staff guided queue and temporary shuttle arrangement There are 2 comments in total author reply Show 1 replies Say something,1,incident_delay,synthetic_mock
地铁 马来西亚 - 小红书搜索 - Google Chrome,1463,mock_post_1463.png,地铁 马来西亚 - 小红书搜索 - Google Chrome,2026-02-23T08:23:00,"Little Red Potato 66A1
focus on
Commuting to work was smooth and station crowd level was manageable today at Ampang Park.
People shared regular commute and station photos
No emergency notice was posted
There are 1 comments in total
author
reply
Show 1 replies
Say something",Commuting to work was smooth and station crowd level was manageable today at Ampang Park People shared regular commute and station photos No emergency notice was posted There are 1 comments in total author reply Show 1 replies Say something,0,normal_commute,synthetic_mock
lrtkelanajaya故障 - 小红书搜索 - Google Chrome,1464,mock_post_1464.png,lrtkelanajaya故障 - 小红书搜索 - Google Chrome,2026-02-23T08:24:00,"Xiaoxuan Talk Malaysia Official
focus on
Kelana Jaya line maintenance phase affected frequency and caused crowding at stations at Gombak.
Passengers shared delay slip and crowding evidence during rush hour
Rapid KL staff guided queue and temporary shuttle arrangement
Malaysia transport update 2024-09-01
There are 17 comments in total
author
reply
Show 3 replies
Say something",Kelana Jaya line maintenance phase affected frequency and caused crowding at stations at Gombak Passengers shared delay slip and crowding evidence during rush hour Rapid KL staff guided queue and temporary shuttle arrangement Malaysia transport update 2024 09 01 There are 17 comments in total author reply Show 3 replies Say something,1,incident_maintenance_impact,synthetic_mock
lrtkelanajaya故障 - 小红书搜索 - Google Chrome,1465,mock_post_1465.png,lrtkelanajaya故障 - 小红书搜索 - Google Chrome,2026-02-23T08:25:00,"Xiaoxuan Talk Malaysia Official
focus on
Service update says all lines are stable with no major delay this morning at Putra Heights.
People shared regular commute and station photos
No emergency notice was posted
There are 1 comments in total
author
reply
Show 2 replies
Say something",Service update says all lines are stable with no major delay this morning at Putra Heights People shared regular commute and station photos No emergency notice was posted There are 1 comments in total author reply Show 2 replies Say something,0,normal_update,synthetic_mock
mrt - 小红书搜索 - Google Chrome,1466,mock_post_1466.png,mrt - 小红书搜索 - Google Chrome,2026-02-23T08:26:00,"City transit watcher
focus on
Rapid KL announced temporary service disruption between KLCC and Gombak with shuttle support at KLCC.
Passengers shared delay slip and crowding evidence during rush hour
Rapid KL staff guided queue and temporary shuttle arrangement
There are 5 comments in total
author
reply
Show 2 replies
Say something",Rapid KL announced temporary service disruption between KLCC and Gombak with shuttle support at KLCC Passengers shared delay slip and crowding evidence during rush hour Rapid KL staff guided queue and temporary shuttle arrangement There are 5 comments in total author reply Show 2 replies Say something,1,incident_service_disruption,synthetic_mock
mrtkajang问题 - 小红书搜索 - Google Chrome,1467,mock_post_1467.png,mrtkajang问题 - 小红书搜索 - Google Chrome,2026-02-23T08:27:00,"Xiaoxuan Talk Malaysia Official
focus on
No disruption observed and transfer between lines completed without waiting at Universiti.
People shared regular commute and station photos
No emergency notice was posted
Malaysia transport update 2026-11-10
There are 15 comments in total
author
reply
Show 3 replies
Say something",No disruption observed and transfer between lines completed without waiting at Universiti People shared regular commute and station photos No emergency notice was posted Malaysia transport update 2026 11 10 There are 15 comments in total author reply Show 3 replies Say something,0,normal_no_incident,synthetic_mock
lrtkelanajaya线 - 小红书搜索 - Google Chrome,1468,mock_post_1468.png,lrtkelanajaya线 - 小红书搜索 - Google Chrome,2026-02-23T08:28:00,"Rapid commuter diary
focus on
Power trip caused brief outage and service resumed after technicians completed repair at Masjid Jamek.
Passengers shared delay slip and crowding evidence during rush hour
Rapid KL staff guided queue and temporary shuttle arrangement
There are 9 comments in total
author
reply
Show 1 replies
Say something",Power trip caused brief outage and service resumed after technicians completed repair at Masjid Jamek Passengers shared delay slip and crowding evidence during rush hour Rapid KL staff guided queue and temporary shuttle arrangement There are 9 comments in total author reply Show 1 replies Say something,1,incident_power_outage,synthetic_mock
mrtkajang问题 - 小红书搜索 - Google Chrome,1469,mock_post_1469.png,mrtkajang问题 - 小红书搜索 - Google Chrome,2026-02-23T08:29:00,"Rapid commuter diary
focus on
General city transport post not related to outage or malfunction at Gombak.
People shared regular commute and station photos
No emergency notice was posted
Malaysia transport update 2026-05-06
There are 7 comments in total
author
reply
Show 3 replies
Say something",General city transport post not related to outage or malfunction at Gombak People shared regular commute and station photos No emergency notice was posted Malaysia transport update 2026 05 06 There are 7 comments in total author reply Show 3 replies Say something,0,normal_general,synthetic_mock
🇲🇾LRT KelanajayaLine通告，列车降速 - 小红书 - Google Chrome,1470,mock_post_1470.png,🇲🇾LRT KelanajayaLine通告，列车降速 - 小红书 - Google Chrome,2026-02-23T08:30:00,"Rapid commuter diary
focus on
Power trip caused brief outage and service resumed after technicians completed repair at Ampang Park.
Passengers shared delay slip and crowding evidence during rush hour
Rapid KL staff guided queue and temporary shuttle arrangement
There are 9 comments in total
author
reply
Show 2 replies
Say something",Power trip caused brief outage and service resumed after technicians completed repair at Ampang Park Passengers shared delay slip and crowding evidence during rush hour Rapid KL staff guided queue and temporary shuttle arrangement There are 9 comments in total author reply Show 2 replies Say something,1,incident_power_outage,synthetic_mock
lrtkelanajaya故障 - 小红书搜索 - Google Chrome,1471,mock_post_1471.png,lrtkelanajaya故障 - 小红书搜索 - Google Chrome,2026-02-23T08:31:00,"Rapid commuter diary
focus on
Normal operation resumed and train intervals are back to schedule at KL Sentral.
People shared regular commute and station photos
No emergency notice was posted
Malaysia transport update 2026-06-12
There are 3 comments in total
author
reply
Show 2 replies
Say something",Normal operation resumed and train intervals are back to schedule at KL Sentral People shared regular commute and station photos No emergency notice was posted Malaysia transport update 2026 06 12 There are 3 comments in total author reply Show 2 replies Say something,0,normal_operation,synthetic_mock
🇲🇾LRT停运 注意了‼️ - 小红书 - Google Chrome,1472,mock_post_1472.png,🇲🇾LRT停运 注意了‼️ - 小红书 - Google Chrome,2026-02-23T08:32:00,"Leisurely kitten
focus on
LRT Kelana Jaya line had a signaling issue during peak hour and trains moved slowly at Masjid Jamek.
Passengers shared delay slip and crowding evidence during rush hour
Rapid KL staff guided queue and temporary shuttle arrangement
There are 10 comments in total
author
reply
Show 3 replies
Say something",LRT Kelana Jaya line had a signaling issue during peak hour and trains moved slowly at Masjid Jamek Passengers shared delay slip and crowding evidence during rush hour Rapid KL staff guided queue and temporary shuttle arrangement There are 10 comments in total author reply Show 3 replies Say something,1,incident_breakdown,synthetic_mock
lrtkelanajaya线 - 小红书搜索 - Google Chrome,1473,mock_post_1473.png,lrtkelanajaya线 - 小红书搜索 - Google Chrome,2026-02-23T08:33:00,"Rapid commuter diary
focus on
Routine travel post about route tips and fare sharing at Putra Heights.
People shared regular commute and station photos
No emergency notice was posted
Malaysia transport update 2024-06-14
There are 6 comments in total
author
reply
Show 2 replies
Say something",Routine travel post about route tips and fare sharing at Putra Heights People shared regular commute and station photos No emergency notice was posted Malaysia transport update 2024 06 14 There are 6 comments in total author reply Show 2 replies Say something,0,normal_travel_tip,synthetic_mock
lrt is bad again - Xiaohongshu search - Google Chrome,1474,mock_post_1474.png,lrt is bad again - Xiaohongshu search - Google Chrome,2026-02-23T08:34:00,"City transit watcher
focus on
LRT Kelana Jaya line had a signaling issue during peak hour and trains moved slowly at Universiti.
Passengers shared delay slip and crowding evidence during rush hour
Rapid KL staff guided queue and temporary shuttle arrangement
Malaysia transport update 2024-06-04
There are 1 comments in total
author
reply
Show 2 replies
Say something",LRT Kelana Jaya line had a signaling issue during peak hour and trains moved slowly at Universiti Passengers shared delay slip and crowding evidence during rush hour Rapid KL staff guided queue and temporary shuttle arrangement Malaysia transport update 2024 06 04 There are 1 comments in total author reply Show 2 replies Say something,1,incident_breakdown,synthetic_mock
mrt - 小红书搜索 - Google Chrome,1475,mock_post_1475.png,mrt - 小红书搜索 - Google Chrome,2026-02-23T08:35:00,"Ootashi store
focus on
General city transport post not related to outage or malfunction at Putra Heights.
People shared regular commute and station photos
No emergency notice was posted
Malaysia transport update 2025-04-18
There are 3 comments in total
author
reply
Show 2 replies
Say something",General city transport post not related to outage or malfunction at Putra Heights People shared regular commute and station photos No emergency notice was posted Malaysia transport update 2025 04 18 There are 3 comments in total author reply Show 2 replies Say something,0,normal_general,synthetic_mock
🇲🇾LRT停运 注意了‼️ - 小红书 - Google Chrome,1476,mock_post_1476.png,🇲🇾LRT停运 注意了‼️ - 小红书 - Google Chrome,2026-02-23T08:36:00,"Little Red Potato 66A1
focus on
Passengers were asked to get off at Pasar Seni due to train fault and wait for replacement at Universiti.
Passengers shared delay slip and crowding evidence during rush hour
Rapid KL staff guided queue and temporary shuttle arrangement
Malaysia transport update 2026-05-23
There are 3 comments in total
author
reply
Show 3 replies
Say something",Passengers were asked to get off at Pasar Seni due to train fault and wait for replacement at Universiti Passengers shared delay slip and crowding evidence during rush hour Rapid KL staff guided queue and temporary shuttle arrangement Malaysia transport update 2026 05 23 There are 3 comments in total author reply Show 3 replies Say something,1,incident_train_fault,synthetic_mock
lrt is bad again - Xiaohongshu search - Google Chrome,1477,mock_post_1477.png,lrt is bad again - Xiaohongshu search - Google Chrome,2026-02-23T08:37:00,"Leisurely kitten
focus on
No disruption observed and transfer between lines completed without waiting at Wangsa Maju.
People shared regular commute and station photos
No emergency notice was posted
There are 7 comments in total
author
reply
Show 1 replies
Say something",No disruption observed and transfer between lines completed without waiting at Wangsa Maju People shared regular commute and station photos No emergency notice was posted There are 7 comments in total author reply Show 1 replies Say something,0,normal_no_incident,synthetic_mock
lrt klcc - 小红书搜索 - Google Chrome,1478,mock_post_1478.png,lrt klcc - 小红书搜索 - Google Chrome,2026-02-23T08:38:00,"Xiaoxuan Talk Malaysia Official
focus on
Power trip caused brief outage and service resumed after technicians completed repair at Ampang Park.
Passengers shared delay slip and crowding evidence during rush hour
Rapid KL staff guided queue and temporary shuttle arrangement
There are 14 comments in total
author
reply
Show 1 replies
Say something",Power trip caused brief outage and service resumed after technicians completed repair at Ampang Park Passengers shared delay slip and crowding evidence during rush hour Rapid KL staff guided queue and temporary shuttle arrangement There are 14 comments in total author reply Show 1 replies Say something,1,incident_power_outage,synthetic_mock
lrt is bad again - Xiaohongshu search - Google Chrome,1479,mock_post_1479.png,lrt is bad again - Xiaohongshu search - Google Chrome,2026-02-23T08:39:00,"Little Red Potato 66A1
focus on
No disruption observed and transfer between lines completed without waiting at Pasar Seni.
People shared regular commute and station photos
No emergency notice was posted
Malaysia transport update 2025-04-19
There are 1 comments in total
author
reply
Show 2 replies
Say something",No disruption observed and transfer between lines completed without waiting at Pasar Seni People shared regular commute and station photos No emergency notice was posted Malaysia transport update 2025 04 19 There are 1 comments in total author reply Show 2 replies Say something,0,normal_no_incident,synthetic_mock
mrt kajang - 小红书搜索 - Google Chrome,1480,mock_post_1480.png,mrt kajang - 小红书搜索 - Google Chrome,2026-02-23T08:40:00,"Xiaoxuan Talk Malaysia Official
focus on
Kelana Jaya line maintenance phase affected frequency and caused crowding at stations at KL Sentral.
Passengers shared delay slip and crowding evidence during rush hour
Rapid KL staff guided queue and temporary shuttle arrangement
There are 10 comments in total
author
reply
Show 1 replies
Say something",Kelana Jaya line maintenance phase affected frequency and caused crowding at stations at KL Sentral Passengers shared delay slip and crowding evidence during rush hour Rapid KL staff guided queue and temporary shuttle arrangement There are 10 comments in total author reply Show 1 replies Say something,1,incident_maintenance_impact,synthetic_mock
mrt kajang - 小红书搜索 - Google Chrome,1481,mock_post_1481.png,mrt kajang - 小红书搜索 - Google Chrome,2026-02-23T08:41:00,"Little Red Potato 66A1
focus on
Normal operation resumed and train intervals are back to schedule at Masjid Jamek.
People shared regular commute and station photos
No emergency notice was posted
Malaysia transport update 2026-01-03
There are 16 comments in total
author
reply
Show 1 replies
Say something",Normal operation resumed and train intervals are back to schedule at Masjid Jamek People shared regular commute and station photos No emergency notice was posted Malaysia transport update 2026 01 03 There are 16 comments in total author reply Show 1 replies Say something,0,normal_operation,synthetic_mock
mrtkajang问题 - 小红书搜索 - Google Chrome,1482,mock_post_1482.png,mrtkajang问题 - 小红书搜索 - Google Chrome,2026-02-23T08:42:00,"Leisurely kitten
focus on
Kelana Jaya line maintenance phase affected frequency and caused crowding at stations at Gombak.
Passengers shared delay slip and crowding evidence during rush hour
Rapid KL staff guided queue and temporary shuttle arrangement
Malaysia transport update 2025-07-03
There are 18 comments in total
author
reply
Show 2 replies
Say something",Kelana Jaya line maintenance phase affected frequency and caused crowding at stations at Gombak Passengers shared delay slip and crowding evidence during rush hour Rapid KL staff guided queue and temporary shuttle arrangement Malaysia transport update 2025 07 03 There are 18 comments in total author reply Show 2 replies Say something,1,incident_maintenance_impact,synthetic_mock
🇲🇾LRT KelanajayaLine通告，列车降速 - 小红书 - Google Chrome,1483,mock_post_1483.png,🇲🇾LRT KelanajayaLine通告，列车降速 - 小红书 - Google Chrome,2026-02-23T08:43:00,"Rapid commuter diary
focus on
Routine travel post about route tips and fare sharing at Kelana Jaya.
People shared regular commute and station photos
No emergency notice was posted
Malaysia transport update 2025-08-28
There are 4 comments in total
author
reply
Show 2 replies
Say something",Routine travel post about route tips and fare sharing at Kelana Jaya People shared regular commute and station photos No emergency notice was posted Malaysia transport update 2025 08 28 There are 4 comments in total author reply Show 2 replies Say something,0,normal_travel_tip,synthetic_mock
mrt kajang - 小红书搜索 - Google Chrome,1484,mock_post_1484.png,mrt kajang - 小红书搜索 - Google Chrome,2026-02-23T08:44:00,"Ootashi store
focus on
LRT Kelana Jaya line had a signaling issue during peak hour and trains moved slowly at Kelana Jaya.
Passengers shared delay slip and crowding evidence during rush hour
Rapid KL staff guided queue and temporary shuttle arrangement
Malaysia transport update 2024-03-04
There are 11 comments in total
author
reply
Show 3 replies
Say something",LRT Kelana Jaya line had a signaling issue during peak hour and trains moved slowly at Kelana Jaya Passengers shared delay slip and crowding evidence during rush hour Rapid KL staff guided queue and temporary shuttle arrangement Malaysia transport update 2024 03 04 There are 11 comments in total author reply Show 3 replies Say something,1,incident_breakdown,synthetic_mock
lrt is bad again - Xiaohongshu search - Google Chrome,1485,mock_post_1485.png,lrt is bad again - Xiaohongshu search - Google Chrome,2026-02-23T08:45:00,"Xiaoxuan Talk Malaysia Official
focus on
Service update says all lines are stable with no major delay this morning at Pasar Seni.
People shared regular commute and station photos
No emergency notice was posted
Malaysia transport update 2025-09-01
There are 2 comments in total
author
reply
Show 2 replies
Say something",Service update says all lines are stable with no major delay this morning at Pasar Seni People shared regular commute and station photos No emergency notice was posted Malaysia transport update 2025 09 01 There are 2 comments in total author reply Show 2 replies Say something,0,normal_update,synthetic_mock
lrtkelanajaya故障 - 小红书搜索 - Google Chrome,1486,mock_post_1486.png,lrtkelanajaya故障 - 小红书搜索 - Google Chrome,2026-02-23T08:46:00,"Leisurely kitten
focus on
LRT Kelana Jaya line had a signaling issue during peak hour and trains moved slowly at Kelana Jaya.
Passengers shared delay slip and crowding evidence during rush hour
Rapid KL staff guided queue and temporary shuttle arrangement
Malaysia transport update 2025-12-20
There are 13 comments in total
author
reply
Show 2 replies
Say something",LRT Kelana Jaya line had a signaling issue during peak hour and trains moved slowly at Kelana Jaya Passengers shared delay slip and crowding evidence during rush hour Rapid KL staff guided queue and temporary shuttle arrangement Malaysia transport update 2025 12 20 There are 13 comments in total author reply Show 2 replies Say something,1,incident_breakdown,synthetic_mock
mrtkajang问题 - 小红书搜索 - Google Chrome,1487,mock_post_1487.png,mrtkajang问题 - 小红书搜索 - Google Chrome,2026-02-23T08:47:00,"Rapid commuter diary
focus on
Service update says all lines are stable with no major delay this morning at KL Sentral.
People shared regular commute and station photos
No emergency notice was posted
Malaysia transport update 2025-03-25
There are 14 comments in total
author
reply
Show 3 replies
Say something",Service update says all lines are stable with no major delay this morning at KL Sentral People shared regular commute and station photos No emergency notice was posted Malaysia transport update 2025 03 25 There are 14 comments in total author reply Show 3 replies Say something,0,normal_update,synthetic_mock
mrt fault - 小红书搜索 - Google Chrome,1488,mock_post_1488.png,mrt fault - 小红书搜索 - Google Chrome,2026-02-23T08:48:00,"Little Red Potato 66A1
focus on
Kelana Jaya line maintenance phase affected frequency and caused crowding at stations at KLCC.
Passengers shared delay slip and crowding evidence during rush hour
Rapid KL staff guided queue and temporary shuttle arrangement
Malaysia transport update 2026-08-22
There are 16 comments in total
author
reply
Show 2 replies
Say something",Kelana Jaya line maintenance phase affected frequency and caused crowding at stations at KLCC Passengers shared delay slip and crowding evidence during rush hour Rapid KL staff guided queue and temporary shuttle arrangement Malaysia transport update 2026 08 22 There are 16 comments in total author reply Show 2 replies Say something,1,incident_maintenance_impact,synthetic_mock
lrtkelanajaya线 - 小红书搜索 - Google Chrome,1489,mock_post_1489.png,lrtkelanajaya线 - 小红书搜索 - Google Chrome,2026-02-23T08:49:00,"Ootashi store
focus on
General city transport post not related to outage or malfunction at Ampang Park.
People shared regular commute and station photos
No emergency notice was posted
Malaysia transport update 2025-12-03
There are 12 comments in total
author
reply
Show 3 replies
Say something",General city transport post not related to outage or malfunction at Ampang Park People shared regular commute and station photos No emergency notice was posted Malaysia transport update 2025 12 03 There are 12 comments in total author reply Show 3 replies Say something,0,normal_general,synthetic_mock
lrtkelanajaya线 - 小红书搜索 - Google Chrome,1490,mock_post_1490.png,lrtkelanajaya线 - 小红书搜索 - Google Chrome,2026-02-23T08:50:00,"City transit watcher
focus on
Kelana Jaya line maintenance phase affected frequency and caused crowding at stations at Universiti.
Passengers shared delay slip and crowding evidence during rush hour
Rapid KL staff guided queue and temporary shuttle arrangement
Malaysia transport update 2025-01-07
There are 1 comments in total
author
reply
Show 3 replies
Say something",Kelana Jaya line maintenance phase affected frequency and caused crowding at stations at Universiti Passengers shared delay slip and crowding evidence during rush hour Rapid KL staff guided queue and temporary shuttle arrangement Malaysia transport update 2025 01 07 There are 1 comments in total author reply Show 3 replies Say something,1,incident_maintenance_impact,synthetic_mock
mrt fault - 小红书搜索 - Google Chrome,1491,mock_post_1491.png,mrt fault - 小红书搜索 - Google Chrome,2026-02-23T08:51:00,"Ootashi store
focus on
No disruption observed and transfer between lines completed without waiting at Wangsa Maju.
People shared regular commute and station photos
No emergency notice was posted
Malaysia transport update 2025-04-27
There are 17 comments in total
author
reply
Show 3 replies
Say something",No disruption observed and transfer between lines completed without waiting at Wangsa Maju People shared regular commute and station photos No emergency notice was posted Malaysia transport update 2025 04 27 There are 17 comments in total author reply Show 3 replies Say something,0,normal_no_incident,synthetic_mock
mrt kajang - 小红书搜索 - Google Chrome,1492,mock_post_1492.png,mrt kajang - 小红书搜索 - Google Chrome,2026-02-23T08:52:00,"City transit watcher
focus on
Commuters reported long queue and train delay after track maintenance at Universiti station at Ampang Park.
Passengers shared delay slip and crowding evidence during rush hour
Rapid KL staff guided queue and temporary shuttle arrangement
Malaysia transport update 2026-02-05
There are 8 comments in total
author
reply
Show 2 replies
Say something",Commuters reported long queue and train delay after track maintenance at Universiti station at Ampang Park Passengers shared delay slip and crowding evidence during rush hour Rapid KL staff guided queue and temporary shuttle arrangement Malaysia transport update 2026 02 05 There are 8 comments in total author reply Show 2 replies Say something,1,incident_delay,synthetic_mock
lrtkelanajaya故障 - 小红书搜索 - Google Chrome,1493,mock_post_1493.png,lrtkelanajaya故障 - 小红书搜索 - Google Chrome,2026-02-23T08:53:00,"Little Red Potato 66A1
focus on
No disruption observed and transfer between lines completed without waiting at KL Sentral.
People shared regular commute and station photos
No emergency notice was posted
Malaysia transport update 2025-04-03
There are 9 comments in total
author
reply
Show 2 replies
Say something",No disruption observed and transfer between lines completed without waiting at KL Sentral People shared regular commute and station photos No emergency notice was posted Malaysia transport update 2025 04 03 There are 9 comments in total author reply Show 2 replies Say something,0,normal_no_incident,synthetic_mock
mrtkajang问题 - 小红书搜索 - Google Chrome,1494,mock_post_1494.png,mrtkajang问题 - 小红书搜索 - Google Chrome,2026-02-23T08:54:00,"KL daily commuter
focus on
Kelana Jaya line maintenance phase affected frequency and caused crowding at stations at Gombak.
Passengers shared delay slip and crowding evidence during rush hour
Rapid KL staff guided queue and temporary shuttle arrangement
There are 4 comments in total
author
reply
Show 1 replies
Say something",Kelana Jaya line maintenance phase affected frequency and caused crowding at stations at Gombak Passengers shared delay slip and crowding evidence during rush hour Rapid KL staff guided queue and temporary shuttle arrangement There are 4 comments in total author reply Show 1 replies Say something,1,incident_maintenance_impact,synthetic_mock
🇲🇾LRT停运 注意了‼️ - 小红书 - Google Chrome,1495,mock_post_1495.png,🇲🇾LRT停运 注意了‼️ - 小红书 - Google Chrome,2026-02-23T08:55:00,"Ootashi store
focus on
Normal operation resumed and train intervals are back to schedule at KLCC.
People shared regular commute and station photos
No emergency notice was posted
Malaysia transport update 2025-03-09
There are 1 comments in total
author
reply
Show 2 replies
Say something",Normal operation resumed and train intervals are back to schedule at KLCC People shared regular commute and station photos No emergency notice was posted Malaysia transport update 2025 03 09 There are 1 comments in total author reply Show 2 replies Say something,0,normal_operation,synthetic_mock
lrtkelanajaya故障 - 小红书搜索 - Google Chrome,1496,mock_post_1496.png,lrtkelanajaya故障 - 小红书搜索 - Google Chrome,2026-02-23T08:56:00,"Leisurely kitten
focus on
Passengers were asked to get off at Pasar Seni due to train fault and wait for replacement at Ampang Park.
Passengers shared delay slip and crowding evidence during rush hour
Rapid KL staff guided queue and temporary shuttle arrangement
Malaysia transport update 2026-02-12
There are 14 comments in total
author
reply
Show 1 replies
Say something",Passengers were asked to get off at Pasar Seni due to train fault and wait for replacement at Ampang Park Passengers shared delay slip and crowding evidence during rush hour Rapid KL staff guided queue and temporary shuttle arrangement Malaysia transport update 2026 02 12 There are 14 comments in total author reply Show 1 replies Say something,1,incident_train_fault,synthetic_mock
lrt is bad again - Xiaohongshu search - Google Chrome,1497,mock_post_1497.png,lrt is bad again - Xiaohongshu search - Google Chrome,2026-02-23T08:57:00,"Rapid commuter diary
focus on
No disruption observed and transfer between lines completed without waiting at Masjid Jamek.
People shared regular commute and station photos
No emergency notice was posted
Malaysia transport update 2024-08-09
There are 12 comments in total
author
reply
Show 1 replies
Say something",No disruption observed and transfer between lines completed without waiting at Masjid Jamek People shared regular commute and station photos No emergency notice was posted Malaysia transport update 2024 08 09 There are 12 comments in total author reply Show 1 replies Say something,0,normal_no_incident,synthetic_mock
lrtkelanajaya线 - 小红书搜索 - Google Chrome,1498,mock_post_1498.png,lrtkelanajaya线 - 小红书搜索 - Google Chrome,2026-02-23T08:58:00,"City transit watcher
focus on
Kelana Jaya line maintenance phase affected frequency and caused crowding at stations at Wangsa Maju.
Passengers shared delay slip and crowding evidence during rush hour
Rapid KL staff guided queue and temporary shuttle arrangement
There are 7 comments in total
author
reply
Show 2 replies
Say something",Kelana Jaya line maintenance phase affected frequency and caused crowding at stations at Wangsa Maju Passengers shared delay slip and crowding evidence during rush hour Rapid KL staff guided queue and temporary shuttle arrangement There are 7 comments in total author reply Show 2 replies Say something,1,incident_maintenance_impact,synthetic_mock
🇲🇾LRT停运 注意了‼️ - 小红书 - Google Chrome,1499,mock_post_1499.png,🇲🇾LRT停运 注意了‼️ - 小红书 - Google Chrome,2026-02-23T08:59:00,"Little Red Potato 66A1
focus on
No disruption observed and transfer between lines completed without waiting at Pasar Seni.
People shared regular commute and station photos
No emergency notice was posted
Malaysia transport update 2026-08-17
There are 14 comments in total
author
reply
Show 1 replies
Say something",No disruption observed and transfer between lines completed without waiting at Pasar Seni People shared regular commute and station photos No emergency notice was posted Malaysia transport update 2026 08 17 There are 14 comments in total author reply Show 1 replies Say something,0,normal_no_incident,synthetic_mock
lrt klcc - 小红书搜索 - Google Chrome,1500,mock_post_1500.png,lrt klcc - 小红书搜索 - Google Chrome,2026-02-23T09:00:00,"Xiaoxuan Talk Malaysia Official
focus on
LRT Kelana Jaya line had a signaling issue during peak hour and trains moved slowly at Universiti.
Passengers shared delay slip and crowding evidence during rush hour
Rapid KL staff guided queue and temporary shuttle arrangement
Malaysia transport update 2024-01-19
There are 9 comments in total
author
reply
Show 1 replies
Say something",LRT Kelana Jaya line had a signaling issue during peak hour and trains moved slowly at Universiti Passengers shared delay slip and crowding evidence during rush hour Rapid KL staff guided queue and temporary shuttle arrangement Malaysia transport update 2024 01 19 There are 9 comments in total author reply Show 1 replies Say something,1,incident_breakdown,synthetic_mock
mrt kajang - 小红书搜索 - Google Chrome,1501,mock_post_1501.png,mrt kajang - 小红书搜索 - Google Chrome,2026-02-23T09:01:00,"Leisurely kitten
focus on
Routine travel post about route tips and fare sharing at KLCC.
People shared regular commute and station photos
No emergency notice was posted
Malaysia transport update 2026-12-23
There are 13 comments in total
author
reply
Show 2 replies
Say something",Routine travel post about route tips and fare sharing at KLCC People shared regular commute and station photos No emergency notice was posted Malaysia transport update 2026 12 23 There are 13 comments in total author reply Show 2 replies Say something,0,normal_travel_tip,synthetic_mock
lrtkelanajaya线 - 小红书搜索 - Google Chrome,1502,mock_post_1502.png,lrtkelanajaya线 - 小红书搜索 - Google Chrome,2026-02-23T09:02:00,"City transit watcher
focus on
LRT Kelana Jaya line had a signaling issue during peak hour and trains moved slowly at Universiti.
Passengers shared delay slip and crowding evidence during rush hour
Rapid KL staff guided queue and temporary shuttle arrangement
There are 9 comments in total
author
reply
Show 2 replies
Say something",LRT Kelana Jaya line had a signaling issue during peak hour and trains moved slowly at Universiti Passengers shared delay slip and crowding evidence during rush hour Rapid KL staff guided queue and temporary shuttle arrangement There are 9 comments in total author reply Show 2 replies Say something,1,incident_breakdown,synthetic_mock
lrt is bad again - Xiaohongshu search - Google Chrome,1503,mock_post_1503.png,lrt is bad again - Xiaohongshu search - Google Chrome,2026-02-23T09:03:00,"Leisurely kitten
focus on
Service update says all lines are stable with no major delay this morning at Universiti.
People shared regular commute and station photos
No emergency notice was posted
There are 10 comments in total
author
reply
Show 3 replies
Say something",Service update says all lines are stable with no major delay this morning at Universiti People shared regular commute and station photos No emergency notice was posted There are 10 comments in total author reply Show 3 replies Say something,0,normal_update,synthetic_mock
mrt - 小红书搜索 - Google Chrome,1504,mock_post_1504.png,mrt - 小红书搜索 - Google Chrome,2026-02-23T09:04:00,"Little Red Potato 66A1
focus on
LRT Kelana Jaya line had a signaling issue during peak hour and trains moved slowly at Pasar Seni.
Passengers shared delay slip and crowding evidence during rush hour
Rapid KL staff guided queue and temporary shuttle arrangement
There are 16 comments in total
author
reply
Show 3 replies
Say something",LRT Kelana Jaya line had a signaling issue during peak hour and trains moved slowly at Pasar Seni Passengers shared delay slip and crowding evidence during rush hour Rapid KL staff guided queue and temporary shuttle arrangement There are 16 comments in total author reply Show 3 replies Say something,1,incident_breakdown,synthetic_mock
lrtkelanajaya故障 - 小红书搜索 - Google Chrome,1505,mock_post_1505.png,lrtkelanajaya故障 - 小红书搜索 - Google Chrome,2026-02-23T09:05:00,"Ootashi store
focus on
General city transport post not related to outage or malfunction at Universiti.
People shared regular commute and station photos
No emergency notice was posted
Malaysia transport update 2024-03-06
There are 11 comments in total
author
reply
Show 2 replies
Say something",General city transport post not related to outage or malfunction at Universiti People shared regular commute and station photos No emergency notice was posted Malaysia transport update 2024 03 06 There are 11 comments in total author reply Show 2 replies Say something,0,normal_general,synthetic_mock
lrt is bad again - Xiaohongshu search - Google Chrome,1506,mock_post_1506.png,lrt is bad again - Xiaohongshu search - Google Chrome,2026-02-23T09:06:00,"Rapid commuter diary
focus on
LRT Kelana Jaya line had a signaling issue during peak hour and trains moved slowly at Ampang Park.
Passengers shared delay slip and crowding evidence during rush hour
Rapid KL staff guided queue and temporary shuttle arrangement
Malaysia transport update 2024-05-03
There are 6 comments in total
author
reply
Show 3 replies
Say something",LRT Kelana Jaya line had a signaling issue during peak hour and trains moved slowly at Ampang Park Passengers shared delay slip and crowding evidence during rush hour Rapid KL staff guided queue and temporary shuttle arrangement Malaysia transport update 2024 05 03 There are 6 comments in total author reply Show 3 replies Say something,1,incident_breakdown,synthetic_mock
mrtkajang问题 - 小红书搜索 - Google Chrome,1507,mock_post_1507.png,mrtkajang问题 - 小红书搜索 - Google Chrome,2026-02-23T09:07:00,"Rapid commuter diary
focus on
Routine travel post about route tips and fare sharing at Putra Heights.
People shared regular commute and station photos
No emergency notice was posted
There are 16 comments in total
author
reply
Show 1 replies
Say something",Routine travel post about route tips and fare sharing at Putra Heights People shared regular commute and station photos No emergency notice was posted There are 16 comments in total author reply Show 1 replies Say something,0,normal_travel_tip,synthetic_mock
地铁 马来西亚 - 小红书搜索 - Google Chrome,1508,mock_post_1508.png,地铁 马来西亚 - 小红书搜索 - Google Chrome,2026-02-23T09:08:00,"KL daily commuter
focus on
LRT Kelana Jaya line had a signaling issue during peak hour and trains moved slowly at Kelana Jaya.
Passengers shared delay slip and crowding evidence during rush hour
Rapid KL staff guided queue and temporary shuttle arrangement
Malaysia transport update 2026-05-27
There are 8 comments in total
author
reply
Show 3 replies
Say something",LRT Kelana Jaya line had a signaling issue during peak hour and trains moved slowly at Kelana Jaya Passengers shared delay slip and crowding evidence during rush hour Rapid KL staff guided queue and temporary shuttle arrangement Malaysia transport update 2026 05 27 There are 8 comments in total author reply Show 3 replies Say something,1,incident_breakdown,synthetic_mock
mrt fault - 小红书搜索 - Google Chrome,1509,mock_post_1509.png,mrt fault - 小红书搜索 - Google Chrome,2026-02-23T09:09:00,"KL daily commuter
focus on
Service update says all lines are stable with no major delay this morning at Pasar Seni.
People shared regular commute and station photos
No emergency notice was posted
Malaysia transport update 2025-12-11
There are 15 comments in total
author
reply
Show 2 replies
Say something",Service update says all lines are stable with no major delay this morning at Pasar Seni People shared regular commute and station photos No emergency notice was posted Malaysia transport update 2025 12 11 There are 15 comments in total author reply Show 2 replies Say something,0,normal_update,synthetic_mock
mrt fault - 小红书搜索 - Google Chrome,1510,mock_post_1510.png,mrt fault - 小红书搜索 - Google Chrome,2026-02-23T09:10:00,"City transit watcher
focus on
Passengers were asked to get off at Pasar Seni due to train fault and wait for replacement at Gombak.
Passengers shared delay slip and crowding evidence during rush hour
Rapid KL staff guided queue and temporary shuttle arrangement
Malaysia transport update 2025-08-01
There are 12 comments in total
author
reply
Show 2 replies
Say something",Passengers were asked to get off at Pasar Seni due to train fault and wait for replacement at Gombak Passengers shared delay slip and crowding evidence during rush hour Rapid KL staff guided queue and temporary shuttle arrangement Malaysia transport update 2025 08 01 There are 12 comments in total author reply Show 2 replies Say something,1,incident_train_fault,synthetic_mock
mrt kajang - 小红书搜索 - Google Chrome,1511,mock_post_1511.png,mrt kajang - 小红书搜索 - Google Chrome,2026-02-23T09:11:00,"Rapid commuter diary
focus on
Routine travel post about route tips and fare sharing at KL Sentral.
People shared regular commute and station photos
No emergency notice was posted
Malaysia transport update 2026-09-24
There are 1 comments in total
author
reply
Show 1 replies
Say something",Routine travel post about route tips and fare sharing at KL Sentral People shared regular commute and station photos No emergency notice was posted Malaysia transport update 2026 09 24 There are 1 comments in total author reply Show 1 replies Say something,0,normal_travel_tip,synthetic_mock
lrtkelanajaya线 - 小红书搜索 - Google Chrome,1512,mock_post_1512.png,lrtkelanajaya线 - 小红书搜索 - Google Chrome,2026-02-23T09:12:00,"Leisurely kitten
focus on
Rapid KL announced temporary service disruption between KLCC and Gombak with shuttle support at Pasar Seni.
Passengers shared delay slip and crowding evidence during rush hour
Rapid KL staff guided queue and temporary shuttle arrangement
Malaysia transport update 2024-10-24
There are 14 comments in total
author
reply
Show 2 replies
Say something",Rapid KL announced temporary service disruption between KLCC and Gombak with shuttle support at Pasar Seni Passengers shared delay slip and crowding evidence during rush hour Rapid KL staff guided queue and temporary shuttle arrangement Malaysia transport update 2024 10 24 There are 14 comments in total author reply Show 2 replies Say something,1,incident_service_disruption,synthetic_mock
lrt klcc - 小红书搜索 - Google Chrome,1513,mock_post_1513.png,lrt klcc - 小红书搜索 - Google Chrome,2026-02-23T09:13:00,"Ootashi store
focus on
General city transport post not related to outage or malfunction at KLCC.
People shared regular commute and station photos
No emergency notice was posted
There are 13 comments in total
author
reply
Show 3 replies
Say something",General city transport post not related to outage or malfunction at KLCC People shared regular commute and station photos No emergency notice was posted There are 13 comments in total author reply Show 3 replies Say something,0,normal_general,synthetic_mock
mrt - 小红书搜索 - Google Chrome,1514,mock_post_1514.png,mrt - 小红书搜索 - Google Chrome,2026-02-23T09:14:00,"Rapid commuter diary
focus on
Commuters reported long queue and train delay after track maintenance at Universiti station at Masjid Jamek.
Passengers shared delay slip and crowding evidence during rush hour
Rapid KL staff guided queue and temporary shuttle arrangement
There are 17 comments in total
author
reply
Show 1 replies
Say something",Commuters reported long queue and train delay after track maintenance at Universiti station at Masjid Jamek Passengers shared delay slip and crowding evidence during rush hour Rapid KL staff guided queue and temporary shuttle arrangement There are 17 comments in total author reply Show 1 replies Say something,1,incident_delay,synthetic_mock
🇲🇾LRT KelanajayaLine通告，列车降速 - 小红书 - Google Chrome,1515,mock_post_1515.png,🇲🇾LRT KelanajayaLine通告，列车降速 - 小红书 - Google Chrome,2026-02-23T09:15:00,"Leisurely kitten
focus on
General city transport post not related to outage or malfunction at Putra Heights.
People shared regular commute and station photos
No emergency notice was posted
Malaysia transport update 2025-05-10
There are 7 comments in total
author
reply
Show 1 replies
Say something",General city transport post not related to outage or malfunction at Putra Heights People shared regular commute and station photos No emergency notice was posted Malaysia transport update 2025 05 10 There are 7 comments in total author reply Show 1 replies Say something,0,normal_general,synthetic_mock
🇲🇾LRT KelanajayaLine通告，列车降速 - 小红书 - Google Chrome,1516,mock_post_1516.png,🇲🇾LRT KelanajayaLine通告，列车降速 - 小红书 - Google Chrome,2026-02-23T09:16:00,"KL daily commuter
focus on
Passengers were asked to get off at Pasar Seni due to train fault and wait for replacement at Putra Heights.
Passengers shared delay slip and crowding evidence during rush hour
Rapid KL staff guided queue and temporary shuttle arrangement
There are 14 comments in total
author
reply
Show 2 replies
Say something",Passengers were asked to get off at Pasar Seni due to train fault and wait for replacement at Putra Heights Passengers shared delay slip and crowding evidence during rush hour Rapid KL staff guided queue and temporary shuttle arrangement There are 14 comments in total author reply Show 2 replies Say something,1,incident_train_fault,synthetic_mock
lrtkelanajaya故障 - 小红书搜索 - Google Chrome,1517,mock_post_1517.png,lrtkelanajaya故障 - 小红书搜索 - Google Chrome,2026-02-23T09:17:00,"Xiaoxuan Talk Malaysia Official
focus on
Commuting to work was smooth and station crowd level was manageable today at Gombak.
People shared regular commute and station photos
No emergency notice was posted
There are 16 comments in total
author
reply
Show 3 replies
Say something",Commuting to work was smooth and station crowd level was manageable today at Gombak People shared regular commute and station photos No emergency notice was posted There are 16 comments in total author reply Show 3 replies Say something,0,normal_commute,synthetic_mock
lrtkelanajaya故障 - 小红书搜索 - Google Chrome,1518,mock_post_1518.png,lrtkelanajaya故障 - 小红书搜索 - Google Chrome,2026-02-23T09:18:00,"Little Red Potato 66A1
focus on
Power trip caused brief outage and service resumed after technicians completed repair at Pasar Seni.
Passengers shared delay slip and crowding evidence during rush hour
Rapid KL staff guided queue and temporary shuttle arrangement
There are 18 comments in total
author
reply
Show 3 replies
Say something",Power trip caused brief outage and service resumed after technicians completed repair at Pasar Seni Passengers shared delay slip and crowding evidence during rush hour Rapid KL staff guided queue and temporary shuttle arrangement There are 18 comments in total author reply Show 3 replies Say something,1,incident_power_outage,synthetic_mock
mrt - 小红书搜索 - Google Chrome,1519,mock_post_1519.png,mrt - 小红书搜索 - Google Chrome,2026-02-23T09:19:00,"Leisurely kitten
focus on
Commuting to work was smooth and station crowd level was manageable today at Ampang Park.
People shared regular commute and station photos
No emergency notice was posted
Malaysia transport update 2025-01-15
There are 2 comments in total
author
reply
Show 1 replies
Say something",Commuting to work was smooth and station crowd level was manageable today at Ampang Park People shared regular commute and station photos No emergency notice was posted Malaysia transport update 2025 01 15 There are 2 comments in total author reply Show 1 replies Say something,0,normal_commute,synthetic_mock
mrt - 小红书搜索 - Google Chrome,1520,mock_post_1520.png,mrt - 小红书搜索 - Google Chrome,2026-02-23T09:20:00,"Xiaoxuan Talk Malaysia Official
focus on
Passengers were asked to get off at Pasar Seni due to train fault and wait for replacement at KLCC.
Passengers shared delay slip and crowding evidence during rush hour
Rapid KL staff guided queue and temporary shuttle arrangement
Malaysia transport update 2024-07-12
There are 1 comments in total
author
reply
Show 1 replies
Say something",Passengers were asked to get off at Pasar Seni due to train fault and wait for replacement at KLCC Passengers shared delay slip and crowding evidence during rush hour Rapid KL staff guided queue and temporary shuttle arrangement Malaysia transport update 2024 07 12 There are 1 comments in total author reply Show 1 replies Say something,1,incident_train_fault,synthetic_mock
地铁 马来西亚 - 小红书搜索 - Google Chrome,1521,mock_post_1521.png,地铁 马来西亚 - 小红书搜索 - Google Chrome,2026-02-23T09:21:00,"Leisurely kitten
focus on
Service update says all lines are stable with no major delay this morning at Putra Heights.
People shared regular commute and station photos
No emergency notice was posted
There are 17 comments in total
author
reply
Show 3 replies
Say something",Service update says all lines are stable with no major delay this morning at Putra Heights People shared regular commute and station photos No emergency notice was posted There are 17 comments in total author reply Show 3 replies Say something,0,normal_update,synthetic_mock
lrtkelanajaya线 - 小红书搜索 - Google Chrome,1522,mock_post_1522.png,lrtkelanajaya线 - 小红书搜索 - Google Chrome,2026-02-23T09:22:00,"City transit watcher
focus on
Rapid KL announced temporary service disruption between KLCC and Gombak with shuttle support at KLCC.
Passengers shared delay slip and crowding evidence during rush hour
Rapid KL staff guided queue and temporary shuttle arrangement
Malaysia transport update 2026-04-14
There are 3 comments in total
author
reply
Show 2 replies
Say something",Rapid KL announced temporary service disruption between KLCC and Gombak with shuttle support at KLCC Passengers shared delay slip and crowding evidence during rush hour Rapid KL staff guided queue and temporary shuttle arrangement Malaysia transport update 2026 04 14 There are 3 comments in total author reply Show 2 replies Say something,1,incident_service_disruption,synthetic_mock
lrt klcc - 小红书搜索 - Google Chrome,1523,mock_post_1523.png,lrt klcc - 小红书搜索 - Google Chrome,2026-02-23T09:23:00,"Leisurely kitten
focus on
Normal operation resumed and train intervals are back to schedule at Ampang Park.
People shared regular commute and station photos
No emergency notice was posted
Malaysia transport update 2026-11-13
There are 14 comments in total
author
reply
Show 2 replies
Say something",Normal operation resumed and train intervals are back to schedule at Ampang Park People shared regular commute and station photos No emergency notice was posted Malaysia transport update 2026 11 13 There are 14 comments in total author reply Show 2 replies Say something,0,normal_operation,synthetic_mock
lrtkelanajaya故障 - 小红书搜索 - Google Chrome,1524,mock_post_1524.png,lrtkelanajaya故障 - 小红书搜索 - Google Chrome,2026-02-23T09:24:00,"Little Red Potato 66A1
focus on
Commuters reported long queue and train delay after track maintenance at Universiti station at Gombak.
Passengers shared delay slip and crowding evidence during rush hour
Rapid KL staff guided queue and temporary shuttle arrangement
Malaysia transport update 2026-07-22
There are 11 comments in total
author
reply
Show 3 replies
Say something",Commuters reported long queue and train delay after track maintenance at Universiti station at Gombak Passengers shared delay slip and crowding evidence during rush hour Rapid KL staff guided queue and temporary shuttle arrangement Malaysia transport update 2026 07 22 There are 11 comments in total author reply Show 3 replies Say something,1,incident_delay,synthetic_mock
mrt - 小红书搜索 - Google Chrome,1525,mock_post_1525.png,mrt - 小红书搜索 - Google Chrome,2026-02-23T09:25:00,"Leisurely kitten
focus on
General city transport post not related to outage or malfunction at Universiti.
People shared regular commute and station photos
No emergency notice was posted
Malaysia transport update 2026-04-10
There are 10 comments in total
author
reply
Show 1 replies
Say something",General city transport post not related to outage or malfunction at Universiti People shared regular commute and station photos No emergency notice was posted Malaysia transport update 2026 04 10 There are 10 comments in total author reply Show 1 replies Say something,0,normal_general,synthetic_mock
mrt fault - 小红书搜索 - Google Chrome,1526,mock_post_1526.png,mrt fault - 小红书搜索 - Google Chrome,2026-02-23T09:26:00,"Little Red Potato 66A1
focus on
Passengers were asked to get off at Pasar Seni due to train fault and wait for replacement at Ampang Park.
Passengers shared delay slip and crowding evidence during rush hour
Rapid KL staff guided queue and temporary shuttle arrangement
Malaysia transport update 2025-02-05
There are 17 comments in total
author
reply
Show 2 replies
Say something",Passengers were asked to get off at Pasar Seni due to train fault and wait for replacement at Ampang Park Passengers shared delay slip and crowding evidence during rush hour Rapid KL staff guided queue and temporary shuttle arrangement Malaysia transport update 2025 02 05 There are 17 comments in total author reply Show 2 replies Say something,1,incident_train_fault,synthetic_mock
地铁 马来西亚 - 小红书搜索 - Google Chrome,1527,mock_post_1527.png,地铁 马来西亚 - 小红书搜索 - Google Chrome,2026-02-23T09:27:00,"Rapid commuter diary
focus on
Routine travel post about route tips and fare sharing at Putra Heights.
People shared regular commute and station photos
No emergency notice was posted
Malaysia transport update 2025-07-14
There are 15 comments in total
author
reply
Show 1 replies
Say something",Routine travel post about route tips and fare sharing at Putra Heights People shared regular commute and station photos No emergency notice was posted Malaysia transport update 2025 07 14 There are 15 comments in total author reply Show 1 replies Say something,0,normal_travel_tip,synthetic_mock
🇲🇾LRT KelanajayaLine通告，列车降速 - 小红书 - Google Chrome,1528,mock_post_1528.png,🇲🇾LRT KelanajayaLine通告，列车降速 - 小红书 - Google Chrome,2026-02-23T09:28:00,"Xiaoxuan Talk Malaysia Official
focus on
LRT Kelana Jaya line had a signaling issue during peak hour and trains moved slowly at Wangsa Maju.
Passengers shared delay slip and crowding evidence during rush hour
Rapid KL staff guided queue and temporary shuttle arrangement
There are 10 comments in total
author
reply
Show 1 replies
Say something",LRT Kelana Jaya line had a signaling issue during peak hour and trains moved slowly at Wangsa Maju Passengers shared delay slip and crowding evidence during rush hour Rapid KL staff guided queue and temporary shuttle arrangement There are 10 comments in total author reply Show 1 replies Say something,1,incident_breakdown,synthetic_mock
mrt kajang - 小红书搜索 - Google Chrome,1529,mock_post_1529.png,mrt kajang - 小红书搜索 - Google Chrome,2026-02-23T09:29:00,"Ootashi store
focus on
Routine travel post about route tips and fare sharing at Putra Heights.
People shared regular commute and station photos
No emergency notice was posted
There are 10 comments in total
author
reply
Show 1 replies
Say something",Routine travel post about route tips and fare sharing at Putra Heights People shared regular commute and station photos No emergency notice was posted There are 10 comments in total author reply Show 1 replies Say something,0,normal_travel_tip,synthetic_mock
lrt is bad again - Xiaohongshu search - Google Chrome,1530,mock_post_1530.png,lrt is bad again - Xiaohongshu search - Google Chrome,2026-02-23T09:30:00,"City transit watcher
focus on
Rapid KL announced temporary service disruption between KLCC and Gombak with shuttle support at Wangsa Maju.
Passengers shared delay slip and crowding evidence during rush hour
Rapid KL staff guided queue and temporary shuttle arrangement
Malaysia transport update 2026-08-27
There are 2 comments in total
author
reply
Show 1 replies
Say something",Rapid KL announced temporary service disruption between KLCC and Gombak with shuttle support at Wangsa Maju Passengers shared delay slip and crowding evidence during rush hour Rapid KL staff guided queue and temporary shuttle arrangement Malaysia transport update 2026 08 27 There are 2 comments in total author reply Show 1 replies Say something,1,incident_service_disruption,synthetic_mock
mrtkajang问题 - 小红书搜索 - Google Chrome,1531,mock_post_1531.png,mrtkajang问题 - 小红书搜索 - Google Chrome,2026-02-23T09:31:00,"Leisurely kitten
focus on
Commuting to work was smooth and station crowd level was manageable today at KLCC.
People shared regular commute and station photos
No emergency notice was posted
There are 10 comments in total
author
reply
Show 3 replies
Say something",Commuting to work was smooth and station crowd level was manageable today at KLCC People shared regular commute and station photos No emergency notice was posted There are 10 comments in total author reply Show 3 replies Say something,0,normal_commute,synthetic_mock
lrt is bad again - Xiaohongshu search - Google Chrome,1532,mock_post_1532.png,lrt is bad again - Xiaohongshu search - Google Chrome,2026-02-23T09:32:00,"KL daily commuter
focus on
Kelana Jaya line maintenance phase affected frequency and caused crowding at stations at Putra Heights.
Passengers shared delay slip and crowding evidence during rush hour
Rapid KL staff guided queue and temporary shuttle arrangement
Malaysia transport update 2026-10-22
There are 17 comments in total
author
reply
Show 3 replies
Say something",Kelana Jaya line maintenance phase affected frequency and caused crowding at stations at Putra Heights Passengers shared delay slip and crowding evidence during rush hour Rapid KL staff guided queue and temporary shuttle arrangement Malaysia transport update 2026 10 22 There are 17 comments in total author reply Show 3 replies Say something,1,incident_maintenance_impact,synthetic_mock
🇲🇾LRT停运 注意了‼️ - 小红书 - Google Chrome,1533,mock_post_1533.png,🇲🇾LRT停运 注意了‼️ - 小红书 - Google Chrome,2026-02-23T09:33:00,"Little Red Potato 66A1
focus on
General city transport post not related to outage or malfunction at Universiti.
People shared regular commute and station photos
No emergency notice was posted
Malaysia transport update 2026-08-05
There are 8 comments in total
author
reply
Show 3 replies
Say something",General city transport post not related to outage or malfunction at Universiti People shared regular commute and station photos No emergency notice was posted Malaysia transport update 2026 08 05 There are 8 comments in total author reply Show 3 replies Say something,0,normal_general,synthetic_mock
lrt klcc - 小红书搜索 - Google Chrome,1534,mock_post_1534.png,lrt klcc - 小红书搜索 - Google Chrome,2026-02-23T09:34:00,"City transit watcher
focus on
Rapid KL announced temporary service disruption between KLCC and Gombak with shuttle support at Gombak.
Passengers shared delay slip and crowding evidence during rush hour
Rapid KL staff guided queue and temporary shuttle arrangement
Malaysia transport update 2024-08-20
There are 7 comments in total
author
reply
Show 1 replies
Say something",Rapid KL announced temporary service disruption between KLCC and Gombak with shuttle support at Gombak Passengers shared delay slip and crowding evidence during rush hour Rapid KL staff guided queue and temporary shuttle arrangement Malaysia transport update 2024 08 20 There are 7 comments in total author reply Show 1 replies Say something,1,incident_service_disruption,synthetic_mock
lrtkelanajaya线 - 小红书搜索 - Google Chrome,1535,mock_post_1535.png,lrtkelanajaya线 - 小红书搜索 - Google Chrome,2026-02-23T09:35:00,"Little Red Potato 66A1
focus on
Normal operation resumed and train intervals are back to schedule at Pasar Seni.
People shared regular commute and station photos
No emergency notice was posted
There are 17 comments in total
author
reply
Show 1 replies
Say something",Normal operation resumed and train intervals are back to schedule at Pasar Seni People shared regular commute and station photos No emergency notice was posted There are 17 comments in total author reply Show 1 replies Say something,0,normal_operation,synthetic_mock
mrt - 小红书搜索 - Google Chrome,1536,mock_post_1536.png,mrt - 小红书搜索 - Google Chrome,2026-02-23T09:36:00,"Rapid commuter diary
focus on
Rapid KL announced temporary service disruption between KLCC and Gombak with shuttle support at KLCC.
Passengers shared delay slip and crowding evidence during rush hour
Rapid KL staff guided queue and temporary shuttle arrangement
Malaysia transport update 2026-08-13
There are 2 comments in total
author
reply
Show 1 replies
Say something",Rapid KL announced temporary service disruption between KLCC and Gombak with shuttle support at KLCC Passengers shared delay slip and crowding evidence during rush hour Rapid KL staff guided queue and temporary shuttle arrangement Malaysia transport update 2026 08 13 There are 2 comments in total author reply Show 1 replies Say something,1,incident_service_disruption,synthetic_mock
🇲🇾LRT KelanajayaLine通告，列车降速 - 小红书 - Google Chrome,1537,mock_post_1537.png,🇲🇾LRT KelanajayaLine通告，列车降速 - 小红书 - Google Chrome,2026-02-23T09:37:00,"Ootashi store
focus on
No disruption observed and transfer between lines completed without waiting at Ampang Park.
People shared regular commute and station photos
No emergency notice was posted
There are 18 comments in total
author
reply
Show 2 replies
Say something",No disruption observed and transfer between lines completed without waiting at Ampang Park People shared regular commute and station photos No emergency notice was posted There are 18 comments in total author reply Show 2 replies Say something,0,normal_no_incident,synthetic_mock
lrtkelanajaya故障 - 小红书搜索 - Google Chrome,1538,mock_post_1538.png,lrtkelanajaya故障 - 小红书搜索 - Google Chrome,2026-02-23T09:38:00,"KL daily commuter
focus on
Kelana Jaya line maintenance phase affected frequency and caused crowding at stations at Ampang Park.
Passengers shared delay slip and crowding evidence during rush hour
Rapid KL staff guided queue and temporary shuttle arrangement
There are 4 comments in total
author
reply
Show 2 replies
Say something",Kelana Jaya line maintenance phase affected frequency and caused crowding at stations at Ampang Park Passengers shared delay slip and crowding evidence during rush hour Rapid KL staff guided queue and temporary shuttle arrangement There are 4 comments in total author reply Show 2 replies Say something,1,incident_maintenance_impact,synthetic_mock
地铁 马来西亚 - 小红书搜索 - Google Chrome,1539,mock_post_1539.png,地铁 马来西亚 - 小红书搜索 - Google Chrome,2026-02-23T09:39:00,"Ootashi store
focus on
General city transport post not related to outage or malfunction at Kelana Jaya.
People shared regular commute and station photos
No emergency notice was posted
Malaysia transport update 2026-11-08
There are 6 comments in total
author
reply
Show 3 replies
Say something",General city transport post not related to outage or malfunction at Kelana Jaya People shared regular commute and station photos No emergency notice was posted Malaysia transport update 2026 11 08 There are 6 comments in total author reply Show 3 replies Say something,0,normal_general,synthetic_mock
🇲🇾LRT停运 注意了‼️ - 小红书 - Google Chrome,1540,mock_post_1540.png,🇲🇾LRT停运 注意了‼️ - 小红书 - Google Chrome,2026-02-23T09:40:00,"Rapid commuter diary
focus on
Rapid KL announced temporary service disruption between KLCC and Gombak with shuttle support at Ampang Park.
Passengers shared delay slip and crowding evidence during rush hour
Rapid KL staff guided queue and temporary shuttle arrangement
Malaysia transport update 2026-02-19
There are 16 comments in total
author
reply
Show 2 replies
Say something",Rapid KL announced temporary service disruption between KLCC and Gombak with shuttle support at Ampang Park Passengers shared delay slip and crowding evidence during rush hour Rapid KL staff guided queue and temporary shuttle arrangement Malaysia transport update 2026 02 19 There are 16 comments in total author reply Show 2 replies Say something,1,incident_service_disruption,synthetic_mock
mrt kajang - 小红书搜索 - Google Chrome,1541,mock_post_1541.png,mrt kajang - 小红书搜索 - Google Chrome,2026-02-23T09:41:00,"Rapid commuter diary
focus on
Commuting to work was smooth and station crowd level was manageable today at Wangsa Maju.
People shared regular commute and station photos
No emergency notice was posted
There are 4 comments in total
author
reply
Show 2 replies
Say something",Commuting to work was smooth and station crowd level was manageable today at Wangsa Maju People shared regular commute and station photos No emergency notice was posted There are 4 comments in total author reply Show 2 replies Say something,0,normal_commute,synthetic_mock
mrt - 小红书搜索 - Google Chrome,1542,mock_post_1542.png,mrt - 小红书搜索 - Google Chrome,2026-02-23T09:42:00,"Xiaoxuan Talk Malaysia Official
focus on
Power trip caused brief outage and service resumed after technicians completed repair at Pasar Seni.
Passengers shared delay slip and crowding evidence during rush hour
Rapid KL staff guided queue and temporary shuttle arrangement
Malaysia transport update 2024-10-13
There are 1 comments in total
author
reply
Show 3 replies
Say something",Power trip caused brief outage and service resumed after technicians completed repair at Pasar Seni Passengers shared delay slip and crowding evidence during rush hour Rapid KL staff guided queue and temporary shuttle arrangement Malaysia transport update 2024 10 13 There are 1 comments in total author reply Show 3 replies Say something,1,incident_power_outage,synthetic_mock
lrt is bad again - Xiaohongshu search - Google Chrome,1543,mock_post_1543.png,lrt is bad again - Xiaohongshu search - Google Chrome,2026-02-23T09:43:00,"Rapid commuter diary
focus on
Normal operation resumed and train intervals are back to schedule at KL Sentral.
People shared regular commute and station photos
No emergency notice was posted
Malaysia transport update 2025-03-15
There are 15 comments in total
author
reply
Show 2 replies
Say something",Normal operation resumed and train intervals are back to schedule at KL Sentral People shared regular commute and station photos No emergency notice was posted Malaysia transport update 2025 03 15 There are 15 comments in total author reply Show 2 replies Say something,0,normal_operation,synthetic_mock
mrt fault - 小红书搜索 - Google Chrome,1544,mock_post_1544.png,mrt fault - 小红书搜索 - Google Chrome,2026-02-23T09:44:00,"Little Red Potato 66A1
focus on
Rapid KL announced temporary service disruption between KLCC and Gombak with shuttle support at Putra Heights.
Passengers shared delay slip and crowding evidence during rush hour
Rapid KL staff guided queue and temporary shuttle arrangement
There are 17 comments in total
author
reply
Show 1 replies
Say something",Rapid KL announced temporary service disruption between KLCC and Gombak with shuttle support at Putra Heights Passengers shared delay slip and crowding evidence during rush hour Rapid KL staff guided queue and temporary shuttle arrangement There are 17 comments in total author reply Show 1 replies Say something,1,incident_service_disruption,synthetic_mock
🇲🇾LRT KelanajayaLine通告，列车降速 - 小红书 - Google Chrome,1545,mock_post_1545.png,🇲🇾LRT KelanajayaLine通告，列车降速 - 小红书 - Google Chrome,2026-02-23T09:45:00,"Rapid commuter diary
focus on
General city transport post not related to outage or malfunction at Masjid Jamek.
People shared regular commute and station photos
No emergency notice was posted
Malaysia transport update 2024-11-05
There are 12 comments in total
author
reply
Show 3 replies
Say something",General city transport post not related to outage or malfunction at Masjid Jamek People shared regular commute and station photos No emergency notice was posted Malaysia transport update 2024 11 05 There are 12 comments in total author reply Show 3 replies Say something,0,normal_general,synthetic_mock
🇲🇾LRT停运 注意了‼️ - 小红书 - Google Chrome,1546,mock_post_1546.png,🇲🇾LRT停运 注意了‼️ - 小红书 - Google Chrome,2026-02-23T09:46:00,"City transit watcher
focus on
Commuters reported long queue and train delay after track maintenance at Universiti station at Ampang Park.
Passengers shared delay slip and crowding evidence during rush hour
Rapid KL staff guided queue and temporary shuttle arrangement
There are 5 comments in total
author
reply
Show 2 replies
Say something",Commuters reported long queue and train delay after track maintenance at Universiti station at Ampang Park Passengers shared delay slip and crowding evidence during rush hour Rapid KL staff guided queue and temporary shuttle arrangement There are 5 comments in total author reply Show 2 replies Say something,1,incident_delay,synthetic_mock
mrtkajang问题 - 小红书搜索 - Google Chrome,1547,mock_post_1547.png,mrtkajang问题 - 小红书搜索 - Google Chrome,2026-02-23T09:47:00,"Xiaoxuan Talk Malaysia Official
focus on
Commuting to work was smooth and station crowd level was manageable today at Wangsa Maju.
People shared regular commute and station photos
No emergency notice was posted
There are 16 comments in total
author
reply
Show 2 replies
Say something",Commuting to work was smooth and station crowd level was manageable today at Wangsa Maju People shared regular commute and station photos No emergency notice was posted There are 16 comments in total author reply Show 2 replies Say something,0,normal_commute,synthetic_mock
地铁 马来西亚 - 小红书搜索 - Google Chrome,1548,mock_post_1548.png,地铁 马来西亚 - 小红书搜索 - Google Chrome,2026-02-23T09:48:00,"Little Red Potato 66A1
focus on
Passengers were asked to get off at Pasar Seni due to train fault and wait for replacement at Pasar Seni.
Passengers shared delay slip and crowding evidence during rush hour
Rapid KL staff guided queue and temporary shuttle arrangement
There are 17 comments in total
author
reply
Show 3 replies
Say something",Passengers were asked to get off at Pasar Seni due to train fault and wait for replacement at Pasar Seni Passengers shared delay slip and crowding evidence during rush hour Rapid KL staff guided queue and temporary shuttle arrangement There are 17 comments in total author reply Show 3 replies Say something,1,incident_train_fault,synthetic_mock
lrt is bad again - Xiaohongshu search - Google Chrome,1549,mock_post_1549.png,lrt is bad again - Xiaohongshu search - Google Chrome,2026-02-23T09:49:00,"City transit watcher
focus on
Commuting to work was smooth and station crowd level was manageable today at Pasar Seni.
People shared regular commute and station photos
No emergency notice was posted
Malaysia transport update 2026-06-19
There are 13 comments in total
author
reply
Show 1 replies
Say something",Commuting to work was smooth and station crowd level was manageable today at Pasar Seni People shared regular commute and station photos No emergency notice was posted Malaysia transport update 2026 06 19 There are 13 comments in total author reply Show 1 replies Say something,0,normal_commute,synthetic_mock
lrtkelanajaya线 - 小红书搜索 - Google Chrome,1550,mock_post_1550.png,lrtkelanajaya线 - 小红书搜索 - Google Chrome,2026-02-23T09:50:00,"Ootashi store
focus on
LRT Kelana Jaya line had a signaling issue during peak hour and trains moved slowly at Pasar Seni.
Passengers shared delay slip and crowding evidence during rush hour
Rapid KL staff guided queue and temporary shuttle arrangement
Malaysia transport update 2024-08-22
There are 16 comments in total
author
reply
Show 2 replies
Say something",LRT Kelana Jaya line had a signaling issue during peak hour and trains moved slowly at Pasar Seni Passengers shared delay slip and crowding evidence during rush hour Rapid KL staff guided queue and temporary shuttle arrangement Malaysia transport update 2024 08 22 There are 16 comments in total author reply Show 2 replies Say something,1,incident_breakdown,synthetic_mock
mrt kajang - 小红书搜索 - Google Chrome,1551,mock_post_1551.png,mrt kajang - 小红书搜索 - Google Chrome,2026-02-23T09:51:00,"Xiaoxuan Talk Malaysia Official
focus on
General city transport post not related to outage or malfunction at Universiti.
People shared regular commute and station photos
No emergency notice was posted
There are 6 comments in total
author
reply
Show 3 replies
Say something",General city transport post not related to outage or malfunction at Universiti People shared regular commute and station photos No emergency notice was posted There are 6 comments in total author reply Show 3 replies Say something,0,normal_general,synthetic_mock
lrt klcc - 小红书搜索 - Google Chrome,1552,mock_post_1552.png,lrt klcc - 小红书搜索 - Google Chrome,2026-02-23T09:52:00,"Xiaoxuan Talk Malaysia Official
focus on
Power trip caused brief outage and service resumed after technicians completed repair at KLCC.
Passengers shared delay slip and crowding evidence during rush hour
Rapid KL staff guided queue and temporary shuttle arrangement
There are 4 comments in total
author
reply
Show 1 replies
Say something",Power trip caused brief outage and service resumed after technicians completed repair at KLCC Passengers shared delay slip and crowding evidence during rush hour Rapid KL staff guided queue and temporary shuttle arrangement There are 4 comments in total author reply Show 1 replies Say something,1,incident_power_outage,synthetic_mock
mrt fault - 小红书搜索 - Google Chrome,1553,mock_post_1553.png,mrt fault - 小红书搜索 - Google Chrome,2026-02-23T09:53:00,"Little Red Potato 66A1
focus on
No disruption observed and transfer between lines completed without waiting at Putra Heights.
People shared regular commute and station photos
No emergency notice was posted
There are 1 comments in total
author
reply
Show 1 replies
Say something",No disruption observed and transfer between lines completed without waiting at Putra Heights People shared regular commute and station photos No emergency notice was posted There are 1 comments in total author reply Show 1 replies Say something,0,normal_no_incident,synthetic_mock
mrt - 小红书搜索 - Google Chrome,1554,mock_post_1554.png,mrt - 小红书搜索 - Google Chrome,2026-02-23T09:54:00,"Rapid commuter diary
focus on
LRT Kelana Jaya line had a signaling issue during peak hour and trains moved slowly at Ampang Park.
Passengers shared delay slip and crowding evidence during rush hour
Rapid KL staff guided queue and temporary shuttle arrangement
Malaysia transport update 2026-10-18
There are 7 comments in total
author
reply
Show 1 replies
Say something",LRT Kelana Jaya line had a signaling issue during peak hour and trains moved slowly at Ampang Park Passengers shared delay slip and crowding evidence during rush hour Rapid KL staff guided queue and temporary shuttle arrangement Malaysia transport update 2026 10 18 There are 7 comments in total author reply Show 1 replies Say something,1,incident_breakdown,synthetic_mock
lrtkelanajaya线 - 小红书搜索 - Google Chrome,1555,mock_post_1555.png,lrtkelanajaya线 - 小红书搜索 - Google Chrome,2026-02-23T09:55:00,"City transit watcher
focus on
No disruption observed and transfer between lines completed without waiting at Ampang Park.
People shared regular commute and station photos
No emergency notice was posted
Malaysia transport update 2024-12-06
There are 14 comments in total
author
reply
Show 3 replies
Say something",No disruption observed and transfer between lines completed without waiting at Ampang Park People shared regular commute and station photos No emergency notice was posted Malaysia transport update 2024 12 06 There are 14 comments in total author reply Show 3 replies Say something,0,normal_no_incident,synthetic_mock
lrt is bad again - Xiaohongshu search - Google Chrome,1556,mock_post_1556.png,lrt is bad again - Xiaohongshu search - Google Chrome,2026-02-23T09:56:00,"Xiaoxuan Talk Malaysia Official
focus on
LRT Kelana Jaya line had a signaling issue during peak hour and trains moved slowly at KL Sentral.
Passengers shared delay slip and crowding evidence during rush hour
Rapid KL staff guided queue and temporary shuttle arrangement
There are 4 comments in total
author
reply
Show 1 replies
Say something",LRT Kelana Jaya line had a signaling issue during peak hour and trains moved slowly at KL Sentral Passengers shared delay slip and crowding evidence during rush hour Rapid KL staff guided queue and temporary shuttle arrangement There are 4 comments in total author reply Show 1 replies Say something,1,incident_breakdown,synthetic_mock
mrt fault - 小红书搜索 - Google Chrome,1557,mock_post_1557.png,mrt fault - 小红书搜索 - Google Chrome,2026-02-23T09:57:00,"Leisurely kitten
focus on
Service update says all lines are stable with no major delay this morning at Kelana Jaya.
People shared regular commute and station photos
No emergency notice was posted
There are 18 comments in total
author
reply
Show 1 replies
Say something",Service update says all lines are stable with no major delay this morning at Kelana Jaya People shared regular commute and station photos No emergency notice was posted There are 18 comments in total author reply Show 1 replies Say something,0,normal_update,synthetic_mock
mrt fault - 小红书搜索 - Google Chrome,1558,mock_post_1558.png,mrt fault - 小红书搜索 - Google Chrome,2026-02-23T09:58:00,"Rapid commuter diary
focus on
Rapid KL announced temporary service disruption between KLCC and Gombak with shuttle support at Masjid Jamek.
Passengers shared delay slip and crowding evidence during rush hour
Rapid KL staff guided queue and temporary shuttle arrangement
Malaysia transport update 2024-10-27
There are 16 comments in total
author
reply
Show 3 replies
Say something",Rapid KL announced temporary service disruption between KLCC and Gombak with shuttle support at Masjid Jamek Passengers shared delay slip and crowding evidence during rush hour Rapid KL staff guided queue and temporary shuttle arrangement Malaysia transport update 2024 10 27 There are 16 comments in total author reply Show 3 replies Say something,1,incident_service_disruption,synthetic_mock
mrt kajang - 小红书搜索 - Google Chrome,1559,mock_post_1559.png,mrt kajang - 小红书搜索 - Google Chrome,2026-02-23T09:59:00,"Little Red Potato 66A1
focus on
Commuting to work was smooth and station crowd level was manageable today at KL Sentral.
People shared regular commute and station photos
No emergency notice was posted
There are 3 comments in total
author
reply
Show 2 replies
Say something",Commuting to work was smooth and station crowd level was manageable today at KL Sentral People shared regular commute and station photos No emergency notice was posted There are 3 comments in total author reply Show 2 replies Say something,0,normal_commute,synthetic_mock
lrt klcc - 小红书搜索 - Google Chrome,1560,mock_post_1560.png,lrt klcc - 小红书搜索 - Google Chrome,2026-02-23T10:00:00,"KL daily commuter
focus on
Kelana Jaya line maintenance phase affected frequency and caused crowding at stations at Wangsa Maju.
Passengers shared delay slip and crowding evidence during rush hour
Rapid KL staff guided queue and temporary shuttle arrangement
Malaysia transport update 2024-03-26
There are 17 comments in total
author
reply
Show 2 replies
Say something",Kelana Jaya line maintenance phase affected frequency and caused crowding at stations at Wangsa Maju Passengers shared delay slip and crowding evidence during rush hour Rapid KL staff guided queue and temporary shuttle arrangement Malaysia transport update 2024 03 26 There are 17 comments in total author reply Show 2 replies Say something,1,incident_maintenance_impact,synthetic_mock
mrt - 小红书搜索 - Google Chrome,1561,mock_post_1561.png,mrt - 小红书搜索 - Google Chrome,2026-02-23T10:01:00,"Ootashi store
focus on
Normal operation resumed and train intervals are back to schedule at Ampang Park.
People shared regular commute and station photos
No emergency notice was posted
Malaysia transport update 2026-06-01
There are 8 comments in total
author
reply
Show 2 replies
Say something",Normal operation resumed and train intervals are back to schedule at Ampang Park People shared regular commute and station photos No emergency notice was posted Malaysia transport update 2026 06 01 There are 8 comments in total author reply Show 2 replies Say something,0,normal_operation,synthetic_mock
lrt klcc - 小红书搜索 - Google Chrome,1562,mock_post_1562.png,lrt klcc - 小红书搜索 - Google Chrome,2026-02-23T10:02:00,"Xiaoxuan Talk Malaysia Official
focus on
Power trip caused brief outage and service resumed after technicians completed repair at Putra Heights.
Passengers shared delay slip and crowding evidence during rush hour
Rapid KL staff guided queue and temporary shuttle arrangement
There are 6 comments in total
author
reply
Show 2 replies
Say something",Power trip caused brief outage and service resumed after technicians completed repair at Putra Heights Passengers shared delay slip and crowding evidence during rush hour Rapid KL staff guided queue and temporary shuttle arrangement There are 6 comments in total author reply Show 2 replies Say something,1,incident_power_outage,synthetic_mock
mrt kajang - 小红书搜索 - Google Chrome,1563,mock_post_1563.png,mrt kajang - 小红书搜索 - Google Chrome,2026-02-23T10:03:00,"Ootashi store
focus on
Routine travel post about route tips and fare sharing at KL Sentral.
People shared regular commute and station photos
No emergency notice was posted
There are 17 comments in total
author
reply
Show 2 replies
Say something",Routine travel post about route tips and fare sharing at KL Sentral People shared regular commute and station photos No emergency notice was posted There are 17 comments in total author reply Show 2 replies Say something,0,normal_travel_tip,synthetic_mock
mrtkajang问题 - 小红书搜索 - Google Chrome,1564,mock_post_1564.png,mrtkajang问题 - 小红书搜索 - Google Chrome,2026-02-23T10:04:00,"Little Red Potato 66A1
focus on
Passengers were asked to get off at Pasar Seni due to train fault and wait for replacement at Kelana Jaya.
Passengers shared delay slip and crowding evidence during rush hour
Rapid KL staff guided queue and temporary shuttle arrangement
There are 4 comments in total
author
reply
Show 3 replies
Say something",Passengers were asked to get off at Pasar Seni due to train fault and wait for replacement at Kelana Jaya Passengers shared delay slip and crowding evidence during rush hour Rapid KL staff guided queue and temporary shuttle arrangement There are 4 comments in total author reply Show 3 replies Say something,1,incident_train_fault,synthetic_mock
lrtkelanajaya线 - 小红书搜索 - Google Chrome,1565,mock_post_1565.png,lrtkelanajaya线 - 小红书搜索 - Google Chrome,2026-02-23T10:05:00,"Xiaoxuan Talk Malaysia Official
focus on
Commuting to work was smooth and station crowd level was manageable today at Kelana Jaya.
People shared regular commute and station photos
No emergency notice was posted
Malaysia transport update 2025-04-11
There are 2 comments in total
author
reply
Show 1 replies
Say something",Commuting to work was smooth and station crowd level was manageable today at Kelana Jaya People shared regular commute and station photos No emergency notice was posted Malaysia transport update 2025 04 11 There are 2 comments in total author reply Show 1 replies Say something,0,normal_commute,synthetic_mock
mrtkajang问题 - 小红书搜索 - Google Chrome,1566,mock_post_1566.png,mrtkajang问题 - 小红书搜索 - Google Chrome,2026-02-23T10:06:00,"KL daily commuter
focus on
Passengers were asked to get off at Pasar Seni due to train fault and wait for replacement at Putra Heights.
Passengers shared delay slip and crowding evidence during rush hour
Rapid KL staff guided queue and temporary shuttle arrangement
There are 2 comments in total
author
reply
Show 1 replies
Say something",Passengers were asked to get off at Pasar Seni due to train fault and wait for replacement at Putra Heights Passengers shared delay slip and crowding evidence during rush hour Rapid KL staff guided queue and temporary shuttle arrangement There are 2 comments in total author reply Show 1 replies Say something,1,incident_train_fault,synthetic_mock
lrt klcc - 小红书搜索 - Google Chrome,1567,mock_post_1567.png,lrt klcc - 小红书搜索 - Google Chrome,2026-02-23T10:07:00,"Little Red Potato 66A1
focus on
Normal operation resumed and train intervals are back to schedule at KL Sentral.
People shared regular commute and station photos
No emergency notice was posted
There are 2 comments in total
author
reply
Show 2 replies
Say something",Normal operation resumed and train intervals are back to schedule at KL Sentral People shared regular commute and station photos No emergency notice was posted There are 2 comments in total author reply Show 2 replies Say something,0,normal_operation,synthetic_mock
mrtkajang问题 - 小红书搜索 - Google Chrome,1568,mock_post_1568.png,mrtkajang问题 - 小红书搜索 - Google Chrome,2026-02-23T10:08:00,"City transit watcher
focus on
Power trip caused brief outage and service resumed after technicians completed repair at KL Sentral.
Passengers shared delay slip and crowding evidence during rush hour
Rapid KL staff guided queue and temporary shuttle arrangement
There are 3 comments in total
author
reply
Show 3 replies
Say something",Power trip caused brief outage and service resumed after technicians completed repair at KL Sentral Passengers shared delay slip and crowding evidence during rush hour Rapid KL staff guided queue and temporary shuttle arrangement There are 3 comments in total author reply Show 3 replies Say something,1,incident_power_outage,synthetic_mock
mrt fault - 小红书搜索 - Google Chrome,1569,mock_post_1569.png,mrt fault - 小红书搜索 - Google Chrome,2026-02-23T10:09:00,"City transit watcher
focus on
Service update says all lines are stable with no major delay this morning at Gombak.
People shared regular commute and station photos
No emergency notice was posted
Malaysia transport update 2024-08-17
There are 8 comments in total
author
reply
Show 3 replies
Say something",Service update says all lines are stable with no major delay this morning at Gombak People shared regular commute and station photos No emergency notice was posted Malaysia transport update 2024 08 17 There are 8 comments in total author reply Show 3 replies Say something,0,normal_update,synthetic_mock
lrt is bad again - Xiaohongshu search - Google Chrome,1570,mock_post_1570.png,lrt is bad again - Xiaohongshu search - Google Chrome,2026-02-23T10:10:00,"Leisurely kitten
focus on
Power trip caused brief outage and service resumed after technicians completed repair at Ampang Park.
Passengers shared delay slip and crowding evidence during rush hour
Rapid KL staff guided queue and temporary shuttle arrangement
There are 8 comments in total
author
reply
Show 1 replies
Say something",Power trip caused brief outage and service resumed after technicians completed repair at Ampang Park Passengers shared delay slip and crowding evidence during rush hour Rapid KL staff guided queue and temporary shuttle arrangement There are 8 comments in total author reply Show 1 replies Say something,1,incident_power_outage,synthetic_mock
🇲🇾LRT停运 注意了‼️ - 小红书 - Google Chrome,1571,mock_post_1571.png,🇲🇾LRT停运 注意了‼️ - 小红书 - Google Chrome,2026-02-23T10:11:00,"Little Red Potato 66A1
focus on
Normal operation resumed and train intervals are back to schedule at Universiti.
People shared regular commute and station photos
No emergency notice was posted
There are 13 comments in total
author
reply
Show 3 replies
Say something",Normal operation resumed and train intervals are back to schedule at Universiti People shared regular commute and station photos No emergency notice was posted There are 13 comments in total author reply Show 3 replies Say something,0,normal_operation,synthetic_mock
mrt kajang - 小红书搜索 - Google Chrome,1572,mock_post_1572.png,mrt kajang - 小红书搜索 - Google Chrome,2026-02-23T10:12:00,"Little Red Potato 66A1
focus on
Kelana Jaya line maintenance phase affected frequency and caused crowding at stations at Kelana Jaya.
Passengers shared delay slip and crowding evidence during rush hour
Rapid KL staff guided queue and temporary shuttle arrangement
Malaysia transport update 2025-07-23
There are 5 comments in total
author
reply
Show 2 replies
Say something",Kelana Jaya line maintenance phase affected frequency and caused crowding at stations at Kelana Jaya Passengers shared delay slip and crowding evidence during rush hour Rapid KL staff guided queue and temporary shuttle arrangement Malaysia transport update 2025 07 23 There are 5 comments in total author reply Show 2 replies Say something,1,incident_maintenance_impact,synthetic_mock
mrt kajang - 小红书搜索 - Google Chrome,1573,mock_post_1573.png,mrt kajang - 小红书搜索 - Google Chrome,2026-02-23T10:13:00,"Xiaoxuan Talk Malaysia Official
focus on
Routine travel post about route tips and fare sharing at Pasar Seni.
People shared regular commute and station photos
No emergency notice was posted
Malaysia transport update 2026-06-12
There are 7 comments in total
author
reply
Show 2 replies
Say something",Routine travel post about route tips and fare sharing at Pasar Seni People shared regular commute and station photos No emergency notice was posted Malaysia transport update 2026 06 12 There are 7 comments in total author reply Show 2 replies Say something,0,normal_travel_tip,synthetic_mock
lrt is bad again - Xiaohongshu search - Google Chrome,1574,mock_post_1574.png,lrt is bad again - Xiaohongshu search - Google Chrome,2026-02-23T10:14:00,"Ootashi store
focus on
LRT Kelana Jaya line had a signaling issue during peak hour and trains moved slowly at Universiti.
Passengers shared delay slip and crowding evidence during rush hour
Rapid KL staff guided queue and temporary shuttle arrangement
Malaysia transport update 2024-04-14
There are 18 comments in total
author
reply
Show 3 replies
Say something",LRT Kelana Jaya line had a signaling issue during peak hour and trains moved slowly at Universiti Passengers shared delay slip and crowding evidence during rush hour Rapid KL staff guided queue and temporary shuttle arrangement Malaysia transport update 2024 04 14 There are 18 comments in total author reply Show 3 replies Say something,1,incident_breakdown,synthetic_mock
lrt is bad again - Xiaohongshu search - Google Chrome,1575,mock_post_1575.png,lrt is bad again - Xiaohongshu search - Google Chrome,2026-02-23T10:15:00,"KL daily commuter
focus on
Normal operation resumed and train intervals are back to schedule at Universiti.
People shared regular commute and station photos
No emergency notice was posted
Malaysia transport update 2024-03-15
There are 6 comments in total
author
reply
Show 2 replies
Say something",Normal operation resumed and train intervals are back to schedule at Universiti People shared regular commute and station photos No emergency notice was posted Malaysia transport update 2024 03 15 There are 6 comments in total author reply Show 2 replies Say something,0,normal_operation,synthetic_mock
lrtkelanajaya故障 - 小红书搜索 - Google Chrome,1576,mock_post_1576.png,lrtkelanajaya故障 - 小红书搜索 - Google Chrome,2026-02-23T10:16:00,"Little Red Potato 66A1
focus on
Commuters reported long queue and train delay after track maintenance at Universiti station at Putra Heights.
Passengers shared delay slip and crowding evidence during rush hour
Rapid KL staff guided queue and temporary shuttle arrangement
There are 8 comments in total
author
reply
Show 2 replies
Say something",Commuters reported long queue and train delay after track maintenance at Universiti station at Putra Heights Passengers shared delay slip and crowding evidence during rush hour Rapid KL staff guided queue and temporary shuttle arrangement There are 8 comments in total author reply Show 2 replies Say something,1,incident_delay,synthetic_mock
mrt - 小红书搜索 - Google Chrome,1577,mock_post_1577.png,mrt - 小红书搜索 - Google Chrome,2026-02-23T10:17:00,"Rapid commuter diary
focus on
Routine travel post about route tips and fare sharing at Wangsa Maju.
People shared regular commute and station photos
No emergency notice was posted
There are 3 comments in total
author
reply
Show 1 replies
Say something",Routine travel post about route tips and fare sharing at Wangsa Maju People shared regular commute and station photos No emergency notice was posted There are 3 comments in total author reply Show 1 replies Say something,0,normal_travel_tip,synthetic_mock
mrtkajang问题 - 小红书搜索 - Google Chrome,1578,mock_post_1578.png,mrtkajang问题 - 小红书搜索 - Google Chrome,2026-02-23T10:18:00,"Rapid commuter diary
focus on
Passengers were asked to get off at Pasar Seni due to train fault and wait for replacement at Universiti.
Passengers shared delay slip and crowding evidence during rush hour
Rapid KL staff guided queue and temporary shuttle arrangement
There are 12 comments in total
author
reply
Show 1 replies
Say something",Passengers were asked to get off at Pasar Seni due to train fault and wait for replacement at Universiti Passengers shared delay slip and crowding evidence during rush hour Rapid KL staff guided queue and temporary shuttle arrangement There are 12 comments in total author reply Show 1 replies Say something,1,incident_train_fault,synthetic_mock
lrtkelanajaya线 - 小红书搜索 - Google Chrome,1579,mock_post_1579.png,lrtkelanajaya线 - 小红书搜索 - Google Chrome,2026-02-23T10:19:00,"Leisurely kitten
focus on
General city transport post not related to outage or malfunction at Gombak.
People shared regular commute and station photos
No emergency notice was posted
There are 10 comments in total
author
reply
Show 3 replies
Say something",General city transport post not related to outage or malfunction at Gombak People shared regular commute and station photos No emergency notice was posted There are 10 comments in total author reply Show 3 replies Say something,0,normal_general,synthetic_mock
lrt is bad again - Xiaohongshu search - Google Chrome,1580,mock_post_1580.png,lrt is bad again - Xiaohongshu search - Google Chrome,2026-02-23T10:20:00,"Leisurely kitten
focus on
Passengers were asked to get off at Pasar Seni due to train fault and wait for replacement at Gombak.
Passengers shared delay slip and crowding evidence during rush hour
Rapid KL staff guided queue and temporary shuttle arrangement
There are 17 comments in total
author
reply
Show 1 replies
Say something",Passengers were asked to get off at Pasar Seni due to train fault and wait for replacement at Gombak Passengers shared delay slip and crowding evidence during rush hour Rapid KL staff guided queue and temporary shuttle arrangement There are 17 comments in total author reply Show 1 replies Say something,1,incident_train_fault,synthetic_mock
lrt klcc - 小红书搜索 - Google Chrome,1581,mock_post_1581.png,lrt klcc - 小红书搜索 - Google Chrome,2026-02-23T10:21:00,"City transit watcher
focus on
Commuting to work was smooth and station crowd level was manageable today at Wangsa Maju.
People shared regular commute and station photos
No emergency notice was posted
There are 16 comments in total
author
reply
Show 2 replies
Say something",Commuting to work was smooth and station crowd level was manageable today at Wangsa Maju People shared regular commute and station photos No emergency notice was posted There are 16 comments in total author reply Show 2 replies Say something,0,normal_commute,synthetic_mock
地铁 马来西亚 - 小红书搜索 - Google Chrome,1582,mock_post_1582.png,地铁 马来西亚 - 小红书搜索 - Google Chrome,2026-02-23T10:22:00,"KL daily commuter
focus on
Rapid KL announced temporary service disruption between KLCC and Gombak with shuttle support at Pasar Seni.
Passengers shared delay slip and crowding evidence during rush hour
Rapid KL staff guided queue and temporary shuttle arrangement
There are 8 comments in total
author
reply
Show 2 replies
Say something",Rapid KL announced temporary service disruption between KLCC and Gombak with shuttle support at Pasar Seni Passengers shared delay slip and crowding evidence during rush hour Rapid KL staff guided queue and temporary shuttle arrangement There are 8 comments in total author reply Show 2 replies Say something,1,incident_service_disruption,synthetic_mock
lrtkelanajaya线 - 小红书搜索 - Google Chrome,1583,mock_post_1583.png,lrtkelanajaya线 - 小红书搜索 - Google Chrome,2026-02-23T10:23:00,"Leisurely kitten
focus on
Service update says all lines are stable with no major delay this morning at KLCC.
People shared regular commute and station photos
No emergency notice was posted
There are 5 comments in total
author
reply
Show 1 replies
Say something",Service update says all lines are stable with no major delay this morning at KLCC People shared regular commute and station photos No emergency notice was posted There are 5 comments in total author reply Show 1 replies Say something,0,normal_update,synthetic_mock
mrtkajang问题 - 小红书搜索 - Google Chrome,1584,mock_post_1584.png,mrtkajang问题 - 小红书搜索 - Google Chrome,2026-02-23T10:24:00,"City transit watcher
focus on
Kelana Jaya line maintenance phase affected frequency and caused crowding at stations at Ampang Park.
Passengers shared delay slip and crowding evidence during rush hour
Rapid KL staff guided queue and temporary shuttle arrangement
There are 4 comments in total
author
reply
Show 1 replies
Say something",Kelana Jaya line maintenance phase affected frequency and caused crowding at stations at Ampang Park Passengers shared delay slip and crowding evidence during rush hour Rapid KL staff guided queue and temporary shuttle arrangement There are 4 comments in total author reply Show 1 replies Say something,1,incident_maintenance_impact,synthetic_mock
lrt is bad again - Xiaohongshu search - Google Chrome,1585,mock_post_1585.png,lrt is bad again - Xiaohongshu search - Google Chrome,2026-02-23T10:25:00,"Leisurely kitten
focus on
Normal operation resumed and train intervals are back to schedule at Gombak.
People shared regular commute and station photos
No emergency notice was posted
There are 10 comments in total
author
reply
Show 1 replies
Say something",Normal operation resumed and train intervals are back to schedule at Gombak People shared regular commute and station photos No emergency notice was posted There are 10 comments in total author reply Show 1 replies Say something,0,normal_operation,synthetic_mock
lrtkelanajaya线 - 小红书搜索 - Google Chrome,1586,mock_post_1586.png,lrtkelanajaya线 - 小红书搜索 - Google Chrome,2026-02-23T10:26:00,"Rapid commuter diary
focus on
Commuters reported long queue and train delay after track maintenance at Universiti station at KL Sentral.
Passengers shared delay slip and crowding evidence during rush hour
Rapid KL staff guided queue and temporary shuttle arrangement
Malaysia transport update 2025-07-15
There are 2 comments in total
author
reply
Show 1 replies
Say something",Commuters reported long queue and train delay after track maintenance at Universiti station at KL Sentral Passengers shared delay slip and crowding evidence during rush hour Rapid KL staff guided queue and temporary shuttle arrangement Malaysia transport update 2025 07 15 There are 2 comments in total author reply Show 1 replies Say something,1,incident_delay,synthetic_mock
mrt fault - 小红书搜索 - Google Chrome,1587,mock_post_1587.png,mrt fault - 小红书搜索 - Google Chrome,2026-02-23T10:27:00,"City transit watcher
focus on
No disruption observed and transfer between lines completed without waiting at Pasar Seni.
People shared regular commute and station photos
No emergency notice was posted
Malaysia transport update 2024-11-10
There are 2 comments in total
author
reply
Show 3 replies
Say something",No disruption observed and transfer between lines completed without waiting at Pasar Seni People shared regular commute and station photos No emergency notice was posted Malaysia transport update 2024 11 10 There are 2 comments in total author reply Show 3 replies Say something,0,normal_no_incident,synthetic_mock
lrtkelanajaya线 - 小红书搜索 - Google Chrome,1588,mock_post_1588.png,lrtkelanajaya线 - 小红书搜索 - Google Chrome,2026-02-23T10:28:00,"KL daily commuter
focus on
LRT Kelana Jaya line had a signaling issue during peak hour and trains moved slowly at KL Sentral.
Passengers shared delay slip and crowding evidence during rush hour
Rapid KL staff guided queue and temporary shuttle arrangement
There are 9 comments in total
author
reply
Show 3 replies
Say something",LRT Kelana Jaya line had a signaling issue during peak hour and trains moved slowly at KL Sentral Passengers shared delay slip and crowding evidence during rush hour Rapid KL staff guided queue and temporary shuttle arrangement There are 9 comments in total author reply Show 3 replies Say something,1,incident_breakdown,synthetic_mock
lrt is bad again - Xiaohongshu search - Google Chrome,1589,mock_post_1589.png,lrt is bad again - Xiaohongshu search - Google Chrome,2026-02-23T10:29:00,"City transit watcher
focus on
Normal operation resumed and train intervals are back to schedule at Putra Heights.
People shared regular commute and station photos
No emergency notice was posted
There are 14 comments in total
author
reply
Show 2 replies
Say something",Normal operation resumed and train intervals are back to schedule at Putra Heights People shared regular commute and station photos No emergency notice was posted There are 14 comments in total author reply Show 2 replies Say something,0,normal_operation,synthetic_mock
mrtkajang问题 - 小红书搜索 - Google Chrome,1590,mock_post_1590.png,mrtkajang问题 - 小红书搜索 - Google Chrome,2026-02-23T10:30:00,"Rapid commuter diary
focus on
LRT Kelana Jaya line had a signaling issue during peak hour and trains moved slowly at Masjid Jamek.
Passengers shared delay slip and crowding evidence during rush hour
Rapid KL staff guided queue and temporary shuttle arrangement
There are 10 comments in total
author
reply
Show 3 replies
Say something",LRT Kelana Jaya line had a signaling issue during peak hour and trains moved slowly at Masjid Jamek Passengers shared delay slip and crowding evidence during rush hour Rapid KL staff guided queue and temporary shuttle arrangement There are 10 comments in total author reply Show 3 replies Say something,1,incident_breakdown,synthetic_mock
lrtkelanajaya故障 - 小红书搜索 - Google Chrome,1591,mock_post_1591.png,lrtkelanajaya故障 - 小红书搜索 - Google Chrome,2026-02-23T10:31:00,"City transit watcher
focus on
No disruption observed and transfer between lines completed without waiting at KL Sentral.
People shared regular commute and station photos
No emergency notice was posted
There are 17 comments in total
author
reply
Show 2 replies
Say something",No disruption observed and transfer between lines completed without waiting at KL Sentral People shared regular commute and station photos No emergency notice was posted There are 17 comments in total author reply Show 2 replies Say something,0,normal_no_incident,synthetic_mock
lrt is bad again - Xiaohongshu search - Google Chrome,1592,mock_post_1592.png,lrt is bad again - Xiaohongshu search - Google Chrome,2026-02-23T10:32:00,"City transit watcher
focus on
Power trip caused brief outage and service resumed after technicians completed repair at Ampang Park.
Passengers shared delay slip and crowding evidence during rush hour
Rapid KL staff guided queue and temporary shuttle arrangement
There are 8 comments in total
author
reply
Show 1 replies
Say something",Power trip caused brief outage and service resumed after technicians completed repair at Ampang Park Passengers shared delay slip and crowding evidence during rush hour Rapid KL staff guided queue and temporary shuttle arrangement There are 8 comments in total author reply Show 1 replies Say something,1,incident_power_outage,synthetic_mock
mrt fault - 小红书搜索 - Google Chrome,1593,mock_post_1593.png,mrt fault - 小红书搜索 - Google Chrome,2026-02-23T10:33:00,"Xiaoxuan Talk Malaysia Official
focus on
Commuting to work was smooth and station crowd level was manageable today at Gombak.
People shared regular commute and station photos
No emergency notice was posted
There are 18 comments in total
author
reply
Show 2 replies
Say something",Commuting to work was smooth and station crowd level was manageable today at Gombak People shared regular commute and station photos No emergency notice was posted There are 18 comments in total author reply Show 2 replies Say something,0,normal_commute,synthetic_mock
🇲🇾LRT停运 注意了‼️ - 小红书 - Google Chrome,1594,mock_post_1594.png,🇲🇾LRT停运 注意了‼️ - 小红书 - Google Chrome,2026-02-23T10:34:00,"Xiaoxuan Talk Malaysia Official
focus on
Passengers were asked to get off at Pasar Seni due to train fault and wait for replacement at Wangsa Maju.
Passengers shared delay slip and crowding evidence during rush hour
Rapid KL staff guided queue and temporary shuttle arrangement
There are 12 comments in total
author
reply
Show 2 replies
Say something",Passengers were asked to get off at Pasar Seni due to train fault and wait for replacement at Wangsa Maju Passengers shared delay slip and crowding evidence during rush hour Rapid KL staff guided queue and temporary shuttle arrangement There are 12 comments in total author reply Show 2 replies Say something,1,incident_train_fault,synthetic_mock
mrtkajang问题 - 小红书搜索 - Google Chrome,1595,mock_post_1595.png,mrtkajang问题 - 小红书搜索 - Google Chrome,2026-02-23T10:35:00,"Xiaoxuan Talk Malaysia Official
focus on
Commuting to work was smooth and station crowd level was manageable today at KL Sentral.
People shared regular commute and station photos
No emergency notice was posted
Malaysia transport update 2026-11-11
There are 9 comments in total
author
reply
Show 1 replies
Say something",Commuting to work was smooth and station crowd level was manageable today at KL Sentral People shared regular commute and station photos No emergency notice was posted Malaysia transport update 2026 11 11 There are 9 comments in total author reply Show 1 replies Say something,0,normal_commute,synthetic_mock
mrt kajang - 小红书搜索 - Google Chrome,1596,mock_post_1596.png,mrt kajang - 小红书搜索 - Google Chrome,2026-02-23T10:36:00,"Rapid commuter diary
focus on
Power trip caused brief outage and service resumed after technicians completed repair at Kelana Jaya.
Passengers shared delay slip and crowding evidence during rush hour
Rapid KL staff guided queue and temporary shuttle arrangement
Malaysia transport update 2024-06-16
There are 18 comments in total
author
reply
Show 1 replies
Say something",Power trip caused brief outage and service resumed after technicians completed repair at Kelana Jaya Passengers shared delay slip and crowding evidence during rush hour Rapid KL staff guided queue and temporary shuttle arrangement Malaysia transport update 2024 06 16 There are 18 comments in total author reply Show 1 replies Say something,1,incident_power_outage,synthetic_mock
lrtkelanajaya故障 - 小红书搜索 - Google Chrome,1597,mock_post_1597.png,lrtkelanajaya故障 - 小红书搜索 - Google Chrome,2026-02-23T10:37:00,"Xiaoxuan Talk Malaysia Official
focus on
Normal operation resumed and train intervals are back to schedule at KL Sentral.
People shared regular commute and station photos
No emergency notice was posted
Malaysia transport update 2026-09-11
There are 3 comments in total
author
reply
Show 2 replies
Say something",Normal operation resumed and train intervals are back to schedule at KL Sentral People shared regular commute and station photos No emergency notice was posted Malaysia transport update 2026 09 11 There are 3 comments in total author reply Show 2 replies Say something,0,normal_operation,synthetic_mock
🇲🇾LRT停运 注意了‼️ - 小红书 - Google Chrome,1598,mock_post_1598.png,🇲🇾LRT停运 注意了‼️ - 小红书 - Google Chrome,2026-02-23T10:38:00,"Leisurely kitten
focus on
Commuters reported long queue and train delay after track maintenance at Universiti station at Gombak.
Passengers shared delay slip and crowding evidence during rush hour
Rapid KL staff guided queue and temporary shuttle arrangement
There are 5 comments in total
author
reply
Show 1 replies
Say something",Commuters reported long queue and train delay after track maintenance at Universiti station at Gombak Passengers shared delay slip and crowding evidence during rush hour Rapid KL staff guided queue and temporary shuttle arrangement There are 5 comments in total author reply Show 1 replies Say something,1,incident_delay,synthetic_mock
lrt klcc - 小红书搜索 - Google Chrome,1599,mock_post_1599.png,lrt klcc - 小红书搜索 - Google Chrome,2026-02-23T10:39:00,"KL daily commuter
focus on
Service update says all lines are stable with no major delay this morning at Pasar Seni.
People shared regular commute and station photos
No emergency notice was posted
There are 2 comments in total
author
reply
Show 1 replies
Say something",Service update says all lines are stable with no major delay this morning at Pasar Seni People shared regular commute and station photos No emergency notice was posted There are 2 comments in total author reply Show 1 replies Say something,0,normal_update,synthetic_mock
mrt fault - 小红书搜索 - Google Chrome,1600,mock_post_1600.png,mrt fault - 小红书搜索 - Google Chrome,2026-02-23T10:40:00,"Ootashi store
focus on
Kelana Jaya line maintenance phase affected frequency and caused crowding at stations at Kelana Jaya.
Passengers shared delay slip and crowding evidence during rush hour
Rapid KL staff guided queue and temporary shuttle arrangement
There are 15 comments in total
author
reply
Show 3 replies
Say something",Kelana Jaya line maintenance phase affected frequency and caused crowding at stations at Kelana Jaya Passengers shared delay slip and crowding evidence during rush hour Rapid KL staff guided queue and temporary shuttle arrangement There are 15 comments in total author reply Show 3 replies Say something,1,incident_maintenance_impact,synthetic_mock
mrt fault - 小红书搜索 - Google Chrome,1601,mock_post_1601.png,mrt fault - 小红书搜索 - Google Chrome,2026-02-23T10:41:00,"City transit watcher
focus on
Normal operation resumed and train intervals are back to schedule at Masjid Jamek.
People shared regular commute and station photos
No emergency notice was posted
Malaysia transport update 2026-05-09
There are 1 comments in total
author
reply
Show 3 replies
Say something",Normal operation resumed and train intervals are back to schedule at Masjid Jamek People shared regular commute and station photos No emergency notice was posted Malaysia transport update 2026 05 09 There are 1 comments in total author reply Show 3 replies Say something,0,normal_operation,synthetic_mock
地铁 马来西亚 - 小红书搜索 - Google Chrome,1602,mock_post_1602.png,地铁 马来西亚 - 小红书搜索 - Google Chrome,2026-02-23T10:42:00,"Little Red Potato 66A1
focus on
Passengers were asked to get off at Pasar Seni due to train fault and wait for replacement at Kelana Jaya.
Passengers shared delay slip and crowding evidence during rush hour
Rapid KL staff guided queue and temporary shuttle arrangement
Malaysia transport update 2024-02-17
There are 15 comments in total
author
reply
Show 1 replies
Say something",Passengers were asked to get off at Pasar Seni due to train fault and wait for replacement at Kelana Jaya Passengers shared delay slip and crowding evidence during rush hour Rapid KL staff guided queue and temporary shuttle arrangement Malaysia transport update 2024 02 17 There are 15 comments in total author reply Show 1 replies Say something,1,incident_train_fault,synthetic_mock
mrt kajang - 小红书搜索 - Google Chrome,1603,mock_post_1603.png,mrt kajang - 小红书搜索 - Google Chrome,2026-02-23T10:43:00,"Ootashi store
focus on
Normal operation resumed and train intervals are back to schedule at Universiti.
People shared regular commute and station photos
No emergency notice was posted
Malaysia transport update 2025-11-14
There are 3 comments in total
author
reply
Show 3 replies
Say something",Normal operation resumed and train intervals are back to schedule at Universiti People shared regular commute and station photos No emergency notice was posted Malaysia transport update 2025 11 14 There are 3 comments in total author reply Show 3 replies Say something,0,normal_operation,synthetic_mock
mrt - 小红书搜索 - Google Chrome,1604,mock_post_1604.png,mrt - 小红书搜索 - Google Chrome,2026-02-23T10:44:00,"Xiaoxuan Talk Malaysia Official
focus on
Commuters reported long queue and train delay after track maintenance at Universiti station at Pasar Seni.
Passengers shared delay slip and crowding evidence during rush hour
Rapid KL staff guided queue and temporary shuttle arrangement
Malaysia transport update 2025-06-14
There are 12 comments in total
author
reply
Show 2 replies
Say something",Commuters reported long queue and train delay after track maintenance at Universiti station at Pasar Seni Passengers shared delay slip and crowding evidence during rush hour Rapid KL staff guided queue and temporary shuttle arrangement Malaysia transport update 2025 06 14 There are 12 comments in total author reply Show 2 replies Say something,1,incident_delay,synthetic_mock
🇲🇾LRT KelanajayaLine通告，列车降速 - 小红书 - Google Chrome,1605,mock_post_1605.png,🇲🇾LRT KelanajayaLine通告，列车降速 - 小红书 - Google Chrome,2026-02-23T10:45:00,"Ootashi store
focus on
Routine travel post about route tips and fare sharing at Kelana Jaya.
People shared regular commute and station photos
No emergency notice was posted
Malaysia transport update 2025-03-19
There are 1 comments in total
author
reply
Show 1 replies
Say something",Routine travel post about route tips and fare sharing at Kelana Jaya People shared regular commute and station photos No emergency notice was posted Malaysia transport update 2025 03 19 There are 1 comments in total author reply Show 1 replies Say something,0,normal_travel_tip,synthetic_mock
mrt fault - 小红书搜索 - Google Chrome,1606,mock_post_1606.png,mrt fault - 小红书搜索 - Google Chrome,2026-02-23T10:46:00,"Little Red Potato 66A1
focus on
Rapid KL announced temporary service disruption between KLCC and Gombak with shuttle support at Putra Heights.
Passengers shared delay slip and crowding evidence during rush hour
Rapid KL staff guided queue and temporary shuttle arrangement
There are 17 comments in total
author
reply
Show 3 replies
Say something",Rapid KL announced temporary service disruption between KLCC and Gombak with shuttle support at Putra Heights Passengers shared delay slip and crowding evidence during rush hour Rapid KL staff guided queue and temporary shuttle arrangement There are 17 comments in total author reply Show 3 replies Say something,1,incident_service_disruption,synthetic_mock
🇲🇾LRT停运 注意了‼️ - 小红书 - Google Chrome,1607,mock_post_1607.png,🇲🇾LRT停运 注意了‼️ - 小红书 - Google Chrome,2026-02-23T10:47:00,"KL daily commuter
focus on
Service update says all lines are stable with no major delay this morning at Wangsa Maju.
People shared regular commute and station photos
No emergency notice was posted
There are 5 comments in total
author
reply
Show 2 replies
Say something",Service update says all lines are stable with no major delay this morning at Wangsa Maju People shared regular commute and station photos No emergency notice was posted There are 5 comments in total author reply Show 2 replies Say something,0,normal_update,synthetic_mock
mrt kajang - 小红书搜索 - Google Chrome,1608,mock_post_1608.png,mrt kajang - 小红书搜索 - Google Chrome,2026-02-23T10:48:00,"Ootashi store
focus on
LRT Kelana Jaya line had a signaling issue during peak hour and trains moved slowly at KLCC.
Passengers shared delay slip and crowding evidence during rush hour
Rapid KL staff guided queue and temporary shuttle arrangement
There are 18 comments in total
author
reply
Show 3 replies
Say something",LRT Kelana Jaya line had a signaling issue during peak hour and trains moved slowly at KLCC Passengers shared delay slip and crowding evidence during rush hour Rapid KL staff guided queue and temporary shuttle arrangement There are 18 comments in total author reply Show 3 replies Say something,1,incident_breakdown,synthetic_mock
mrtkajang问题 - 小红书搜索 - Google Chrome,1609,mock_post_1609.png,mrtkajang问题 - 小红书搜索 - Google Chrome,2026-02-23T10:49:00,"KL daily commuter
focus on
Routine travel post about route tips and fare sharing at KLCC.
People shared regular commute and station photos
No emergency notice was posted
There are 2 comments in total
author
reply
Show 3 replies
Say something",Routine travel post about route tips and fare sharing at KLCC People shared regular commute and station photos No emergency notice was posted There are 2 comments in total author reply Show 3 replies Say something,0,normal_travel_tip,synthetic_mock
mrt fault - 小红书搜索 - Google Chrome,1610,mock_post_1610.png,mrt fault - 小红书搜索 - Google Chrome,2026-02-23T10:50:00,"Little Red Potato 66A1
focus on
Kelana Jaya line maintenance phase affected frequency and caused crowding at stations at Masjid Jamek.
Passengers shared delay slip and crowding evidence during rush hour
Rapid KL staff guided queue and temporary shuttle arrangement
Malaysia transport update 2025-04-27
There are 10 comments in total
author
reply
Show 1 replies
Say something",Kelana Jaya line maintenance phase affected frequency and caused crowding at stations at Masjid Jamek Passengers shared delay slip and crowding evidence during rush hour Rapid KL staff guided queue and temporary shuttle arrangement Malaysia transport update 2025 04 27 There are 10 comments in total author reply Show 1 replies Say something,1,incident_maintenance_impact,synthetic_mock
mrt kajang - 小红书搜索 - Google Chrome,1611,mock_post_1611.png,mrt kajang - 小红书搜索 - Google Chrome,2026-02-23T10:51:00,"Ootashi store
focus on
Service update says all lines are stable with no major delay this morning at Putra Heights.
People shared regular commute and station photos
No emergency notice was posted
Malaysia transport update 2026-02-23
There are 8 comments in total
author
reply
Show 2 replies
Say something",Service update says all lines are stable with no major delay this morning at Putra Heights People shared regular commute and station photos No emergency notice was posted Malaysia transport update 2026 02 23 There are 8 comments in total author reply Show 2 replies Say something,0,normal_update,synthetic_mock
🇲🇾LRT停运 注意了‼️ - 小红书 - Google Chrome,1612,mock_post_1612.png,🇲🇾LRT停运 注意了‼️ - 小红书 - Google Chrome,2026-02-23T10:52:00,"Leisurely kitten
focus on
Commuters reported long queue and train delay after track maintenance at Universiti station at KLCC.
Passengers shared delay slip and crowding evidence during rush hour
Rapid KL staff guided queue and temporary shuttle arrangement
There are 3 comments in total
author
reply
Show 2 replies
Say something",Commuters reported long queue and train delay after track maintenance at Universiti station at KLCC Passengers shared delay slip and crowding evidence during rush hour Rapid KL staff guided queue and temporary shuttle arrangement There are 3 comments in total author reply Show 2 replies Say something,1,incident_delay,synthetic_mock
lrtkelanajaya线 - 小红书搜索 - Google Chrome,1613,mock_post_1613.png,lrtkelanajaya线 - 小红书搜索 - Google Chrome,2026-02-23T10:53:00,"Ootashi store
focus on
No disruption observed and transfer between lines completed without waiting at KL Sentral.
People shared regular commute and station photos
No emergency notice was posted
Malaysia transport update 2025-04-19
There are 5 comments in total
author
reply
Show 3 replies
Say something",No disruption observed and transfer between lines completed without waiting at KL Sentral People shared regular commute and station photos No emergency notice was posted Malaysia transport update 2025 04 19 There are 5 comments in total author reply Show 3 replies Say something,0,normal_no_incident,synthetic_mock
lrt klcc - 小红书搜索 - Google Chrome,1614,mock_post_1614.png,lrt klcc - 小红书搜索 - Google Chrome,2026-02-23T10:54:00,"City transit watcher
focus on
Power trip caused brief outage and service resumed after technicians completed repair at KL Sentral.
Passengers shared delay slip and crowding evidence during rush hour
Rapid KL staff guided queue and temporary shuttle arrangement
Malaysia transport update 2025-05-11
There are 11 comments in total
author
reply
Show 1 replies
Say something",Power trip caused brief outage and service resumed after technicians completed repair at KL Sentral Passengers shared delay slip and crowding evidence during rush hour Rapid KL staff guided queue and temporary shuttle arrangement Malaysia transport update 2025 05 11 There are 11 comments in total author reply Show 1 replies Say something,1,incident_power_outage,synthetic_mock
lrtkelanajaya线 - 小红书搜索 - Google Chrome,1615,mock_post_1615.png,lrtkelanajaya线 - 小红书搜索 - Google Chrome,2026-02-23T10:55:00,"Little Red Potato 66A1
focus on
No disruption observed and transfer between lines completed without waiting at Wangsa Maju.
People shared regular commute and station photos
No emergency notice was posted
There are 16 comments in total
author
reply
Show 3 replies
Say something",No disruption observed and transfer between lines completed without waiting at Wangsa Maju People shared regular commute and station photos No emergency notice was posted There are 16 comments in total author reply Show 3 replies Say something,0,normal_no_incident,synthetic_mock
mrtkajang问题 - 小红书搜索 - Google Chrome,1616,mock_post_1616.png,mrtkajang问题 - 小红书搜索 - Google Chrome,2026-02-23T10:56:00,"Xiaoxuan Talk Malaysia Official
focus on
Rapid KL announced temporary service disruption between KLCC and Gombak with shuttle support at Ampang Park.
Passengers shared delay slip and crowding evidence during rush hour
Rapid KL staff guided queue and temporary shuttle arrangement
Malaysia transport update 2025-05-25
There are 18 comments in total
author
reply
Show 3 replies
Say something",Rapid KL announced temporary service disruption between KLCC and Gombak with shuttle support at Ampang Park Passengers shared delay slip and crowding evidence during rush hour Rapid KL staff guided queue and temporary shuttle arrangement Malaysia transport update 2025 05 25 There are 18 comments in total author reply Show 3 replies Say something,1,incident_service_disruption,synthetic_mock
lrtkelanajaya故障 - 小红书搜索 - Google Chrome,1617,mock_post_1617.png,lrtkelanajaya故障 - 小红书搜索 - Google Chrome,2026-02-23T10:57:00,"Ootashi store
focus on
General city transport post not related to outage or malfunction at KLCC.
People shared regular commute and station photos
No emergency notice was posted
There are 14 comments in total
author
reply
Show 1 replies
Say something",General city transport post not related to outage or malfunction at KLCC People shared regular commute and station photos No emergency notice was posted There are 14 comments in total author reply Show 1 replies Say something,0,normal_general,synthetic_mock
mrt fault - 小红书搜索 - Google Chrome,1618,mock_post_1618.png,mrt fault - 小红书搜索 - Google Chrome,2026-02-23T10:58:00,"Little Red Potato 66A1
focus on
LRT Kelana Jaya line had a signaling issue during peak hour and trains moved slowly at Pasar Seni.
Passengers shared delay slip and crowding evidence during rush hour
Rapid KL staff guided queue and temporary shuttle arrangement
There are 13 comments in total
author
reply
Show 2 replies
Say something",LRT Kelana Jaya line had a signaling issue during peak hour and trains moved slowly at Pasar Seni Passengers shared delay slip and crowding evidence during rush hour Rapid KL staff guided queue and temporary shuttle arrangement There are 13 comments in total author reply Show 2 replies Say something,1,incident_breakdown,synthetic_mock
mrt fault - 小红书搜索 - Google Chrome,1619,mock_post_1619.png,mrt fault - 小红书搜索 - Google Chrome,2026-02-23T10:59:00,"City transit watcher
focus on
Service update says all lines are stable with no major delay this morning at Wangsa Maju.
People shared regular commute and station photos
No emergency notice was posted
There are 10 comments in total
author
reply
Show 1 replies
Say something",Service update says all lines are stable with no major delay this morning at Wangsa Maju People shared regular commute and station photos No emergency notice was posted There are 10 comments in total author reply Show 1 replies Say something,0,normal_update,synthetic_mock
mrt fault - 小红书搜索 - Google Chrome,1620,mock_post_1620.png,mrt fault - 小红书搜索 - Google Chrome,2026-02-23T11:00:00,"Little Red Potato 66A1
focus on
Commuters reported long queue and train delay after track maintenance at Universiti station at KL Sentral.
Passengers shared delay slip and crowding evidence during rush hour
Rapid KL staff guided queue and temporary shuttle arrangement
There are 2 comments in total
author
reply
Show 1 replies
Say something",Commuters reported long queue and train delay after track maintenance at Universiti station at KL Sentral Passengers shared delay slip and crowding evidence during rush hour Rapid KL staff guided queue and temporary shuttle arrangement There are 2 comments in total author reply Show 1 replies Say something,1,incident_delay,synthetic_mock
lrtkelanajaya故障 - 小红书搜索 - Google Chrome,1621,mock_post_1621.png,lrtkelanajaya故障 - 小红书搜索 - Google Chrome,2026-02-23T11:01:00,"City transit watcher
focus on
No disruption observed and transfer between lines completed without waiting at Wangsa Maju.
People shared regular commute and station photos
No emergency notice was posted
Malaysia transport update 2025-05-25
There are 16 comments in total
author
reply
Show 3 replies
Say something",No disruption observed and transfer between lines completed without waiting at Wangsa Maju People shared regular commute and station photos No emergency notice was posted Malaysia transport update 2025 05 25 There are 16 comments in total author reply Show 3 replies Say something,0,normal_no_incident,synthetic_mock
lrtkelanajaya故障 - 小红书搜索 - Google Chrome,1622,mock_post_1622.png,lrtkelanajaya故障 - 小红书搜索 - Google Chrome,2026-02-23T11:02:00,"City transit watcher
focus on
Kelana Jaya line maintenance phase affected frequency and caused crowding at stations at Pasar Seni.
Passengers shared delay slip and crowding evidence during rush hour
Rapid KL staff guided queue and temporary shuttle arrangement
There are 17 comments in total
author
reply
Show 1 replies
Say something",Kelana Jaya line maintenance phase affected frequency and caused crowding at stations at Pasar Seni Passengers shared delay slip and crowding evidence during rush hour Rapid KL staff guided queue and temporary shuttle arrangement There are 17 comments in total author reply Show 1 replies Say something,1,incident_maintenance_impact,synthetic_mock
lrtkelanajaya故障 - 小红书搜索 - Google Chrome,1623,mock_post_1623.png,lrtkelanajaya故障 - 小红书搜索 - Google Chrome,2026-02-23T11:03:00,"Little Red Potato 66A1
focus on
Normal operation resumed and train intervals are back to schedule at KL Sentral.
People shared regular commute and station photos
No emergency notice was posted
Malaysia transport update 2026-08-13
There are 11 comments in total
author
reply
Show 2 replies
Say something",Normal operation resumed and train intervals are back to schedule at KL Sentral People shared regular commute and station photos No emergency notice was posted Malaysia transport update 2026 08 13 There are 11 comments in total author reply Show 2 replies Say something,0,normal_operation,synthetic_mock
mrt - 小红书搜索 - Google Chrome,1624,mock_post_1624.png,mrt - 小红书搜索 - Google Chrome,2026-02-23T11:04:00,"Leisurely kitten
focus on
Passengers were asked to get off at Pasar Seni due to train fault and wait for replacement at KL Sentral.
Passengers shared delay slip and crowding evidence during rush hour
Rapid KL staff guided queue and temporary shuttle arrangement
There are 4 comments in total
author
reply
Show 1 replies
Say something",Passengers were asked to get off at Pasar Seni due to train fault and wait for replacement at KL Sentral Passengers shared delay slip and crowding evidence during rush hour Rapid KL staff guided queue and temporary shuttle arrangement There are 4 comments in total author reply Show 1 replies Say something,1,incident_train_fault,synthetic_mock
地铁 马来西亚 - 小红书搜索 - Google Chrome,1625,mock_post_1625.png,地铁 马来西亚 - 小红书搜索 - Google Chrome,2026-02-23T11:05:00,"Xiaoxuan Talk Malaysia Official
focus on
No disruption observed and transfer between lines completed without waiting at Putra Heights.
People shared regular commute and station photos
No emergency notice was posted
There are 17 comments in total
author
reply
Show 3 replies
Say something",No disruption observed and transfer between lines completed without waiting at Putra Heights People shared regular commute and station photos No emergency notice was posted There are 17 comments in total author reply Show 3 replies Say something,0,normal_no_incident,synthetic_mock
地铁 马来西亚 - 小红书搜索 - Google Chrome,1626,mock_post_1626.png,地铁 马来西亚 - 小红书搜索 - Google Chrome,2026-02-23T11:06:00,"Leisurely kitten
focus on
Power trip caused brief outage and service resumed after technicians completed repair at Gombak.
Passengers shared delay slip and crowding evidence during rush hour
Rapid KL staff guided queue and temporary shuttle arrangement
Malaysia transport update 2024-03-02
There are 7 comments in total
author
reply
Show 2 replies
Say something",Power trip caused brief outage and service resumed after technicians completed repair at Gombak Passengers shared delay slip and crowding evidence during rush hour Rapid KL staff guided queue and temporary shuttle arrangement Malaysia transport update 2024 03 02 There are 7 comments in total author reply Show 2 replies Say something,1,incident_power_outage,synthetic_mock
mrt - 小红书搜索 - Google Chrome,1627,mock_post_1627.png,mrt - 小红书搜索 - Google Chrome,2026-02-23T11:07:00,"Little Red Potato 66A1
focus on
Commuting to work was smooth and station crowd level was manageable today at KL Sentral.
People shared regular commute and station photos
No emergency notice was posted
Malaysia transport update 2025-05-06
There are 4 comments in total
author
reply
Show 2 replies
Say something",Commuting to work was smooth and station crowd level was manageable today at KL Sentral People shared regular commute and station photos No emergency notice was posted Malaysia transport update 2025 05 06 There are 4 comments in total author reply Show 2 replies Say something,0,normal_commute,synthetic_mock
🇲🇾LRT KelanajayaLine通告，列车降速 - 小红书 - Google Chrome,1628,mock_post_1628.png,🇲🇾LRT KelanajayaLine通告，列车降速 - 小红书 - Google Chrome,2026-02-23T11:08:00,"Ootashi store
focus on
Power trip caused brief outage and service resumed after technicians completed repair at Ampang Park.
Passengers shared delay slip and crowding evidence during rush hour
Rapid KL staff guided queue and temporary shuttle arrangement
There are 10 comments in total
author
reply
Show 2 replies
Say something",Power trip caused brief outage and service resumed after technicians completed repair at Ampang Park Passengers shared delay slip and crowding evidence during rush hour Rapid KL staff guided queue and temporary shuttle arrangement There are 10 comments in total author reply Show 2 replies Say something,1,incident_power_outage,synthetic_mock
lrt is bad again - Xiaohongshu search - Google Chrome,1629,mock_post_1629.png,lrt is bad again - Xiaohongshu search - Google Chrome,2026-02-23T11:09:00,"City transit watcher
focus on
Normal operation resumed and train intervals are back to schedule at Universiti.
People shared regular commute and station photos
No emergency notice was posted
Malaysia transport update 2024-04-18
There are 17 comments in total
author
reply
Show 1 replies
Say something",Normal operation resumed and train intervals are back to schedule at Universiti People shared regular commute and station photos No emergency notice was posted Malaysia transport update 2024 04 18 There are 17 comments in total author reply Show 1 replies Say something,0,normal_operation,synthetic_mock
lrtkelanajaya线 - 小红书搜索 - Google Chrome,1630,mock_post_1630.png,lrtkelanajaya线 - 小红书搜索 - Google Chrome,2026-02-23T11:10:00,"Little Red Potato 66A1
focus on
Passengers were asked to get off at Pasar Seni due to train fault and wait for replacement at Kelana Jaya.
Passengers shared delay slip and crowding evidence during rush hour
Rapid KL staff guided queue and temporary shuttle arrangement
Malaysia transport update 2024-01-16
There are 1 comments in total
author
reply
Show 2 replies
Say something",Passengers were asked to get off at Pasar Seni due to train fault and wait for replacement at Kelana Jaya Passengers shared delay slip and crowding evidence during rush hour Rapid KL staff guided queue and temporary shuttle arrangement Malaysia transport update 2024 01 16 There are 1 comments in total author reply Show 2 replies Say something,1,incident_train_fault,synthetic_mock
mrtkajang问题 - 小红书搜索 - Google Chrome,1631,mock_post_1631.png,mrtkajang问题 - 小红书搜索 - Google Chrome,2026-02-23T11:11:00,"Rapid commuter diary
focus on
Commuting to work was smooth and station crowd level was manageable today at KL Sentral.
People shared regular commute and station photos
No emergency notice was posted
There are 17 comments in total
author
reply
Show 1 replies
Say something",Commuting to work was smooth and station crowd level was manageable today at KL Sentral People shared regular commute and station photos No emergency notice was posted There are 17 comments in total author reply Show 1 replies Say something,0,normal_commute,synthetic_mock
mrt kajang - 小红书搜索 - Google Chrome,1632,mock_post_1632.png,mrt kajang - 小红书搜索 - Google Chrome,2026-02-23T11:12:00,"City transit watcher
focus on
Commuters reported long queue and train delay after track maintenance at Universiti station at KLCC.
Passengers shared delay slip and crowding evidence during rush hour
Rapid KL staff guided queue and temporary shuttle arrangement
There are 4 comments in total
author
reply
Show 2 replies
Say something",Commuters reported long queue and train delay after track maintenance at Universiti station at KLCC Passengers shared delay slip and crowding evidence during rush hour Rapid KL staff guided queue and temporary shuttle arrangement There are 4 comments in total author reply Show 2 replies Say something,1,incident_delay,synthetic_mock
🇲🇾LRT停运 注意了‼️ - 小红书 - Google Chrome,1633,mock_post_1633.png,🇲🇾LRT停运 注意了‼️ - 小红书 - Google Chrome,2026-02-23T11:13:00,"Xiaoxuan Talk Malaysia Official
focus on
No disruption observed and transfer between lines completed without waiting at Gombak.
People shared regular commute and station photos
No emergency notice was posted
There are 9 comments in total
author
reply
Show 3 replies
Say something",No disruption observed and transfer between lines completed without waiting at Gombak People shared regular commute and station photos No emergency notice was posted There are 9 comments in total author reply Show 3 replies Say something,0,normal_no_incident,synthetic_mock
地铁 马来西亚 - 小红书搜索 - Google Chrome,1634,mock_post_1634.png,地铁 马来西亚 - 小红书搜索 - Google Chrome,2026-02-23T11:14:00,"KL daily commuter
focus on
LRT Kelana Jaya line had a signaling issue during peak hour and trains moved slowly at Putra Heights.
Passengers shared delay slip and crowding evidence during rush hour
Rapid KL staff guided queue and temporary shuttle arrangement
Malaysia transport update 2024-12-03
There are 11 comments in total
author
reply
Show 1 replies
Say something",LRT Kelana Jaya line had a signaling issue during peak hour and trains moved slowly at Putra Heights Passengers shared delay slip and crowding evidence during rush hour Rapid KL staff guided queue and temporary shuttle arrangement Malaysia transport update 2024 12 03 There are 11 comments in total author reply Show 1 replies Say something,1,incident_breakdown,synthetic_mock
lrt klcc - 小红书搜索 - Google Chrome,1635,mock_post_1635.png,lrt klcc - 小红书搜索 - Google Chrome,2026-02-23T11:15:00,"Rapid commuter diary
focus on
Commuting to work was smooth and station crowd level was manageable today at Gombak.
People shared regular commute and station photos
No emergency notice was posted
There are 17 comments in total
author
reply
Show 3 replies
Say something",Commuting to work was smooth and station crowd level was manageable today at Gombak People shared regular commute and station photos No emergency notice was posted There are 17 comments in total author reply Show 3 replies Say something,0,normal_commute,synthetic_mock
🇲🇾LRT停运 注意了‼️ - 小红书 - Google Chrome,1636,mock_post_1636.png,🇲🇾LRT停运 注意了‼️ - 小红书 - Google Chrome,2026-02-23T11:16:00,"Xiaoxuan Talk Malaysia Official
focus on
Kelana Jaya line maintenance phase affected frequency and caused crowding at stations at Putra Heights.
Passengers shared delay slip and crowding evidence during rush hour
Rapid KL staff guided queue and temporary shuttle arrangement
Malaysia transport update 2026-09-11
There are 7 comments in total
author
reply
Show 3 replies
Say something",Kelana Jaya line maintenance phase affected frequency and caused crowding at stations at Putra Heights Passengers shared delay slip and crowding evidence during rush hour Rapid KL staff guided queue and temporary shuttle arrangement Malaysia transport update 2026 09 11 There are 7 comments in total author reply Show 3 replies Say something,1,incident_maintenance_impact,synthetic_mock
🇲🇾LRT KelanajayaLine通告，列车降速 - 小红书 - Google Chrome,1637,mock_post_1637.png,🇲🇾LRT KelanajayaLine通告，列车降速 - 小红书 - Google Chrome,2026-02-23T11:17:00,"City transit watcher
focus on
General city transport post not related to outage or malfunction at Kelana Jaya.
People shared regular commute and station photos
No emergency notice was posted
There are 8 comments in total
author
reply
Show 1 replies
Say something",General city transport post not related to outage or malfunction at Kelana Jaya People shared regular commute and station photos No emergency notice was posted There are 8 comments in total author reply Show 1 replies Say something,0,normal_general,synthetic_mock
mrtkajang问题 - 小红书搜索 - Google Chrome,1638,mock_post_1638.png,mrtkajang问题 - 小红书搜索 - Google Chrome,2026-02-23T11:18:00,"City transit watcher
focus on
Power trip caused brief outage and service resumed after technicians completed repair at Universiti.
Passengers shared delay slip and crowding evidence during rush hour
Rapid KL staff guided queue and temporary shuttle arrangement
Malaysia transport update 2025-03-16
There are 6 comments in total
author
reply
Show 3 replies
Say something",Power trip caused brief outage and service resumed after technicians completed repair at Universiti Passengers shared delay slip and crowding evidence during rush hour Rapid KL staff guided queue and temporary shuttle arrangement Malaysia transport update 2025 03 16 There are 6 comments in total author reply Show 3 replies Say something,1,incident_power_outage,synthetic_mock
lrtkelanajaya线 - 小红书搜索 - Google Chrome,1639,mock_post_1639.png,lrtkelanajaya线 - 小红书搜索 - Google Chrome,2026-02-23T11:19:00,"Ootashi store
focus on
Commuting to work was smooth and station crowd level was manageable today at Pasar Seni.
People shared regular commute and station photos
No emergency notice was posted
There are 3 comments in total
author
reply
Show 3 replies
Say something",Commuting to work was smooth and station crowd level was manageable today at Pasar Seni People shared regular commute and station photos No emergency notice was posted There are 3 comments in total author reply Show 3 replies Say something,0,normal_commute,synthetic_mock
mrt kajang - 小红书搜索 - Google Chrome,1640,mock_post_1640.png,mrt kajang - 小红书搜索 - Google Chrome,2026-02-23T11:20:00,"Xiaoxuan Talk Malaysia Official
focus on
LRT Kelana Jaya line had a signaling issue during peak hour and trains moved slowly at Wangsa Maju.
Passengers shared delay slip and crowding evidence during rush hour
Rapid KL staff guided queue and temporary shuttle arrangement
Malaysia transport update 2026-04-23
There are 6 comments in total
author
reply
Show 1 replies
Say something",LRT Kelana Jaya line had a signaling issue during peak hour and trains moved slowly at Wangsa Maju Passengers shared delay slip and crowding evidence during rush hour Rapid KL staff guided queue and temporary shuttle arrangement Malaysia transport update 2026 04 23 There are 6 comments in total author reply Show 1 replies Say something,1,incident_breakdown,synthetic_mock
地铁 马来西亚 - 小红书搜索 - Google Chrome,1641,mock_post_1641.png,地铁 马来西亚 - 小红书搜索 - Google Chrome,2026-02-23T11:21:00,"Little Red Potato 66A1
focus on
General city transport post not related to outage or malfunction at Gombak.
People shared regular commute and station photos
No emergency notice was posted
Malaysia transport update 2026-04-21
There are 12 comments in total
author
reply
Show 2 replies
Say something",General city transport post not related to outage or malfunction at Gombak People shared regular commute and station photos No emergency notice was posted Malaysia transport update 2026 04 21 There are 12 comments in total author reply Show 2 replies Say something,0,normal_general,synthetic_mock
mrtkajang问题 - 小红书搜索 - Google Chrome,1642,mock_post_1642.png,mrtkajang问题 - 小红书搜索 - Google Chrome,2026-02-23T11:22:00,"Leisurely kitten
focus on
Kelana Jaya line maintenance phase affected frequency and caused crowding at stations at Pasar Seni.
Passengers shared delay slip and crowding evidence during rush hour
Rapid KL staff guided queue and temporary shuttle arrangement
There are 10 comments in total
author
reply
Show 3 replies
Say something",Kelana Jaya line maintenance phase affected frequency and caused crowding at stations at Pasar Seni Passengers shared delay slip and crowding evidence during rush hour Rapid KL staff guided queue and temporary shuttle arrangement There are 10 comments in total author reply Show 3 replies Say something,1,incident_maintenance_impact,synthetic_mock
mrt - 小红书搜索 - Google Chrome,1643,mock_post_1643.png,mrt - 小红书搜索 - Google Chrome,2026-02-23T11:23:00,"Little Red Potato 66A1
focus on
No disruption observed and transfer between lines completed without waiting at Wangsa Maju.
People shared regular commute and station photos
No emergency notice was posted
Malaysia transport update 2025-05-04
There are 8 comments in total
author
reply
Show 1 replies
Say something",No disruption observed and transfer between lines completed without waiting at Wangsa Maju People shared regular commute and station photos No emergency notice was posted Malaysia transport update 2025 05 04 There are 8 comments in total author reply Show 1 replies Say something,0,normal_no_incident,synthetic_mock
🇲🇾LRT停运 注意了‼️ - 小红书 - Google Chrome,1644,mock_post_1644.png,🇲🇾LRT停运 注意了‼️ - 小红书 - Google Chrome,2026-02-23T11:24:00,"Leisurely kitten
focus on
Power trip caused brief outage and service resumed after technicians completed repair at Ampang Park.
Passengers shared delay slip and crowding evidence during rush hour
Rapid KL staff guided queue and temporary shuttle arrangement
Malaysia transport update 2025-02-06
There are 15 comments in total
author
reply
Show 2 replies
Say something",Power trip caused brief outage and service resumed after technicians completed repair at Ampang Park Passengers shared delay slip and crowding evidence during rush hour Rapid KL staff guided queue and temporary shuttle arrangement Malaysia transport update 2025 02 06 There are 15 comments in total author reply Show 2 replies Say something,1,incident_power_outage,synthetic_mock
mrt kajang - 小红书搜索 - Google Chrome,1645,mock_post_1645.png,mrt kajang - 小红书搜索 - Google Chrome,2026-02-23T11:25:00,"City transit watcher
focus on
Normal operation resumed and train intervals are back to schedule at Putra Heights.
People shared regular commute and station photos
No emergency notice was posted
Malaysia transport update 2024-08-27
There are 16 comments in total
author
reply
Show 3 replies
Say something",Normal operation resumed and train intervals are back to schedule at Putra Heights People shared regular commute and station photos No emergency notice was posted Malaysia transport update 2024 08 27 There are 16 comments in total author reply Show 3 replies Say something,0,normal_operation,synthetic_mock
地铁 马来西亚 - 小红书搜索 - Google Chrome,1646,mock_post_1646.png,地铁 马来西亚 - 小红书搜索 - Google Chrome,2026-02-23T11:26:00,"Xiaoxuan Talk Malaysia Official
focus on
Kelana Jaya line maintenance phase affected frequency and caused crowding at stations at Universiti.
Passengers shared delay slip and crowding evidence during rush hour
Rapid KL staff guided queue and temporary shuttle arrangement
Malaysia transport update 2026-04-28
There are 14 comments in total
author
reply
Show 1 replies
Say something",Kelana Jaya line maintenance phase affected frequency and caused crowding at stations at Universiti Passengers shared delay slip and crowding evidence during rush hour Rapid KL staff guided queue and temporary shuttle arrangement Malaysia transport update 2026 04 28 There are 14 comments in total author reply Show 1 replies Say something,1,incident_maintenance_impact,synthetic_mock
lrt is bad again - Xiaohongshu search - Google Chrome,1647,mock_post_1647.png,lrt is bad again - Xiaohongshu search - Google Chrome,2026-02-23T11:27:00,"City transit watcher
focus on
Commuting to work was smooth and station crowd level was manageable today at Gombak.
People shared regular commute and station photos
No emergency notice was posted
Malaysia transport update 2025-08-14
There are 13 comments in total
author
reply
Show 2 replies
Say something",Commuting to work was smooth and station crowd level was manageable today at Gombak People shared regular commute and station photos No emergency notice was posted Malaysia transport update 2025 08 14 There are 13 comments in total author reply Show 2 replies Say something,0,normal_commute,synthetic_mock
lrtkelanajaya线 - 小红书搜索 - Google Chrome,1648,mock_post_1648.png,lrtkelanajaya线 - 小红书搜索 - Google Chrome,2026-02-23T11:28:00,"City transit watcher
focus on
Commuters reported long queue and train delay after track maintenance at Universiti station at Ampang Park.
Passengers shared delay slip and crowding evidence during rush hour
Rapid KL staff guided queue and temporary shuttle arrangement
Malaysia transport update 2026-01-10
There are 15 comments in total
author
reply
Show 2 replies
Say something",Commuters reported long queue and train delay after track maintenance at Universiti station at Ampang Park Passengers shared delay slip and crowding evidence during rush hour Rapid KL staff guided queue and temporary shuttle arrangement Malaysia transport update 2026 01 10 There are 15 comments in total author reply Show 2 replies Say something,1,incident_delay,synthetic_mock
🇲🇾LRT KelanajayaLine通告，列车降速 - 小红书 - Google Chrome,1649,mock_post_1649.png,🇲🇾LRT KelanajayaLine通告，列车降速 - 小红书 - Google Chrome,2026-02-23T11:29:00,"Little Red Potato 66A1
focus on
Routine travel post about route tips and fare sharing at Pasar Seni.
People shared regular commute and station photos
No emergency notice was posted
Malaysia transport update 2026-02-20
There are 11 comments in total
author
reply
Show 1 replies
Say something",Routine travel post about route tips and fare sharing at Pasar Seni People shared regular commute and station photos No emergency notice was posted Malaysia transport update 2026 02 20 There are 11 comments in total author reply Show 1 replies Say something,0,normal_travel_tip,synthetic_mock
地铁 马来西亚 - 小红书搜索 - Google Chrome,1650,mock_post_1650.png,地铁 马来西亚 - 小红书搜索 - Google Chrome,2026-02-23T11:30:00,"City transit watcher
focus on
Passengers were asked to get off at Pasar Seni due to train fault and wait for replacement at Kelana Jaya.
Passengers shared delay slip and crowding evidence during rush hour
Rapid KL staff guided queue and temporary shuttle arrangement
Malaysia transport update 2025-02-25
There are 11 comments in total
author
reply
Show 2 replies
Say something",Passengers were asked to get off at Pasar Seni due to train fault and wait for replacement at Kelana Jaya Passengers shared delay slip and crowding evidence during rush hour Rapid KL staff guided queue and temporary shuttle arrangement Malaysia transport update 2025 02 25 There are 11 comments in total author reply Show 2 replies Say something,1,incident_train_fault,synthetic_mock
lrtkelanajaya线 - 小红书搜索 - Google Chrome,1651,mock_post_1651.png,lrtkelanajaya线 - 小红书搜索 - Google Chrome,2026-02-23T11:31:00,"Little Red Potato 66A1
focus on
Normal operation resumed and train intervals are back to schedule at Kelana Jaya.
People shared regular commute and station photos
No emergency notice was posted
Malaysia transport update 2026-04-06
There are 18 comments in total
author
reply
Show 2 replies
Say something",Normal operation resumed and train intervals are back to schedule at Kelana Jaya People shared regular commute and station photos No emergency notice was posted Malaysia transport update 2026 04 06 There are 18 comments in total author reply Show 2 replies Say something,0,normal_operation,synthetic_mock
lrt is bad again - Xiaohongshu search - Google Chrome,1652,mock_post_1652.png,lrt is bad again - Xiaohongshu search - Google Chrome,2026-02-23T11:32:00,"Leisurely kitten
focus on
Commuters reported long queue and train delay after track maintenance at Universiti station at Pasar Seni.
Passengers shared delay slip and crowding evidence during rush hour
Rapid KL staff guided queue and temporary shuttle arrangement
Malaysia transport update 2024-09-24
There are 8 comments in total
author
reply
Show 1 replies
Say something",Commuters reported long queue and train delay after track maintenance at Universiti station at Pasar Seni Passengers shared delay slip and crowding evidence during rush hour Rapid KL staff guided queue and temporary shuttle arrangement Malaysia transport update 2024 09 24 There are 8 comments in total author reply Show 1 replies Say something,1,incident_delay,synthetic_mock
lrt is bad again - Xiaohongshu search - Google Chrome,1653,mock_post_1653.png,lrt is bad again - Xiaohongshu search - Google Chrome,2026-02-23T11:33:00,"Xiaoxuan Talk Malaysia Official
focus on
Normal operation resumed and train intervals are back to schedule at Masjid Jamek.
People shared regular commute and station photos
No emergency notice was posted
Malaysia transport update 2025-01-06
There are 10 comments in total
author
reply
Show 2 replies
Say something",Normal operation resumed and train intervals are back to schedule at Masjid Jamek People shared regular commute and station photos No emergency notice was posted Malaysia transport update 2025 01 06 There are 10 comments in total author reply Show 2 replies Say something,0,normal_operation,synthetic_mock
mrt - 小红书搜索 - Google Chrome,1654,mock_post_1654.png,mrt - 小红书搜索 - Google Chrome,2026-02-23T11:34:00,"Xiaoxuan Talk Malaysia Official
focus on
Rapid KL announced temporary service disruption between KLCC and Gombak with shuttle support at Universiti.
Passengers shared delay slip and crowding evidence during rush hour
Rapid KL staff guided queue and temporary shuttle arrangement
Malaysia transport update 2024-07-21
There are 13 comments in total
author
reply
Show 1 replies
Say something",Rapid KL announced temporary service disruption between KLCC and Gombak with shuttle support at Universiti Passengers shared delay slip and crowding evidence during rush hour Rapid KL staff guided queue and temporary shuttle arrangement Malaysia transport update 2024 07 21 There are 13 comments in total author reply Show 1 replies Say something,1,incident_service_disruption,synthetic_mock
地铁 马来西亚 - 小红书搜索 - Google Chrome,1655,mock_post_1655.png,地铁 马来西亚 - 小红书搜索 - Google Chrome,2026-02-23T11:35:00,"Xiaoxuan Talk Malaysia Official
focus on
Normal operation resumed and train intervals are back to schedule at KLCC.
People shared regular commute and station photos
No emergency notice was posted
Malaysia transport update 2026-12-14
There are 1 comments in total
author
reply
Show 1 replies
Say something",Normal operation resumed and train intervals are back to schedule at KLCC People shared regular commute and station photos No emergency notice was posted Malaysia transport update 2026 12 14 There are 1 comments in total author reply Show 1 replies Say something,0,normal_operation,synthetic_mock
🇲🇾LRT KelanajayaLine通告，列车降速 - 小红书 - Google Chrome,1656,mock_post_1656.png,🇲🇾LRT KelanajayaLine通告，列车降速 - 小红书 - Google Chrome,2026-02-23T11:36:00,"Xiaoxuan Talk Malaysia Official
focus on
Passengers were asked to get off at Pasar Seni due to train fault and wait for replacement at Pasar Seni.
Passengers shared delay slip and crowding evidence during rush hour
Rapid KL staff guided queue and temporary shuttle arrangement
There are 13 comments in total
author
reply
Show 1 replies
Say something",Passengers were asked to get off at Pasar Seni due to train fault and wait for replacement at Pasar Seni Passengers shared delay slip and crowding evidence during rush hour Rapid KL staff guided queue and temporary shuttle arrangement There are 13 comments in total author reply Show 1 replies Say something,1,incident_train_fault,synthetic_mock
lrt klcc - 小红书搜索 - Google Chrome,1657,mock_post_1657.png,lrt klcc - 小红书搜索 - Google Chrome,2026-02-23T11:37:00,"Rapid commuter diary
focus on
Commuting to work was smooth and station crowd level was manageable today at Putra Heights.
People shared regular commute and station photos
No emergency notice was posted
Malaysia transport update 2024-05-09
There are 15 comments in total
author
reply
Show 1 replies
Say something",Commuting to work was smooth and station crowd level was manageable today at Putra Heights People shared regular commute and station photos No emergency notice was posted Malaysia transport update 2024 05 09 There are 15 comments in total author reply Show 1 replies Say something,0,normal_commute,synthetic_mock
mrt - 小红书搜索 - Google Chrome,1658,mock_post_1658.png,mrt - 小红书搜索 - Google Chrome,2026-02-23T11:38:00,"Rapid commuter diary
focus on
Commuters reported long queue and train delay after track maintenance at Universiti station at KL Sentral.
Passengers shared delay slip and crowding evidence during rush hour
Rapid KL staff guided queue and temporary shuttle arrangement
Malaysia transport update 2025-02-08
There are 14 comments in total
author
reply
Show 3 replies
Say something",Commuters reported long queue and train delay after track maintenance at Universiti station at KL Sentral Passengers shared delay slip and crowding evidence during rush hour Rapid KL staff guided queue and temporary shuttle arrangement Malaysia transport update 2025 02 08 There are 14 comments in total author reply Show 3 replies Say something,1,incident_delay,synthetic_mock
mrt kajang - 小红书搜索 - Google Chrome,1659,mock_post_1659.png,mrt kajang - 小红书搜索 - Google Chrome,2026-02-23T11:39:00,"City transit watcher
focus on
No disruption observed and transfer between lines completed without waiting at Gombak.
People shared regular commute and station photos
No emergency notice was posted
Malaysia transport update 2024-07-01
There are 16 comments in total
author
reply
Show 3 replies
Say something",No disruption observed and transfer between lines completed without waiting at Gombak People shared regular commute and station photos No emergency notice was posted Malaysia transport update 2024 07 01 There are 16 comments in total author reply Show 3 replies Say something,0,normal_no_incident,synthetic_mock
mrtkajang问题 - 小红书搜索 - Google Chrome,1660,mock_post_1660.png,mrtkajang问题 - 小红书搜索 - Google Chrome,2026-02-23T11:40:00,"City transit watcher
focus on
Commuters reported long queue and train delay after track maintenance at Universiti station at Masjid Jamek.
Passengers shared delay slip and crowding evidence during rush hour
Rapid KL staff guided queue and temporary shuttle arrangement
Malaysia transport update 2024-10-01
There are 13 comments in total
author
reply
Show 1 replies
Say something",Commuters reported long queue and train delay after track maintenance at Universiti station at Masjid Jamek Passengers shared delay slip and crowding evidence during rush hour Rapid KL staff guided queue and temporary shuttle arrangement Malaysia transport update 2024 10 01 There are 13 comments in total author reply Show 1 replies Say something,1,incident_delay,synthetic_mock
地铁 马来西亚 - 小红书搜索 - Google Chrome,1661,mock_post_1661.png,地铁 马来西亚 - 小红书搜索 - Google Chrome,2026-02-23T11:41:00,"Little Red Potato 66A1
focus on
Commuting to work was smooth and station crowd level was manageable today at Ampang Park.
People shared regular commute and station photos
No emergency notice was posted
Malaysia transport update 2025-06-05
There are 3 comments in total
author
reply
Show 1 replies
Say something",Commuting to work was smooth and station crowd level was manageable today at Ampang Park People shared regular commute and station photos No emergency notice was posted Malaysia transport update 2025 06 05 There are 3 comments in total author reply Show 1 replies Say something,0,normal_commute,synthetic_mock
lrtkelanajaya故障 - 小红书搜索 - Google Chrome,1662,mock_post_1662.png,lrtkelanajaya故障 - 小红书搜索 - Google Chrome,2026-02-23T11:42:00,"KL daily commuter
focus on
Rapid KL announced temporary service disruption between KLCC and Gombak with shuttle support at Universiti.
Passengers shared delay slip and crowding evidence during rush hour
Rapid KL staff guided queue and temporary shuttle arrangement
There are 8 comments in total
author
reply
Show 1 replies
Say something",Rapid KL announced temporary service disruption between KLCC and Gombak with shuttle support at Universiti Passengers shared delay slip and crowding evidence during rush hour Rapid KL staff guided queue and temporary shuttle arrangement There are 8 comments in total author reply Show 1 replies Say something,1,incident_service_disruption,synthetic_mock
mrtkajang问题 - 小红书搜索 - Google Chrome,1663,mock_post_1663.png,mrtkajang问题 - 小红书搜索 - Google Chrome,2026-02-23T11:43:00,"KL daily commuter
focus on
No disruption observed and transfer between lines completed without waiting at KL Sentral.
People shared regular commute and station photos
No emergency notice was posted
Malaysia transport update 2026-10-25
There are 8 comments in total
author
reply
Show 1 replies
Say something",No disruption observed and transfer between lines completed without waiting at KL Sentral People shared regular commute and station photos No emergency notice was posted Malaysia transport update 2026 10 25 There are 8 comments in total author reply Show 1 replies Say something,0,normal_no_incident,synthetic_mock
mrt fault - 小红书搜索 - Google Chrome,1664,mock_post_1664.png,mrt fault - 小红书搜索 - Google Chrome,2026-02-23T11:44:00,"Leisurely kitten
focus on
Commuters reported long queue and train delay after track maintenance at Universiti station at Wangsa Maju.
Passengers shared delay slip and crowding evidence during rush hour
Rapid KL staff guided queue and temporary shuttle arrangement
There are 5 comments in total
author
reply
Show 1 replies
Say something",Commuters reported long queue and train delay after track maintenance at Universiti station at Wangsa Maju Passengers shared delay slip and crowding evidence during rush hour Rapid KL staff guided queue and temporary shuttle arrangement There are 5 comments in total author reply Show 1 replies Say something,1,incident_delay,synthetic_mock
mrtkajang问题 - 小红书搜索 - Google Chrome,1665,mock_post_1665.png,mrtkajang问题 - 小红书搜索 - Google Chrome,2026-02-23T11:45:00,"Little Red Potato 66A1
focus on
General city transport post not related to outage or malfunction at KL Sentral.
People shared regular commute and station photos
No emergency notice was posted
Malaysia transport update 2024-05-23
There are 7 comments in total
author
reply
Show 3 replies
Say something",General city transport post not related to outage or malfunction at KL Sentral People shared regular commute and station photos No emergency notice was posted Malaysia transport update 2024 05 23 There are 7 comments in total author reply Show 3 replies Say something,0,normal_general,synthetic_mock
mrtkajang问题 - 小红书搜索 - Google Chrome,1666,mock_post_1666.png,mrtkajang问题 - 小红书搜索 - Google Chrome,2026-02-23T11:46:00,"Leisurely kitten
focus on
Passengers were asked to get off at Pasar Seni due to train fault and wait for replacement at Ampang Park.
Passengers shared delay slip and crowding evidence during rush hour
Rapid KL staff guided queue and temporary shuttle arrangement
There are 8 comments in total
author
reply
Show 2 replies
Say something",Passengers were asked to get off at Pasar Seni due to train fault and wait for replacement at Ampang Park Passengers shared delay slip and crowding evidence during rush hour Rapid KL staff guided queue and temporary shuttle arrangement There are 8 comments in total author reply Show 2 replies Say something,1,incident_train_fault,synthetic_mock
mrt kajang - 小红书搜索 - Google Chrome,1667,mock_post_1667.png,mrt kajang - 小红书搜索 - Google Chrome,2026-02-23T11:47:00,"Little Red Potato 66A1
focus on
General city transport post not related to outage or malfunction at Ampang Park.
People shared regular commute and station photos
No emergency notice was posted
There are 3 comments in total
author
reply
Show 1 replies
Say something",General city transport post not related to outage or malfunction at Ampang Park People shared regular commute and station photos No emergency notice was posted There are 3 comments in total author reply Show 1 replies Say something,0,normal_general,synthetic_mock
lrtkelanajaya线 - 小红书搜索 - Google Chrome,1668,mock_post_1668.png,lrtkelanajaya线 - 小红书搜索 - Google Chrome,2026-02-23T11:48:00,"Rapid commuter diary
focus on
Kelana Jaya line maintenance phase affected frequency and caused crowding at stations at KLCC.
Passengers shared delay slip and crowding evidence during rush hour
Rapid KL staff guided queue and temporary shuttle arrangement
Malaysia transport update 2024-03-17
There are 4 comments in total
author
reply
Show 1 replies
Say something",Kelana Jaya line maintenance phase affected frequency and caused crowding at stations at KLCC Passengers shared delay slip and crowding evidence during rush hour Rapid KL staff guided queue and temporary shuttle arrangement Malaysia transport update 2024 03 17 There are 4 comments in total author reply Show 1 replies Say something,1,incident_maintenance_impact,synthetic_mock
🇲🇾LRT停运 注意了‼️ - 小红书 - Google Chrome,1669,mock_post_1669.png,🇲🇾LRT停运 注意了‼️ - 小红书 - Google Chrome,2026-02-23T11:49:00,"Xiaoxuan Talk Malaysia Official
focus on
No disruption observed and transfer between lines completed without waiting at KLCC.
People shared regular commute and station photos
No emergency notice was posted
There are 16 comments in total
author
reply
Show 1 replies
Say something",No disruption observed and transfer between lines completed without waiting at KLCC People shared regular commute and station photos No emergency notice was posted There are 16 comments in total author reply Show 1 replies Say something,0,normal_no_incident,synthetic_mock
mrt kajang - 小红书搜索 - Google Chrome,1670,mock_post_1670.png,mrt kajang - 小红书搜索 - Google Chrome,2026-02-23T11:50:00,"Ootashi store
focus on
Passengers were asked to get off at Pasar Seni due to train fault and wait for replacement at Ampang Park.
Passengers shared delay slip and crowding evidence during rush hour
Rapid KL staff guided queue and temporary shuttle arrangement
There are 18 comments in total
author
reply
Show 2 replies
Say something",Passengers were asked to get off at Pasar Seni due to train fault and wait for replacement at Ampang Park Passengers shared delay slip and crowding evidence during rush hour Rapid KL staff guided queue and temporary shuttle arrangement There are 18 comments in total author reply Show 2 replies Say something,1,incident_train_fault,synthetic_mock
mrt fault - 小红书搜索 - Google Chrome,1671,mock_post_1671.png,mrt fault - 小红书搜索 - Google Chrome,2026-02-23T11:51:00,"Xiaoxuan Talk Malaysia Official
focus on
Normal operation resumed and train intervals are back to schedule at Gombak.
People shared regular commute and station photos
No emergency notice was posted
Malaysia transport update 2025-12-22
There are 9 comments in total
author
reply
Show 3 replies
Say something",Normal operation resumed and train intervals are back to schedule at Gombak People shared regular commute and station photos No emergency notice was posted Malaysia transport update 2025 12 22 There are 9 comments in total author reply Show 3 replies Say something,0,normal_operation,synthetic_mock
地铁 马来西亚 - 小红书搜索 - Google Chrome,1672,mock_post_1672.png,地铁 马来西亚 - 小红书搜索 - Google Chrome,2026-02-23T11:52:00,"Little Red Potato 66A1
focus on
Passengers were asked to get off at Pasar Seni due to train fault and wait for replacement at Putra Heights.
Passengers shared delay slip and crowding evidence during rush hour
Rapid KL staff guided queue and temporary shuttle arrangement
There are 5 comments in total
author
reply
Show 2 replies
Say something",Passengers were asked to get off at Pasar Seni due to train fault and wait for replacement at Putra Heights Passengers shared delay slip and crowding evidence during rush hour Rapid KL staff guided queue and temporary shuttle arrangement There are 5 comments in total author reply Show 2 replies Say something,1,incident_train_fault,synthetic_mock
🇲🇾LRT KelanajayaLine通告，列车降速 - 小红书 - Google Chrome,1673,mock_post_1673.png,🇲🇾LRT KelanajayaLine通告，列车降速 - 小红书 - Google Chrome,2026-02-23T11:53:00,"KL daily commuter
focus on
General city transport post not related to outage or malfunction at Universiti.
People shared regular commute and station photos
No emergency notice was posted
There are 12 comments in total
author
reply
Show 3 replies
Say something",General city transport post not related to outage or malfunction at Universiti People shared regular commute and station photos No emergency notice was posted There are 12 comments in total author reply Show 3 replies Say something,0,normal_general,synthetic_mock
地铁 马来西亚 - 小红书搜索 - Google Chrome,1674,mock_post_1674.png,地铁 马来西亚 - 小红书搜索 - Google Chrome,2026-02-23T11:54:00,"Rapid commuter diary
focus on
Commuters reported long queue and train delay after track maintenance at Universiti station at Ampang Park.
Passengers shared delay slip and crowding evidence during rush hour
Rapid KL staff guided queue and temporary shuttle arrangement
Malaysia transport update 2025-12-24
There are 5 comments in total
author
reply
Show 1 replies
Say something",Commuters reported long queue and train delay after track maintenance at Universiti station at Ampang Park Passengers shared delay slip and crowding evidence during rush hour Rapid KL staff guided queue and temporary shuttle arrangement Malaysia transport update 2025 12 24 There are 5 comments in total author reply Show 1 replies Say something,1,incident_delay,synthetic_mock
mrt - 小红书搜索 - Google Chrome,1675,mock_post_1675.png,mrt - 小红书搜索 - Google Chrome,2026-02-23T11:55:00,"Xiaoxuan Talk Malaysia Official
focus on
General city transport post not related to outage or malfunction at Ampang Park.
People shared regular commute and station photos
No emergency notice was posted
Malaysia transport update 2024-03-16
There are 3 comments in total
author
reply
Show 1 replies
Say something",General city transport post not related to outage or malfunction at Ampang Park People shared regular commute and station photos No emergency notice was posted Malaysia transport update 2024 03 16 There are 3 comments in total author reply Show 1 replies Say something,0,normal_general,synthetic_mock
mrt fault - 小红书搜索 - Google Chrome,1676,mock_post_1676.png,mrt fault - 小红书搜索 - Google Chrome,2026-02-23T11:56:00,"Ootashi store
focus on
Kelana Jaya line maintenance phase affected frequency and caused crowding at stations at Universiti.
Passengers shared delay slip and crowding evidence during rush hour
Rapid KL staff guided queue and temporary shuttle arrangement
There are 18 comments in total
author
reply
Show 2 replies
Say something",Kelana Jaya line maintenance phase affected frequency and caused crowding at stations at Universiti Passengers shared delay slip and crowding evidence during rush hour Rapid KL staff guided queue and temporary shuttle arrangement There are 18 comments in total author reply Show 2 replies Say something,1,incident_maintenance_impact,synthetic_mock
mrt fault - 小红书搜索 - Google Chrome,1677,mock_post_1677.png,mrt fault - 小红书搜索 - Google Chrome,2026-02-23T11:57:00,"Little Red Potato 66A1
focus on
Normal operation resumed and train intervals are back to schedule at Kelana Jaya.
People shared regular commute and station photos
No emergency notice was posted
Malaysia transport update 2024-02-12
There are 18 comments in total
author
reply
Show 1 replies
Say something",Normal operation resumed and train intervals are back to schedule at Kelana Jaya People shared regular commute and station photos No emergency notice was posted Malaysia transport update 2024 02 12 There are 18 comments in total author reply Show 1 replies Say something,0,normal_operation,synthetic_mock
🇲🇾LRT KelanajayaLine通告，列车降速 - 小红书 - Google Chrome,1678,mock_post_1678.png,🇲🇾LRT KelanajayaLine通告，列车降速 - 小红书 - Google Chrome,2026-02-23T11:58:00,"Ootashi store
focus on
Kelana Jaya line maintenance phase affected frequency and caused crowding at stations at Kelana Jaya.
Passengers shared delay slip and crowding evidence during rush hour
Rapid KL staff guided queue and temporary shuttle arrangement
Malaysia transport update 2025-10-24
There are 10 comments in total
author
reply
Show 2 replies
Say something",Kelana Jaya line maintenance phase affected frequency and caused crowding at stations at Kelana Jaya Passengers shared delay slip and crowding evidence during rush hour Rapid KL staff guided queue and temporary shuttle arrangement Malaysia transport update 2025 10 24 There are 10 comments in total author reply Show 2 replies Say something,1,incident_maintenance_impact,synthetic_mock
lrtkelanajaya线 - 小红书搜索 - Google Chrome,1679,mock_post_1679.png,lrtkelanajaya线 - 小红书搜索 - Google Chrome,2026-02-23T11:59:00,"Little Red Potato 66A1
focus on
No disruption observed and transfer between lines completed without waiting at Gombak.
People shared regular commute and station photos
No emergency notice was posted
Malaysia transport update 2026-04-03
There are 5 comments in total
author
reply
Show 1 replies
Say something",No disruption observed and transfer between lines completed without waiting at Gombak People shared regular commute and station photos No emergency notice was posted Malaysia transport update 2026 04 03 There are 5 comments in total author reply Show 1 replies Say something,0,normal_no_incident,synthetic_mock
🇲🇾LRT KelanajayaLine通告，列车降速 - 小红书 - Google Chrome,1680,mock_post_1680.png,🇲🇾LRT KelanajayaLine通告，列车降速 - 小红书 - Google Chrome,2026-02-23T12:00:00,"Leisurely kitten
focus on
Commuters reported long queue and train delay after track maintenance at Universiti station at Pasar Seni.
Passengers shared delay slip and crowding evidence during rush hour
Rapid KL staff guided queue and temporary shuttle arrangement
There are 5 comments in total
author
reply
Show 3 replies
Say something",Commuters reported long queue and train delay after track maintenance at Universiti station at Pasar Seni Passengers shared delay slip and crowding evidence during rush hour Rapid KL staff guided queue and temporary shuttle arrangement There are 5 comments in total author reply Show 3 replies Say something,1,incident_delay,synthetic_mock
🇲🇾LRT KelanajayaLine通告，列车降速 - 小红书 - Google Chrome,1681,mock_post_1681.png,🇲🇾LRT KelanajayaLine通告，列车降速 - 小红书 - Google Chrome,2026-02-23T12:01:00,"Leisurely kitten
focus on
General city transport post not related to outage or malfunction at Wangsa Maju.
People shared regular commute and station photos
No emergency notice was posted
There are 9 comments in total
author
reply
Show 3 replies
Say something",General city transport post not related to outage or malfunction at Wangsa Maju People shared regular commute and station photos No emergency notice was posted There are 9 comments in total author reply Show 3 replies Say something,0,normal_general,synthetic_mock
lrtkelanajaya故障 - 小红书搜索 - Google Chrome,1682,mock_post_1682.png,lrtkelanajaya故障 - 小红书搜索 - Google Chrome,2026-02-23T12:02:00,"Ootashi store
focus on
Kelana Jaya line maintenance phase affected frequency and caused crowding at stations at Ampang Park.
Passengers shared delay slip and crowding evidence during rush hour
Rapid KL staff guided queue and temporary shuttle arrangement
Malaysia transport update 2024-04-03
There are 5 comments in total
author
reply
Show 1 replies
Say something",Kelana Jaya line maintenance phase affected frequency and caused crowding at stations at Ampang Park Passengers shared delay slip and crowding evidence during rush hour Rapid KL staff guided queue and temporary shuttle arrangement Malaysia transport update 2024 04 03 There are 5 comments in total author reply Show 1 replies Say something,1,incident_maintenance_impact,synthetic_mock
🇲🇾LRT停运 注意了‼️ - 小红书 - Google Chrome,1683,mock_post_1683.png,🇲🇾LRT停运 注意了‼️ - 小红书 - Google Chrome,2026-02-23T12:03:00,"Leisurely kitten
focus on
No disruption observed and transfer between lines completed without waiting at Kelana Jaya.
People shared regular commute and station photos
No emergency notice was posted
Malaysia transport update 2024-03-17
There are 15 comments in total
author
reply
Show 2 replies
Say something",No disruption observed and transfer between lines completed without waiting at Kelana Jaya People shared regular commute and station photos No emergency notice was posted Malaysia transport update 2024 03 17 There are 15 comments in total author reply Show 2 replies Say something,0,normal_no_incident,synthetic_mock
mrt kajang - 小红书搜索 - Google Chrome,1684,mock_post_1684.png,mrt kajang - 小红书搜索 - Google Chrome,2026-02-23T12:04:00,"Leisurely kitten
focus on
Power trip caused brief outage and service resumed after technicians completed repair at Putra Heights.
Passengers shared delay slip and crowding evidence during rush hour
Rapid KL staff guided queue and temporary shuttle arrangement
Malaysia transport update 2024-04-18
There are 13 comments in total
author
reply
Show 2 replies
Say something",Power trip caused brief outage and service resumed after technicians completed repair at Putra Heights Passengers shared delay slip and crowding evidence during rush hour Rapid KL staff guided queue and temporary shuttle arrangement Malaysia transport update 2024 04 18 There are 13 comments in total author reply Show 2 replies Say something,1,incident_power_outage,synthetic_mock
lrtkelanajaya线 - 小红书搜索 - Google Chrome,1685,mock_post_1685.png,lrtkelanajaya线 - 小红书搜索 - Google Chrome,2026-02-23T12:05:00,"Leisurely kitten
focus on
General city transport post not related to outage or malfunction at Ampang Park.
People shared regular commute and station photos
No emergency notice was posted
Malaysia transport update 2026-06-17
There are 3 comments in total
author
reply
Show 3 replies
Say something",General city transport post not related to outage or malfunction at Ampang Park People shared regular commute and station photos No emergency notice was posted Malaysia transport update 2026 06 17 There are 3 comments in total author reply Show 3 replies Say something,0,normal_general,synthetic_mock
mrt - 小红书搜索 - Google Chrome,1686,mock_post_1686.png,mrt - 小红书搜索 - Google Chrome,2026-02-23T12:06:00,"City transit watcher
focus on
Rapid KL announced temporary service disruption between KLCC and Gombak with shuttle support at Gombak.
Passengers shared delay slip and crowding evidence during rush hour
Rapid KL staff guided queue and temporary shuttle arrangement
Malaysia transport update 2025-09-15
There are 16 comments in total
author
reply
Show 3 replies
Say something",Rapid KL announced temporary service disruption between KLCC and Gombak with shuttle support at Gombak Passengers shared delay slip and crowding evidence during rush hour Rapid KL staff guided queue and temporary shuttle arrangement Malaysia transport update 2025 09 15 There are 16 comments in total author reply Show 3 replies Say something,1,incident_service_disruption,synthetic_mock
lrt is bad again - Xiaohongshu search - Google Chrome,1687,mock_post_1687.png,lrt is bad again - Xiaohongshu search - Google Chrome,2026-02-23T12:07:00,"Little Red Potato 66A1
focus on
General city transport post not related to outage or malfunction at KLCC.
People shared regular commute and station photos
No emergency notice was posted
There are 12 comments in total
author
reply
Show 1 replies
Say something",General city transport post not related to outage or malfunction at KLCC People shared regular commute and station photos No emergency notice was posted There are 12 comments in total author reply Show 1 replies Say something,0,normal_general,synthetic_mock
🇲🇾LRT KelanajayaLine通告，列车降速 - 小红书 - Google Chrome,1688,mock_post_1688.png,🇲🇾LRT KelanajayaLine通告，列车降速 - 小红书 - Google Chrome,2026-02-23T12:08:00,"KL daily commuter
focus on
Commuters reported long queue and train delay after track maintenance at Universiti station at Ampang Park.
Passengers shared delay slip and crowding evidence during rush hour
Rapid KL staff guided queue and temporary shuttle arrangement
There are 14 comments in total
author
reply
Show 1 replies
Say something",Commuters reported long queue and train delay after track maintenance at Universiti station at Ampang Park Passengers shared delay slip and crowding evidence during rush hour Rapid KL staff guided queue and temporary shuttle arrangement There are 14 comments in total author reply Show 1 replies Say something,1,incident_delay,synthetic_mock
地铁 马来西亚 - 小红书搜索 - Google Chrome,1689,mock_post_1689.png,地铁 马来西亚 - 小红书搜索 - Google Chrome,2026-02-23T12:09:00,"Rapid commuter diary
focus on
Routine travel post about route tips and fare sharing at Universiti.
People shared regular commute and station photos
No emergency notice was posted
Malaysia transport update 2026-01-07
There are 15 comments in total
author
reply
Show 2 replies
Say something",Routine travel post about route tips and fare sharing at Universiti People shared regular commute and station photos No emergency notice was posted Malaysia transport update 2026 01 07 There are 15 comments in total author reply Show 2 replies Say something,0,normal_travel_tip,synthetic_mock
🇲🇾LRT KelanajayaLine通告，列车降速 - 小红书 - Google Chrome,1690,mock_post_1690.png,🇲🇾LRT KelanajayaLine通告，列车降速 - 小红书 - Google Chrome,2026-02-23T12:10:00,"Little Red Potato 66A1
focus on
Rapid KL announced temporary service disruption between KLCC and Gombak with shuttle support at Kelana Jaya.
Passengers shared delay slip and crowding evidence during rush hour
Rapid KL staff guided queue and temporary shuttle arrangement
Malaysia transport update 2024-06-09
There are 17 comments in total
author
reply
Show 1 replies
Say something",Rapid KL announced temporary service disruption between KLCC and Gombak with shuttle support at Kelana Jaya Passengers shared delay slip and crowding evidence during rush hour Rapid KL staff guided queue and temporary shuttle arrangement Malaysia transport update 2024 06 09 There are 17 comments in total author reply Show 1 replies Say something,1,incident_service_disruption,synthetic_mock
🇲🇾LRT停运 注意了‼️ - 小红书 - Google Chrome,1691,mock_post_1691.png,🇲🇾LRT停运 注意了‼️ - 小红书 - Google Chrome,2026-02-23T12:11:00,"City transit watcher
focus on
Commuting to work was smooth and station crowd level was manageable today at Kelana Jaya.
People shared regular commute and station photos
No emergency notice was posted
Malaysia transport update 2025-07-02
There are 9 comments in total
author
reply
Show 2 replies
Say something",Commuting to work was smooth and station crowd level was manageable today at Kelana Jaya People shared regular commute and station photos No emergency notice was posted Malaysia transport update 2025 07 02 There are 9 comments in total author reply Show 2 replies Say something,0,normal_commute,synthetic_mock
lrtkelanajaya故障 - 小红书搜索 - Google Chrome,1692,mock_post_1692.png,lrtkelanajaya故障 - 小红书搜索 - Google Chrome,2026-02-23T12:12:00,"KL daily commuter
focus on
LRT Kelana Jaya line had a signaling issue during peak hour and trains moved slowly at KL Sentral.
Passengers shared delay slip and crowding evidence during rush hour
Rapid KL staff guided queue and temporary shuttle arrangement
Malaysia transport update 2026-08-20
There are 15 comments in total
author
reply
Show 2 replies
Say something",LRT Kelana Jaya line had a signaling issue during peak hour and trains moved slowly at KL Sentral Passengers shared delay slip and crowding evidence during rush hour Rapid KL staff guided queue and temporary shuttle arrangement Malaysia transport update 2026 08 20 There are 15 comments in total author reply Show 2 replies Say something,1,incident_breakdown,synthetic_mock
lrtkelanajaya故障 - 小红书搜索 - Google Chrome,1693,mock_post_1693.png,lrtkelanajaya故障 - 小红书搜索 - Google Chrome,2026-02-23T12:13:00,"KL daily commuter
focus on
No disruption observed and transfer between lines completed without waiting at Masjid Jamek.
People shared regular commute and station photos
No emergency notice was posted
Malaysia transport update 2025-01-20
There are 5 comments in total
author
reply
Show 3 replies
Say something",No disruption observed and transfer between lines completed without waiting at Masjid Jamek People shared regular commute and station photos No emergency notice was posted Malaysia transport update 2025 01 20 There are 5 comments in total author reply Show 3 replies Say something,0,normal_no_incident,synthetic_mock
mrtkajang问题 - 小红书搜索 - Google Chrome,1694,mock_post_1694.png,mrtkajang问题 - 小红书搜索 - Google Chrome,2026-02-23T12:14:00,"Rapid commuter diary
focus on
Rapid KL announced temporary service disruption between KLCC and Gombak with shuttle support at KLCC.
Passengers shared delay slip and crowding evidence during rush hour
Rapid KL staff guided queue and temporary shuttle arrangement
There are 4 comments in total
author
reply
Show 1 replies
Say something",Rapid KL announced temporary service disruption between KLCC and Gombak with shuttle support at KLCC Passengers shared delay slip and crowding evidence during rush hour Rapid KL staff guided queue and temporary shuttle arrangement There are 4 comments in total author reply Show 1 replies Say something,1,incident_service_disruption,synthetic_mock
🇲🇾LRT KelanajayaLine通告，列车降速 - 小红书 - Google Chrome,1695,mock_post_1695.png,🇲🇾LRT KelanajayaLine通告，列车降速 - 小红书 - Google Chrome,2026-02-23T12:15:00,"Leisurely kitten
focus on
General city transport post not related to outage or malfunction at Kelana Jaya.
People shared regular commute and station photos
No emergency notice was posted
Malaysia transport update 2026-05-28
There are 7 comments in total
author
reply
Show 3 replies
Say something",General city transport post not related to outage or malfunction at Kelana Jaya People shared regular commute and station photos No emergency notice was posted Malaysia transport update 2026 05 28 There are 7 comments in total author reply Show 3 replies Say something,0,normal_general,synthetic_mock
lrtkelanajaya故障 - 小红书搜索 - Google Chrome,1696,mock_post_1696.png,lrtkelanajaya故障 - 小红书搜索 - Google Chrome,2026-02-23T12:16:00,"Leisurely kitten
focus on
Kelana Jaya line maintenance phase affected frequency and caused crowding at stations at Kelana Jaya.
Passengers shared delay slip and crowding evidence during rush hour
Rapid KL staff guided queue and temporary shuttle arrangement
There are 11 comments in total
author
reply
Show 3 replies
Say something",Kelana Jaya line maintenance phase affected frequency and caused crowding at stations at Kelana Jaya Passengers shared delay slip and crowding evidence during rush hour Rapid KL staff guided queue and temporary shuttle arrangement There are 11 comments in total author reply Show 3 replies Say something,1,incident_maintenance_impact,synthetic_mock
lrtkelanajaya线 - 小红书搜索 - Google Chrome,1697,mock_post_1697.png,lrtkelanajaya线 - 小红书搜索 - Google Chrome,2026-02-23T12:17:00,"Little Red Potato 66A1
focus on
Routine travel post about route tips and fare sharing at Putra Heights.
People shared regular commute and station photos
No emergency notice was posted
Malaysia transport update 2026-07-14
There are 2 comments in total
author
reply
Show 1 replies
Say something",Routine travel post about route tips and fare sharing at Putra Heights People shared regular commute and station photos No emergency notice was posted Malaysia transport update 2026 07 14 There are 2 comments in total author reply Show 1 replies Say something,0,normal_travel_tip,synthetic_mock
lrtkelanajaya线 - 小红书搜索 - Google Chrome,1698,mock_post_1698.png,lrtkelanajaya线 - 小红书搜索 - Google Chrome,2026-02-23T12:18:00,"City transit watcher
focus on
Passengers were asked to get off at Pasar Seni due to train fault and wait for replacement at Pasar Seni.
Passengers shared delay slip and crowding evidence during rush hour
Rapid KL staff guided queue and temporary shuttle arrangement
Malaysia transport update 2024-08-02
There are 9 comments in total
author
reply
Show 3 replies
Say something",Passengers were asked to get off at Pasar Seni due to train fault and wait for replacement at Pasar Seni Passengers shared delay slip and crowding evidence during rush hour Rapid KL staff guided queue and temporary shuttle arrangement Malaysia transport update 2024 08 02 There are 9 comments in total author reply Show 3 replies Say something,1,incident_train_fault,synthetic_mock
mrt fault - 小红书搜索 - Google Chrome,1699,mock_post_1699.png,mrt fault - 小红书搜索 - Google Chrome,2026-02-23T12:19:00,"Rapid commuter diary
focus on
General city transport post not related to outage or malfunction at Masjid Jamek.
People shared regular commute and station photos
No emergency notice was posted
Malaysia transport update 2026-01-10
There are 9 comments in total
author
reply
Show 3 replies
Say something",General city transport post not related to outage or malfunction at Masjid Jamek People shared regular commute and station photos No emergency notice was posted Malaysia transport update 2026 01 10 There are 9 comments in total author reply Show 3 replies Say something,0,normal_general,synthetic_mock
mrtkajang问题 - 小红书搜索 - Google Chrome,1700,mock_post_1700.png,mrtkajang问题 - 小红书搜索 - Google Chrome,2026-02-23T12:20:00,"Rapid commuter diary
focus on
LRT Kelana Jaya line had a signaling issue during peak hour and trains moved slowly at Putra Heights.
Passengers shared delay slip and crowding evidence during rush hour
Rapid KL staff guided queue and temporary shuttle arrangement
There are 3 comments in total
author
reply
Show 3 replies
Say something",LRT Kelana Jaya line had a signaling issue during peak hour and trains moved slowly at Putra Heights Passengers shared delay slip and crowding evidence during rush hour Rapid KL staff guided queue and temporary shuttle arrangement There are 3 comments in total author reply Show 3 replies Say something,1,incident_breakdown,synthetic_mock
lrt is bad again - Xiaohongshu search - Google Chrome,1701,mock_post_1701.png,lrt is bad again - Xiaohongshu search - Google Chrome,2026-02-23T12:21:00,"Xiaoxuan Talk Malaysia Official
focus on
Normal operation resumed and train intervals are back to schedule at KLCC.
People shared regular commute and station photos
No emergency notice was posted
Malaysia transport update 2024-03-11
There are 1 comments in total
author
reply
Show 1 replies
Say something",Normal operation resumed and train intervals are back to schedule at KLCC People shared regular commute and station photos No emergency notice was posted Malaysia transport update 2024 03 11 There are 1 comments in total author reply Show 1 replies Say something,0,normal_operation,synthetic_mock
lrtkelanajaya故障 - 小红书搜索 - Google Chrome,1702,mock_post_1702.png,lrtkelanajaya故障 - 小红书搜索 - Google Chrome,2026-02-23T12:22:00,"Rapid commuter diary
focus on
Rapid KL announced temporary service disruption between KLCC and Gombak with shuttle support at Putra Heights.
Passengers shared delay slip and crowding evidence during rush hour
Rapid KL staff guided queue and temporary shuttle arrangement
Malaysia transport update 2026-04-10
There are 7 comments in total
author
reply
Show 3 replies
Say something",Rapid KL announced temporary service disruption between KLCC and Gombak with shuttle support at Putra Heights Passengers shared delay slip and crowding evidence during rush hour Rapid KL staff guided queue and temporary shuttle arrangement Malaysia transport update 2026 04 10 There are 7 comments in total author reply Show 3 replies Say something,1,incident_service_disruption,synthetic_mock
lrtkelanajaya故障 - 小红书搜索 - Google Chrome,1703,mock_post_1703.png,lrtkelanajaya故障 - 小红书搜索 - Google Chrome,2026-02-23T12:23:00,"Rapid commuter diary
focus on
Commuting to work was smooth and station crowd level was manageable today at Kelana Jaya.
People shared regular commute and station photos
No emergency notice was posted
There are 6 comments in total
author
reply
Show 2 replies
Say something",Commuting to work was smooth and station crowd level was manageable today at Kelana Jaya People shared regular commute and station photos No emergency notice was posted There are 6 comments in total author reply Show 2 replies Say something,0,normal_commute,synthetic_mock
mrt - 小红书搜索 - Google Chrome,1704,mock_post_1704.png,mrt - 小红书搜索 - Google Chrome,2026-02-23T12:24:00,"Rapid commuter diary
focus on
Passengers were asked to get off at Pasar Seni due to train fault and wait for replacement at Putra Heights.
Passengers shared delay slip and crowding evidence during rush hour
Rapid KL staff guided queue and temporary shuttle arrangement
Malaysia transport update 2024-05-07
There are 6 comments in total
author
reply
Show 2 replies
Say something",Passengers were asked to get off at Pasar Seni due to train fault and wait for replacement at Putra Heights Passengers shared delay slip and crowding evidence during rush hour Rapid KL staff guided queue and temporary shuttle arrangement Malaysia transport update 2024 05 07 There are 6 comments in total author reply Show 2 replies Say something,1,incident_train_fault,synthetic_mock
地铁 马来西亚 - 小红书搜索 - Google Chrome,1705,mock_post_1705.png,地铁 马来西亚 - 小红书搜索 - Google Chrome,2026-02-23T12:25:00,"Leisurely kitten
focus on
General city transport post not related to outage or malfunction at Ampang Park.
People shared regular commute and station photos
No emergency notice was posted
Malaysia transport update 2025-10-12
There are 12 comments in total
author
reply
Show 3 replies
Say something",General city transport post not related to outage or malfunction at Ampang Park People shared regular commute and station photos No emergency notice was posted Malaysia transport update 2025 10 12 There are 12 comments in total author reply Show 3 replies Say something,0,normal_general,synthetic_mock
地铁 马来西亚 - 小红书搜索 - Google Chrome,1706,mock_post_1706.png,地铁 马来西亚 - 小红书搜索 - Google Chrome,2026-02-23T12:26:00,"Xiaoxuan Talk Malaysia Official
focus on
Power trip caused brief outage and service resumed after technicians completed repair at Pasar Seni.
Passengers shared delay slip and crowding evidence during rush hour
Rapid KL staff guided queue and temporary shuttle arrangement
There are 13 comments in total
author
reply
Show 1 replies
Say something",Power trip caused brief outage and service resumed after technicians completed repair at Pasar Seni Passengers shared delay slip and crowding evidence during rush hour Rapid KL staff guided queue and temporary shuttle arrangement There are 13 comments in total author reply Show 1 replies Say something,1,incident_power_outage,synthetic_mock
mrt fault - 小红书搜索 - Google Chrome,1707,mock_post_1707.png,mrt fault - 小红书搜索 - Google Chrome,2026-02-23T12:27:00,"City transit watcher
focus on
Routine travel post about route tips and fare sharing at Universiti.
People shared regular commute and station photos
No emergency notice was posted
Malaysia transport update 2026-11-26
There are 10 comments in total
author
reply
Show 1 replies
Say something",Routine travel post about route tips and fare sharing at Universiti People shared regular commute and station photos No emergency notice was posted Malaysia transport update 2026 11 26 There are 10 comments in total author reply Show 1 replies Say something,0,normal_travel_tip,synthetic_mock
地铁 马来西亚 - 小红书搜索 - Google Chrome,1708,mock_post_1708.png,地铁 马来西亚 - 小红书搜索 - Google Chrome,2026-02-23T12:28:00,"Little Red Potato 66A1
focus on
Kelana Jaya line maintenance phase affected frequency and caused crowding at stations at Masjid Jamek.
Passengers shared delay slip and crowding evidence during rush hour
Rapid KL staff guided queue and temporary shuttle arrangement
There are 9 comments in total
author
reply
Show 1 replies
Say something",Kelana Jaya line maintenance phase affected frequency and caused crowding at stations at Masjid Jamek Passengers shared delay slip and crowding evidence during rush hour Rapid KL staff guided queue and temporary shuttle arrangement There are 9 comments in total author reply Show 1 replies Say something,1,incident_maintenance_impact,synthetic_mock
lrtkelanajaya故障 - 小红书搜索 - Google Chrome,1709,mock_post_1709.png,lrtkelanajaya故障 - 小红书搜索 - Google Chrome,2026-02-23T12:29:00,"Ootashi store
focus on
Service update says all lines are stable with no major delay this morning at Gombak.
People shared regular commute and station photos
No emergency notice was posted
Malaysia transport update 2024-02-17
There are 6 comments in total
author
reply
Show 2 replies
Say something",Service update says all lines are stable with no major delay this morning at Gombak People shared regular commute and station photos No emergency notice was posted Malaysia transport update 2024 02 17 There are 6 comments in total author reply Show 2 replies Say something,0,normal_update,synthetic_mock
lrt klcc - 小红书搜索 - Google Chrome,1710,mock_post_1710.png,lrt klcc - 小红书搜索 - Google Chrome,2026-02-23T12:30:00,"Leisurely kitten
focus on
Power trip caused brief outage and service resumed after technicians completed repair at KL Sentral.
Passengers shared delay slip and crowding evidence during rush hour
Rapid KL staff guided queue and temporary shuttle arrangement
Malaysia transport update 2025-11-19
There are 2 comments in total
author
reply
Show 2 replies
Say something",Power trip caused brief outage and service resumed after technicians completed repair at KL Sentral Passengers shared delay slip and crowding evidence during rush hour Rapid KL staff guided queue and temporary shuttle arrangement Malaysia transport update 2025 11 19 There are 2 comments in total author reply Show 2 replies Say something,1,incident_power_outage,synthetic_mock
mrtkajang问题 - 小红书搜索 - Google Chrome,1711,mock_post_1711.png,mrtkajang问题 - 小红书搜索 - Google Chrome,2026-02-23T12:31:00,"KL daily commuter
focus on
General city transport post not related to outage or malfunction at Putra Heights.
People shared regular commute and station photos
No emergency notice was posted
There are 6 comments in total
author
reply
Show 2 replies
Say something",General city transport post not related to outage or malfunction at Putra Heights People shared regular commute and station photos No emergency notice was posted There are 6 comments in total author reply Show 2 replies Say something,0,normal_general,synthetic_mock
mrt - 小红书搜索 - Google Chrome,1712,mock_post_1712.png,mrt - 小红书搜索 - Google Chrome,2026-02-23T12:32:00,"City transit watcher
focus on
Commuters reported long queue and train delay after track maintenance at Universiti station at Putra Heights.
Passengers shared delay slip and crowding evidence during rush hour
Rapid KL staff guided queue and temporary shuttle arrangement
There are 6 comments in total
author
reply
Show 2 replies
Say something",Commuters reported long queue and train delay after track maintenance at Universiti station at Putra Heights Passengers shared delay slip and crowding evidence during rush hour Rapid KL staff guided queue and temporary shuttle arrangement There are 6 comments in total author reply Show 2 replies Say something,1,incident_delay,synthetic_mock
🇲🇾LRT KelanajayaLine通告，列车降速 - 小红书 - Google Chrome,1713,mock_post_1713.png,🇲🇾LRT KelanajayaLine通告，列车降速 - 小红书 - Google Chrome,2026-02-23T12:33:00,"Little Red Potato 66A1
focus on
Service update says all lines are stable with no major delay this morning at Ampang Park.
People shared regular commute and station photos
No emergency notice was posted
Malaysia transport update 2024-08-26
There are 15 comments in total
author
reply
Show 3 replies
Say something",Service update says all lines are stable with no major delay this morning at Ampang Park People shared regular commute and station photos No emergency notice was posted Malaysia transport update 2024 08 26 There are 15 comments in total author reply Show 3 replies Say something,0,normal_update,synthetic_mock
mrt fault - 小红书搜索 - Google Chrome,1714,mock_post_1714.png,mrt fault - 小红书搜索 - Google Chrome,2026-02-23T12:34:00,"City transit watcher
focus on
Kelana Jaya line maintenance phase affected frequency and caused crowding at stations at Wangsa Maju.
Passengers shared delay slip and crowding evidence during rush hour
Rapid KL staff guided queue and temporary shuttle arrangement
Malaysia transport update 2024-05-24
There are 12 comments in total
author
reply
Show 3 replies
Say something",Kelana Jaya line maintenance phase affected frequency and caused crowding at stations at Wangsa Maju Passengers shared delay slip and crowding evidence during rush hour Rapid KL staff guided queue and temporary shuttle arrangement Malaysia transport update 2024 05 24 There are 12 comments in total author reply Show 3 replies Say something,1,incident_maintenance_impact,synthetic_mock
mrt - 小红书搜索 - Google Chrome,1715,mock_post_1715.png,mrt - 小红书搜索 - Google Chrome,2026-02-23T12:35:00,"Leisurely kitten
focus on
No disruption observed and transfer between lines completed without waiting at Wangsa Maju.
People shared regular commute and station photos
No emergency notice was posted
Malaysia transport update 2024-09-04
There are 14 comments in total
author
reply
Show 2 replies
Say something",No disruption observed and transfer between lines completed without waiting at Wangsa Maju People shared regular commute and station photos No emergency notice was posted Malaysia transport update 2024 09 04 There are 14 comments in total author reply Show 2 replies Say something,0,normal_no_incident,synthetic_mock
🇲🇾LRT KelanajayaLine通告，列车降速 - 小红书 - Google Chrome,1716,mock_post_1716.png,🇲🇾LRT KelanajayaLine通告，列车降速 - 小红书 - Google Chrome,2026-02-23T12:36:00,"Little Red Potato 66A1
focus on
Passengers were asked to get off at Pasar Seni due to train fault and wait for replacement at Wangsa Maju.
Passengers shared delay slip and crowding evidence during rush hour
Rapid KL staff guided queue and temporary shuttle arrangement
Malaysia transport update 2026-03-10
There are 17 comments in total
author
reply
Show 1 replies
Say something",Passengers were asked to get off at Pasar Seni due to train fault and wait for replacement at Wangsa Maju Passengers shared delay slip and crowding evidence during rush hour Rapid KL staff guided queue and temporary shuttle arrangement Malaysia transport update 2026 03 10 There are 17 comments in total author reply Show 1 replies Say something,1,incident_train_fault,synthetic_mock
mrtkajang问题 - 小红书搜索 - Google Chrome,1717,mock_post_1717.png,mrtkajang问题 - 小红书搜索 - Google Chrome,2026-02-23T12:37:00,"City transit watcher
focus on
Service update says all lines are stable with no major delay this morning at Pasar Seni.
People shared regular commute and station photos
No emergency notice was posted
Malaysia transport update 2024-02-10
There are 5 comments in total
author
reply
Show 2 replies
Say something",Service update says all lines are stable with no major delay this morning at Pasar Seni People shared regular commute and station photos No emergency notice was posted Malaysia transport update 2024 02 10 There are 5 comments in total author reply Show 2 replies Say something,0,normal_update,synthetic_mock
lrt klcc - 小红书搜索 - Google Chrome,1718,mock_post_1718.png,lrt klcc - 小红书搜索 - Google Chrome,2026-02-23T12:38:00,"Rapid commuter diary
focus on
Power trip caused brief outage and service resumed after technicians completed repair at Pasar Seni.
Passengers shared delay slip and crowding evidence during rush hour
Rapid KL staff guided queue and temporary shuttle arrangement
Malaysia transport update 2024-04-06
There are 10 comments in total
author
reply
Show 2 replies
Say something",Power trip caused brief outage and service resumed after technicians completed repair at Pasar Seni Passengers shared delay slip and crowding evidence during rush hour Rapid KL staff guided queue and temporary shuttle arrangement Malaysia transport update 2024 04 06 There are 10 comments in total author reply Show 2 replies Say something,1,incident_power_outage,synthetic_mock
地铁 马来西亚 - 小红书搜索 - Google Chrome,1719,mock_post_1719.png,地铁 马来西亚 - 小红书搜索 - Google Chrome,2026-02-23T12:39:00,"KL daily commuter
focus on
Service update says all lines are stable with no major delay this morning at Universiti.
People shared regular commute and station photos
No emergency notice was posted
Malaysia transport update 2024-12-08
There are 5 comments in total
author
reply
Show 3 replies
Say something",Service update says all lines are stable with no major delay this morning at Universiti People shared regular commute and station photos No emergency notice was posted Malaysia transport update 2024 12 08 There are 5 comments in total author reply Show 3 replies Say something,0,normal_update,synthetic_mock
lrtkelanajaya线 - 小红书搜索 - Google Chrome,1720,mock_post_1720.png,lrtkelanajaya线 - 小红书搜索 - Google Chrome,2026-02-23T12:40:00,"Rapid commuter diary
focus on
Commuters reported long queue and train delay after track maintenance at Universiti station at Kelana Jaya.
Passengers shared delay slip and crowding evidence during rush hour
Rapid KL staff guided queue and temporary shuttle arrangement
Malaysia transport update 2024-08-18
There are 13 comments in total
author
reply
Show 3 replies
Say something",Commuters reported long queue and train delay after track maintenance at Universiti station at Kelana Jaya Passengers shared delay slip and crowding evidence during rush hour Rapid KL staff guided queue and temporary shuttle arrangement Malaysia transport update 2024 08 18 There are 13 comments in total author reply Show 3 replies Say something,1,incident_delay,synthetic_mock
lrtkelanajaya故障 - 小红书搜索 - Google Chrome,1721,mock_post_1721.png,lrtkelanajaya故障 - 小红书搜索 - Google Chrome,2026-02-23T12:41:00,"KL daily commuter
focus on
No disruption observed and transfer between lines completed without waiting at Wangsa Maju.
People shared regular commute and station photos
No emergency notice was posted
Malaysia transport update 2024-02-13
There are 5 comments in total
author
reply
Show 2 replies
Say something",No disruption observed and transfer between lines completed without waiting at Wangsa Maju People shared regular commute and station photos No emergency notice was posted Malaysia transport update 2024 02 13 There are 5 comments in total author reply Show 2 replies Say something,0,normal_no_incident,synthetic_mock
mrt kajang - 小红书搜索 - Google Chrome,1722,mock_post_1722.png,mrt kajang - 小红书搜索 - Google Chrome,2026-02-23T12:42:00,"Leisurely kitten
focus on
Power trip caused brief outage and service resumed after technicians completed repair at Putra Heights.
Passengers shared delay slip and crowding evidence during rush hour
Rapid KL staff guided queue and temporary shuttle arrangement
There are 14 comments in total
author
reply
Show 3 replies
Say something",Power trip caused brief outage and service resumed after technicians completed repair at Putra Heights Passengers shared delay slip and crowding evidence during rush hour Rapid KL staff guided queue and temporary shuttle arrangement There are 14 comments in total author reply Show 3 replies Say something,1,incident_power_outage,synthetic_mock
lrtkelanajaya故障 - 小红书搜索 - Google Chrome,1723,mock_post_1723.png,lrtkelanajaya故障 - 小红书搜索 - Google Chrome,2026-02-23T12:43:00,"Leisurely kitten
focus on
Routine travel post about route tips and fare sharing at KLCC.
People shared regular commute and station photos
No emergency notice was posted
Malaysia transport update 2026-10-01
There are 8 comments in total
author
reply
Show 3 replies
Say something",Routine travel post about route tips and fare sharing at KLCC People shared regular commute and station photos No emergency notice was posted Malaysia transport update 2026 10 01 There are 8 comments in total author reply Show 3 replies Say something,0,normal_travel_tip,synthetic_mock
🇲🇾LRT停运 注意了‼️ - 小红书 - Google Chrome,1724,mock_post_1724.png,🇲🇾LRT停运 注意了‼️ - 小红书 - Google Chrome,2026-02-23T12:44:00,"Leisurely kitten
focus on
Rapid KL announced temporary service disruption between KLCC and Gombak with shuttle support at Putra Heights.
Passengers shared delay slip and crowding evidence during rush hour
Rapid KL staff guided queue and temporary shuttle arrangement
Malaysia transport update 2024-10-20
There are 13 comments in total
author
reply
Show 1 replies
Say something",Rapid KL announced temporary service disruption between KLCC and Gombak with shuttle support at Putra Heights Passengers shared delay slip and crowding evidence during rush hour Rapid KL staff guided queue and temporary shuttle arrangement Malaysia transport update 2024 10 20 There are 13 comments in total author reply Show 1 replies Say something,1,incident_service_disruption,synthetic_mock
mrt kajang - 小红书搜索 - Google Chrome,1725,mock_post_1725.png,mrt kajang - 小红书搜索 - Google Chrome,2026-02-23T12:45:00,"Rapid commuter diary
focus on
Service update says all lines are stable with no major delay this morning at Pasar Seni.
People shared regular commute and station photos
No emergency notice was posted
Malaysia transport update 2024-05-14
There are 3 comments in total
author
reply
Show 2 replies
Say something",Service update says all lines are stable with no major delay this morning at Pasar Seni People shared regular commute and station photos No emergency notice was posted Malaysia transport update 2024 05 14 There are 3 comments in total author reply Show 2 replies Say something,0,normal_update,synthetic_mock
mrt - 小红书搜索 - Google Chrome,1726,mock_post_1726.png,mrt - 小红书搜索 - Google Chrome,2026-02-23T12:46:00,"Rapid commuter diary
focus on
Kelana Jaya line maintenance phase affected frequency and caused crowding at stations at Pasar Seni.
Passengers shared delay slip and crowding evidence during rush hour
Rapid KL staff guided queue and temporary shuttle arrangement
Malaysia transport update 2025-07-22
There are 16 comments in total
author
reply
Show 1 replies
Say something",Kelana Jaya line maintenance phase affected frequency and caused crowding at stations at Pasar Seni Passengers shared delay slip and crowding evidence during rush hour Rapid KL staff guided queue and temporary shuttle arrangement Malaysia transport update 2025 07 22 There are 16 comments in total author reply Show 1 replies Say something,1,incident_maintenance_impact,synthetic_mock
🇲🇾LRT停运 注意了‼️ - 小红书 - Google Chrome,1727,mock_post_1727.png,🇲🇾LRT停运 注意了‼️ - 小红书 - Google Chrome,2026-02-23T12:47:00,"Ootashi store
focus on
No disruption observed and transfer between lines completed without waiting at Pasar Seni.
People shared regular commute and station photos
No emergency notice was posted
Malaysia transport update 2026-02-15
There are 3 comments in total
author
reply
Show 2 replies
Say something",No disruption observed and transfer between lines completed without waiting at Pasar Seni People shared regular commute and station photos No emergency notice was posted Malaysia transport update 2026 02 15 There are 3 comments in total author reply Show 2 replies Say something,0,normal_no_incident,synthetic_mock
mrt fault - 小红书搜索 - Google Chrome,1728,mock_post_1728.png,mrt fault - 小红书搜索 - Google Chrome,2026-02-23T12:48:00,"City transit watcher
focus on
Kelana Jaya line maintenance phase affected frequency and caused crowding at stations at KLCC.
Passengers shared delay slip and crowding evidence during rush hour
Rapid KL staff guided queue and temporary shuttle arrangement
There are 1 comments in total
author
reply
Show 1 replies
Say something",Kelana Jaya line maintenance phase affected frequency and caused crowding at stations at KLCC Passengers shared delay slip and crowding evidence during rush hour Rapid KL staff guided queue and temporary shuttle arrangement There are 1 comments in total author reply Show 1 replies Say something,1,incident_maintenance_impact,synthetic_mock
lrt is bad again - Xiaohongshu search - Google Chrome,1729,mock_post_1729.png,lrt is bad again - Xiaohongshu search - Google Chrome,2026-02-23T12:49:00,"Little Red Potato 66A1
focus on
Service update says all lines are stable with no major delay this morning at KL Sentral.
People shared regular commute and station photos
No emergency notice was posted
Malaysia transport update 2025-01-16
There are 13 comments in total
author
reply
Show 2 replies
Say something",Service update says all lines are stable with no major delay this morning at KL Sentral People shared regular commute and station photos No emergency notice was posted Malaysia transport update 2025 01 16 There are 13 comments in total author reply Show 2 replies Say something,0,normal_update,synthetic_mock
mrtkajang问题 - 小红书搜索 - Google Chrome,1730,mock_post_1730.png,mrtkajang问题 - 小红书搜索 - Google Chrome,2026-02-23T12:50:00,"Leisurely kitten
focus on
Commuters reported long queue and train delay after track maintenance at Universiti station at Wangsa Maju.
Passengers shared delay slip and crowding evidence during rush hour
Rapid KL staff guided queue and temporary shuttle arrangement
There are 4 comments in total
author
reply
Show 3 replies
Say something",Commuters reported long queue and train delay after track maintenance at Universiti station at Wangsa Maju Passengers shared delay slip and crowding evidence during rush hour Rapid KL staff guided queue and temporary shuttle arrangement There are 4 comments in total author reply Show 3 replies Say something,1,incident_delay,synthetic_mock
mrt kajang - 小红书搜索 - Google Chrome,1731,mock_post_1731.png,mrt kajang - 小红书搜索 - Google Chrome,2026-02-23T12:51:00,"KL daily commuter
focus on
Routine travel post about route tips and fare sharing at Putra Heights.
People shared regular commute and station photos
No emergency notice was posted
Malaysia transport update 2025-09-12
There are 4 comments in total
author
reply
Show 1 replies
Say something",Routine travel post about route tips and fare sharing at Putra Heights People shared regular commute and station photos No emergency notice was posted Malaysia transport update 2025 09 12 There are 4 comments in total author reply Show 1 replies Say something,0,normal_travel_tip,synthetic_mock
mrt fault - 小红书搜索 - Google Chrome,1732,mock_post_1732.png,mrt fault - 小红书搜索 - Google Chrome,2026-02-23T12:52:00,"KL daily commuter
focus on
Passengers were asked to get off at Pasar Seni due to train fault and wait for replacement at Wangsa Maju.
Passengers shared delay slip and crowding evidence during rush hour
Rapid KL staff guided queue and temporary shuttle arrangement
There are 5 comments in total
author
reply
Show 1 replies
Say something",Passengers were asked to get off at Pasar Seni due to train fault and wait for replacement at Wangsa Maju Passengers shared delay slip and crowding evidence during rush hour Rapid KL staff guided queue and temporary shuttle arrangement There are 5 comments in total author reply Show 1 replies Say something,1,incident_train_fault,synthetic_mock
lrt is bad again - Xiaohongshu search - Google Chrome,1733,mock_post_1733.png,lrt is bad again - Xiaohongshu search - Google Chrome,2026-02-23T12:53:00,"Leisurely kitten
focus on
General city transport post not related to outage or malfunction at KL Sentral.
People shared regular commute and station photos
No emergency notice was posted
Malaysia transport update 2026-12-28
There are 15 comments in total
author
reply
Show 2 replies
Say something",General city transport post not related to outage or malfunction at KL Sentral People shared regular commute and station photos No emergency notice was posted Malaysia transport update 2026 12 28 There are 15 comments in total author reply Show 2 replies Say something,0,normal_general,synthetic_mock
🇲🇾LRT停运 注意了‼️ - 小红书 - Google Chrome,1734,mock_post_1734.png,🇲🇾LRT停运 注意了‼️ - 小红书 - Google Chrome,2026-02-23T12:54:00,"Xiaoxuan Talk Malaysia Official
focus on
Power trip caused brief outage and service resumed after technicians completed repair at Gombak.
Passengers shared delay slip and crowding evidence during rush hour
Rapid KL staff guided queue and temporary shuttle arrangement
Malaysia transport update 2025-08-12
There are 2 comments in total
author
reply
Show 3 replies
Say something",Power trip caused brief outage and service resumed after technicians completed repair at Gombak Passengers shared delay slip and crowding evidence during rush hour Rapid KL staff guided queue and temporary shuttle arrangement Malaysia transport update 2025 08 12 There are 2 comments in total author reply Show 3 replies Say something,1,incident_power_outage,synthetic_mock
mrt - 小红书搜索 - Google Chrome,1735,mock_post_1735.png,mrt - 小红书搜索 - Google Chrome,2026-02-23T12:55:00,"Rapid commuter diary
focus on
Commuting to work was smooth and station crowd level was manageable today at Gombak.
People shared regular commute and station photos
No emergency notice was posted
Malaysia transport update 2025-01-18
There are 9 comments in total
author
reply
Show 1 replies
Say something",Commuting to work was smooth and station crowd level was manageable today at Gombak People shared regular commute and station photos No emergency notice was posted Malaysia transport update 2025 01 18 There are 9 comments in total author reply Show 1 replies Say something,0,normal_commute,synthetic_mock
lrt is bad again - Xiaohongshu search - Google Chrome,1736,mock_post_1736.png,lrt is bad again - Xiaohongshu search - Google Chrome,2026-02-23T12:56:00,"Xiaoxuan Talk Malaysia Official
focus on
Commuters reported long queue and train delay after track maintenance at Universiti station at Wangsa Maju.
Passengers shared delay slip and crowding evidence during rush hour
Rapid KL staff guided queue and temporary shuttle arrangement
Malaysia transport update 2025-11-02
There are 4 comments in total
author
reply
Show 2 replies
Say something",Commuters reported long queue and train delay after track maintenance at Universiti station at Wangsa Maju Passengers shared delay slip and crowding evidence during rush hour Rapid KL staff guided queue and temporary shuttle arrangement Malaysia transport update 2025 11 02 There are 4 comments in total author reply Show 2 replies Say something,1,incident_delay,synthetic_mock
mrtkajang问题 - 小红书搜索 - Google Chrome,1737,mock_post_1737.png,mrtkajang问题 - 小红书搜索 - Google Chrome,2026-02-23T12:57:00,"Ootashi store
focus on
Routine travel post about route tips and fare sharing at Wangsa Maju.
People shared regular commute and station photos
No emergency notice was posted
Malaysia transport update 2026-02-05
There are 5 comments in total
author
reply
Show 3 replies
Say something",Routine travel post about route tips and fare sharing at Wangsa Maju People shared regular commute and station photos No emergency notice was posted Malaysia transport update 2026 02 05 There are 5 comments in total author reply Show 3 replies Say something,0,normal_travel_tip,synthetic_mock
地铁 马来西亚 - 小红书搜索 - Google Chrome,1738,mock_post_1738.png,地铁 马来西亚 - 小红书搜索 - Google Chrome,2026-02-23T12:58:00,"Leisurely kitten
focus on
Power trip caused brief outage and service resumed after technicians completed repair at Gombak.
Passengers shared delay slip and crowding evidence during rush hour
Rapid KL staff guided queue and temporary shuttle arrangement
There are 8 comments in total
author
reply
Show 3 replies
Say something",Power trip caused brief outage and service resumed after technicians completed repair at Gombak Passengers shared delay slip and crowding evidence during rush hour Rapid KL staff guided queue and temporary shuttle arrangement There are 8 comments in total author reply Show 3 replies Say something,1,incident_power_outage,synthetic_mock
地铁 马来西亚 - 小红书搜索 - Google Chrome,1739,mock_post_1739.png,地铁 马来西亚 - 小红书搜索 - Google Chrome,2026-02-23T12:59:00,"Xiaoxuan Talk Malaysia Official
focus on
Routine travel post about route tips and fare sharing at Ampang Park.
People shared regular commute and station photos
No emergency notice was posted
Malaysia transport update 2025-01-05
There are 4 comments in total
author
reply
Show 2 replies
Say something",Routine travel post about route tips and fare sharing at Ampang Park People shared regular commute and station photos No emergency notice was posted Malaysia transport update 2025 01 05 There are 4 comments in total author reply Show 2 replies Say something,0,normal_travel_tip,synthetic_mock
mrt kajang - 小红书搜索 - Google Chrome,1740,mock_post_1740.png,mrt kajang - 小红书搜索 - Google Chrome,2026-02-23T13:00:00,"Leisurely kitten
focus on
Kelana Jaya line maintenance phase affected frequency and caused crowding at stations at KLCC.
Passengers shared delay slip and crowding evidence during rush hour
Rapid KL staff guided queue and temporary shuttle arrangement
There are 10 comments in total
author
reply
Show 2 replies
Say something",Kelana Jaya line maintenance phase affected frequency and caused crowding at stations at KLCC Passengers shared delay slip and crowding evidence during rush hour Rapid KL staff guided queue and temporary shuttle arrangement There are 10 comments in total author reply Show 2 replies Say something,1,incident_maintenance_impact,synthetic_mock
lrtkelanajaya线 - 小红书搜索 - Google Chrome,1741,mock_post_1741.png,lrtkelanajaya线 - 小红书搜索 - Google Chrome,2026-02-23T13:01:00,"City transit watcher
focus on
Normal operation resumed and train intervals are back to schedule at Pasar Seni.
People shared regular commute and station photos
No emergency notice was posted
Malaysia transport update 2026-12-03
There are 14 comments in total
author
reply
Show 1 replies
Say something",Normal operation resumed and train intervals are back to schedule at Pasar Seni People shared regular commute and station photos No emergency notice was posted Malaysia transport update 2026 12 03 There are 14 comments in total author reply Show 1 replies Say something,0,normal_operation,synthetic_mock
lrt is bad again - Xiaohongshu search - Google Chrome,1742,mock_post_1742.png,lrt is bad again - Xiaohongshu search - Google Chrome,2026-02-23T13:02:00,"Leisurely kitten
focus on
Passengers were asked to get off at Pasar Seni due to train fault and wait for replacement at Gombak.
Passengers shared delay slip and crowding evidence during rush hour
Rapid KL staff guided queue and temporary shuttle arrangement
There are 18 comments in total
author
reply
Show 1 replies
Say something",Passengers were asked to get off at Pasar Seni due to train fault and wait for replacement at Gombak Passengers shared delay slip and crowding evidence during rush hour Rapid KL staff guided queue and temporary shuttle arrangement There are 18 comments in total author reply Show 1 replies Say something,1,incident_train_fault,synthetic_mock
地铁 马来西亚 - 小红书搜索 - Google Chrome,1743,mock_post_1743.png,地铁 马来西亚 - 小红书搜索 - Google Chrome,2026-02-23T13:03:00,"Rapid commuter diary
focus on
Commuting to work was smooth and station crowd level was manageable today at KL Sentral.
People shared regular commute and station photos
No emergency notice was posted
Malaysia transport update 2025-05-24
There are 6 comments in total
author
reply
Show 2 replies
Say something",Commuting to work was smooth and station crowd level was manageable today at KL Sentral People shared regular commute and station photos No emergency notice was posted Malaysia transport update 2025 05 24 There are 6 comments in total author reply Show 2 replies Say something,0,normal_commute,synthetic_mock
mrt kajang - 小红书搜索 - Google Chrome,1744,mock_post_1744.png,mrt kajang - 小红书搜索 - Google Chrome,2026-02-23T13:04:00,"Little Red Potato 66A1
focus on
Kelana Jaya line maintenance phase affected frequency and caused crowding at stations at Kelana Jaya.
Passengers shared delay slip and crowding evidence during rush hour
Rapid KL staff guided queue and temporary shuttle arrangement
Malaysia transport update 2024-11-10
There are 9 comments in total
author
reply
Show 1 replies
Say something",Kelana Jaya line maintenance phase affected frequency and caused crowding at stations at Kelana Jaya Passengers shared delay slip and crowding evidence during rush hour Rapid KL staff guided queue and temporary shuttle arrangement Malaysia transport update 2024 11 10 There are 9 comments in total author reply Show 1 replies Say something,1,incident_maintenance_impact,synthetic_mock
🇲🇾LRT停运 注意了‼️ - 小红书 - Google Chrome,1745,mock_post_1745.png,🇲🇾LRT停运 注意了‼️ - 小红书 - Google Chrome,2026-02-23T13:05:00,"KL daily commuter
focus on
Service update says all lines are stable with no major delay this morning at Kelana Jaya.
People shared regular commute and station photos
No emergency notice was posted
Malaysia transport update 2024-05-09
There are 15 comments in total
author
reply
Show 3 replies
Say something",Service update says all lines are stable with no major delay this morning at Kelana Jaya People shared regular commute and station photos No emergency notice was posted Malaysia transport update 2024 05 09 There are 15 comments in total author reply Show 3 replies Say something,0,normal_update,synthetic_mock
mrt - 小红书搜索 - Google Chrome,1746,mock_post_1746.png,mrt - 小红书搜索 - Google Chrome,2026-02-23T13:06:00,"Ootashi store
focus on
Commuters reported long queue and train delay after track maintenance at Universiti station at KLCC.
Passengers shared delay slip and crowding evidence during rush hour
Rapid KL staff guided queue and temporary shuttle arrangement
Malaysia transport update 2026-06-08
There are 3 comments in total
author
reply
Show 3 replies
Say something",Commuters reported long queue and train delay after track maintenance at Universiti station at KLCC Passengers shared delay slip and crowding evidence during rush hour Rapid KL staff guided queue and temporary shuttle arrangement Malaysia transport update 2026 06 08 There are 3 comments in total author reply Show 3 replies Say something,1,incident_delay,synthetic_mock
mrt kajang - 小红书搜索 - Google Chrome,1747,mock_post_1747.png,mrt kajang - 小红书搜索 - Google Chrome,2026-02-23T13:07:00,"KL daily commuter
focus on
General city transport post not related to outage or malfunction at KL Sentral.
People shared regular commute and station photos
No emergency notice was posted
Malaysia transport update 2025-11-20
There are 11 comments in total
author
reply
Show 3 replies
Say something",General city transport post not related to outage or malfunction at KL Sentral People shared regular commute and station photos No emergency notice was posted Malaysia transport update 2025 11 20 There are 11 comments in total author reply Show 3 replies Say something,0,normal_general,synthetic_mock
mrtkajang问题 - 小红书搜索 - Google Chrome,1748,mock_post_1748.png,mrtkajang问题 - 小红书搜索 - Google Chrome,2026-02-23T13:08:00,"Xiaoxuan Talk Malaysia Official
focus on
Power trip caused brief outage and service resumed after technicians completed repair at Masjid Jamek.
Passengers shared delay slip and crowding evidence during rush hour
Rapid KL staff guided queue and temporary shuttle arrangement
Malaysia transport update 2025-06-27
There are 15 comments in total
author
reply
Show 1 replies
Say something",Power trip caused brief outage and service resumed after technicians completed repair at Masjid Jamek Passengers shared delay slip and crowding evidence during rush hour Rapid KL staff guided queue and temporary shuttle arrangement Malaysia transport update 2025 06 27 There are 15 comments in total author reply Show 1 replies Say something,1,incident_power_outage,synthetic_mock
lrt is bad again - Xiaohongshu search - Google Chrome,1749,mock_post_1749.png,lrt is bad again - Xiaohongshu search - Google Chrome,2026-02-23T13:09:00,"Ootashi store
focus on
General city transport post not related to outage or malfunction at Ampang Park.
People shared regular commute and station photos
No emergency notice was posted
Malaysia transport update 2024-11-13
There are 9 comments in total
author
reply
Show 2 replies
Say something",General city transport post not related to outage or malfunction at Ampang Park People shared regular commute and station photos No emergency notice was posted Malaysia transport update 2024 11 13 There are 9 comments in total author reply Show 2 replies Say something,0,normal_general,synthetic_mock
lrt klcc - 小红书搜索 - Google Chrome,1750,mock_post_1750.png,lrt klcc - 小红书搜索 - Google Chrome,2026-02-23T13:10:00,"Xiaoxuan Talk Malaysia Official
focus on
Kelana Jaya line maintenance phase affected frequency and caused crowding at stations at KL Sentral.
Passengers shared delay slip and crowding evidence during rush hour
Rapid KL staff guided queue and temporary shuttle arrangement
There are 18 comments in total
author
reply
Show 2 replies
Say something",Kelana Jaya line maintenance phase affected frequency and caused crowding at stations at KL Sentral Passengers shared delay slip and crowding evidence during rush hour Rapid KL staff guided queue and temporary shuttle arrangement There are 18 comments in total author reply Show 2 replies Say something,1,incident_maintenance_impact,synthetic_mock
lrtkelanajaya故障 - 小红书搜索 - Google Chrome,1751,mock_post_1751.png,lrtkelanajaya故障 - 小红书搜索 - Google Chrome,2026-02-23T13:11:00,"Leisurely kitten
focus on
Service update says all lines are stable with no major delay this morning at Masjid Jamek.
People shared regular commute and station photos
No emergency notice was posted
Malaysia transport update 2025-08-22
There are 15 comments in total
author
reply
Show 1 replies
Say something",Service update says all lines are stable with no major delay this morning at Masjid Jamek People shared regular commute and station photos No emergency notice was posted Malaysia transport update 2025 08 22 There are 15 comments in total author reply Show 1 replies Say something,0,normal_update,synthetic_mock
lrt is bad again - Xiaohongshu search - Google Chrome,1752,mock_post_1752.png,lrt is bad again - Xiaohongshu search - Google Chrome,2026-02-23T13:12:00,"Ootashi store
focus on
Passengers were asked to get off at Pasar Seni due to train fault and wait for replacement at KL Sentral.
Passengers shared delay slip and crowding evidence during rush hour
Rapid KL staff guided queue and temporary shuttle arrangement
There are 14 comments in total
author
reply
Show 2 replies
Say something",Passengers were asked to get off at Pasar Seni due to train fault and wait for replacement at KL Sentral Passengers shared delay slip and crowding evidence during rush hour Rapid KL staff guided queue and temporary shuttle arrangement There are 14 comments in total author reply Show 2 replies Say something,1,incident_train_fault,synthetic_mock
🇲🇾LRT KelanajayaLine通告，列车降速 - 小红书 - Google Chrome,1753,mock_post_1753.png,🇲🇾LRT KelanajayaLine通告，列车降速 - 小红书 - Google Chrome,2026-02-23T13:13:00,"City transit watcher
focus on
Commuting to work was smooth and station crowd level was manageable today at Masjid Jamek.
People shared regular commute and station photos
No emergency notice was posted
Malaysia transport update 2024-07-18
There are 5 comments in total
author
reply
Show 2 replies
Say something",Commuting to work was smooth and station crowd level was manageable today at Masjid Jamek People shared regular commute and station photos No emergency notice was posted Malaysia transport update 2024 07 18 There are 5 comments in total author reply Show 2 replies Say something,0,normal_commute,synthetic_mock
mrt kajang - 小红书搜索 - Google Chrome,1754,mock_post_1754.png,mrt kajang - 小红书搜索 - Google Chrome,2026-02-23T13:14:00,"Rapid commuter diary
focus on
LRT Kelana Jaya line had a signaling issue during peak hour and trains moved slowly at KLCC.
Passengers shared delay slip and crowding evidence during rush hour
Rapid KL staff guided queue and temporary shuttle arrangement
Malaysia transport update 2024-10-10
There are 6 comments in total
author
reply
Show 1 replies
Say something",LRT Kelana Jaya line had a signaling issue during peak hour and trains moved slowly at KLCC Passengers shared delay slip and crowding evidence during rush hour Rapid KL staff guided queue and temporary shuttle arrangement Malaysia transport update 2024 10 10 There are 6 comments in total author reply Show 1 replies Say something,1,incident_breakdown,synthetic_mock
mrt - 小红书搜索 - Google Chrome,1755,mock_post_1755.png,mrt - 小红书搜索 - Google Chrome,2026-02-23T13:15:00,"Leisurely kitten
focus on
Routine travel post about route tips and fare sharing at Wangsa Maju.
People shared regular commute and station photos
No emergency notice was posted
There are 14 comments in total
author
reply
Show 3 replies
Say something",Routine travel post about route tips and fare sharing at Wangsa Maju People shared regular commute and station photos No emergency notice was posted There are 14 comments in total author reply Show 3 replies Say something,0,normal_travel_tip,synthetic_mock
地铁 马来西亚 - 小红书搜索 - Google Chrome,1756,mock_post_1756.png,地铁 马来西亚 - 小红书搜索 - Google Chrome,2026-02-23T13:16:00,"City transit watcher
focus on
Commuters reported long queue and train delay after track maintenance at Universiti station at Putra Heights.
Passengers shared delay slip and crowding evidence during rush hour
Rapid KL staff guided queue and temporary shuttle arrangement
Malaysia transport update 2026-11-25
There are 11 comments in total
author
reply
Show 3 replies
Say something",Commuters reported long queue and train delay after track maintenance at Universiti station at Putra Heights Passengers shared delay slip and crowding evidence during rush hour Rapid KL staff guided queue and temporary shuttle arrangement Malaysia transport update 2026 11 25 There are 11 comments in total author reply Show 3 replies Say something,1,incident_delay,synthetic_mock
mrt - 小红书搜索 - Google Chrome,1757,mock_post_1757.png,mrt - 小红书搜索 - Google Chrome,2026-02-23T13:17:00,"Ootashi store
focus on
Routine travel post about route tips and fare sharing at Wangsa Maju.
People shared regular commute and station photos
No emergency notice was posted
There are 16 comments in total
author
reply
Show 2 replies
Say something",Routine travel post about route tips and fare sharing at Wangsa Maju People shared regular commute and station photos No emergency notice was posted There are 16 comments in total author reply Show 2 replies Say something,0,normal_travel_tip,synthetic_mock
🇲🇾LRT停运 注意了‼️ - 小红书 - Google Chrome,1758,mock_post_1758.png,🇲🇾LRT停运 注意了‼️ - 小红书 - Google Chrome,2026-02-23T13:18:00,"KL daily commuter
focus on
Power trip caused brief outage and service resumed after technicians completed repair at Pasar Seni.
Passengers shared delay slip and crowding evidence during rush hour
Rapid KL staff guided queue and temporary shuttle arrangement
Malaysia transport update 2025-01-18
There are 11 comments in total
author
reply
Show 2 replies
Say something",Power trip caused brief outage and service resumed after technicians completed repair at Pasar Seni Passengers shared delay slip and crowding evidence during rush hour Rapid KL staff guided queue and temporary shuttle arrangement Malaysia transport update 2025 01 18 There are 11 comments in total author reply Show 2 replies Say something,1,incident_power_outage,synthetic_mock
mrt kajang - 小红书搜索 - Google Chrome,1759,mock_post_1759.png,mrt kajang - 小红书搜索 - Google Chrome,2026-02-23T13:19:00,"Rapid commuter diary
focus on
Service update says all lines are stable with no major delay this morning at KLCC.
People shared regular commute and station photos
No emergency notice was posted
There are 14 comments in total
author
reply
Show 2 replies
Say something",Service update says all lines are stable with no major delay this morning at KLCC People shared regular commute and station photos No emergency notice was posted There are 14 comments in total author reply Show 2 replies Say something,0,normal_update,synthetic_mock
🇲🇾LRT KelanajayaLine通告，列车降速 - 小红书 - Google Chrome,1760,mock_post_1760.png,🇲🇾LRT KelanajayaLine通告，列车降速 - 小红书 - Google Chrome,2026-02-23T13:20:00,"Little Red Potato 66A1
focus on
Rapid KL announced temporary service disruption between KLCC and Gombak with shuttle support at Kelana Jaya.
Passengers shared delay slip and crowding evidence during rush hour
Rapid KL staff guided queue and temporary shuttle arrangement
Malaysia transport update 2026-10-17
There are 3 comments in total
author
reply
Show 3 replies
Say something",Rapid KL announced temporary service disruption between KLCC and Gombak with shuttle support at Kelana Jaya Passengers shared delay slip and crowding evidence during rush hour Rapid KL staff guided queue and temporary shuttle arrangement Malaysia transport update 2026 10 17 There are 3 comments in total author reply Show 3 replies Say something,1,incident_service_disruption,synthetic_mock
lrt klcc - 小红书搜索 - Google Chrome,1761,mock_post_1761.png,lrt klcc - 小红书搜索 - Google Chrome,2026-02-23T13:21:00,"Xiaoxuan Talk Malaysia Official
focus on
General city transport post not related to outage or malfunction at Wangsa Maju.
People shared regular commute and station photos
No emergency notice was posted
Malaysia transport update 2024-03-19
There are 16 comments in total
author
reply
Show 3 replies
Say something",General city transport post not related to outage or malfunction at Wangsa Maju People shared regular commute and station photos No emergency notice was posted Malaysia transport update 2024 03 19 There are 16 comments in total author reply Show 3 replies Say something,0,normal_general,synthetic_mock
地铁 马来西亚 - 小红书搜索 - Google Chrome,1762,mock_post_1762.png,地铁 马来西亚 - 小红书搜索 - Google Chrome,2026-02-23T13:22:00,"City transit watcher
focus on
Commuters reported long queue and train delay after track maintenance at Universiti station at Kelana Jaya.
Passengers shared delay slip and crowding evidence during rush hour
Rapid KL staff guided queue and temporary shuttle arrangement
There are 13 comments in total
author
reply
Show 3 replies
Say something",Commuters reported long queue and train delay after track maintenance at Universiti station at Kelana Jaya Passengers shared delay slip and crowding evidence during rush hour Rapid KL staff guided queue and temporary shuttle arrangement There are 13 comments in total author reply Show 3 replies Say something,1,incident_delay,synthetic_mock
lrtkelanajaya故障 - 小红书搜索 - Google Chrome,1763,mock_post_1763.png,lrtkelanajaya故障 - 小红书搜索 - Google Chrome,2026-02-23T13:23:00,"Rapid commuter diary
focus on
Service update says all lines are stable with no major delay this morning at Pasar Seni.
People shared regular commute and station photos
No emergency notice was posted
Malaysia transport update 2024-03-16
There are 7 comments in total
author
reply
Show 2 replies
Say something",Service update says all lines are stable with no major delay this morning at Pasar Seni People shared regular commute and station photos No emergency notice was posted Malaysia transport update 2024 03 16 There are 7 comments in total author reply Show 2 replies Say something,0,normal_update,synthetic_mock
lrtkelanajaya故障 - 小红书搜索 - Google Chrome,1764,mock_post_1764.png,lrtkelanajaya故障 - 小红书搜索 - Google Chrome,2026-02-23T13:24:00,"Xiaoxuan Talk Malaysia Official
focus on
Commuters reported long queue and train delay after track maintenance at Universiti station at KLCC.
Passengers shared delay slip and crowding evidence during rush hour
Rapid KL staff guided queue and temporary shuttle arrangement
Malaysia transport update 2025-08-08
There are 15 comments in total
author
reply
Show 1 replies
Say something",Commuters reported long queue and train delay after track maintenance at Universiti station at KLCC Passengers shared delay slip and crowding evidence during rush hour Rapid KL staff guided queue and temporary shuttle arrangement Malaysia transport update 2025 08 08 There are 15 comments in total author reply Show 1 replies Say something,1,incident_delay,synthetic_mock
mrtkajang问题 - 小红书搜索 - Google Chrome,1765,mock_post_1765.png,mrtkajang问题 - 小红书搜索 - Google Chrome,2026-02-23T13:25:00,"City transit watcher
focus on
No disruption observed and transfer between lines completed without waiting at Masjid Jamek.
People shared regular commute and station photos
No emergency notice was posted
Malaysia transport update 2026-06-28
There are 6 comments in total
author
reply
Show 1 replies
Say something",No disruption observed and transfer between lines completed without waiting at Masjid Jamek People shared regular commute and station photos No emergency notice was posted Malaysia transport update 2026 06 28 There are 6 comments in total author reply Show 1 replies Say something,0,normal_no_incident,synthetic_mock
mrtkajang问题 - 小红书搜索 - Google Chrome,1766,mock_post_1766.png,mrtkajang问题 - 小红书搜索 - Google Chrome,2026-02-23T13:26:00,"Xiaoxuan Talk Malaysia Official
focus on
Kelana Jaya line maintenance phase affected frequency and caused crowding at stations at KLCC.
Passengers shared delay slip and crowding evidence during rush hour
Rapid KL staff guided queue and temporary shuttle arrangement
There are 14 comments in total
author
reply
Show 3 replies
Say something",Kelana Jaya line maintenance phase affected frequency and caused crowding at stations at KLCC Passengers shared delay slip and crowding evidence during rush hour Rapid KL staff guided queue and temporary shuttle arrangement There are 14 comments in total author reply Show 3 replies Say something,1,incident_maintenance_impact,synthetic_mock
🇲🇾LRT KelanajayaLine通告，列车降速 - 小红书 - Google Chrome,1767,mock_post_1767.png,🇲🇾LRT KelanajayaLine通告，列车降速 - 小红书 - Google Chrome,2026-02-23T13:27:00,"KL daily commuter
focus on
No disruption observed and transfer between lines completed without waiting at KLCC.
People shared regular commute and station photos
No emergency notice was posted
Malaysia transport update 2025-12-18
There are 4 comments in total
author
reply
Show 3 replies
Say something",No disruption observed and transfer between lines completed without waiting at KLCC People shared regular commute and station photos No emergency notice was posted Malaysia transport update 2025 12 18 There are 4 comments in total author reply Show 3 replies Say something,0,normal_no_incident,synthetic_mock
lrt is bad again - Xiaohongshu search - Google Chrome,1768,mock_post_1768.png,lrt is bad again - Xiaohongshu search - Google Chrome,2026-02-23T13:28:00,"City transit watcher
focus on
Kelana Jaya line maintenance phase affected frequency and caused crowding at stations at Masjid Jamek.
Passengers shared delay slip and crowding evidence during rush hour
Rapid KL staff guided queue and temporary shuttle arrangement
Malaysia transport update 2025-12-02
There are 10 comments in total
author
reply
Show 2 replies
Say something",Kelana Jaya line maintenance phase affected frequency and caused crowding at stations at Masjid Jamek Passengers shared delay slip and crowding evidence during rush hour Rapid KL staff guided queue and temporary shuttle arrangement Malaysia transport update 2025 12 02 There are 10 comments in total author reply Show 2 replies Say something,1,incident_maintenance_impact,synthetic_mock
lrt klcc - 小红书搜索 - Google Chrome,1769,mock_post_1769.png,lrt klcc - 小红书搜索 - Google Chrome,2026-02-23T13:29:00,"City transit watcher
focus on
Commuting to work was smooth and station crowd level was manageable today at Wangsa Maju.
People shared regular commute and station photos
No emergency notice was posted
There are 15 comments in total
author
reply
Show 2 replies
Say something",Commuting to work was smooth and station crowd level was manageable today at Wangsa Maju People shared regular commute and station photos No emergency notice was posted There are 15 comments in total author reply Show 2 replies Say something,0,normal_commute,synthetic_mock
mrt kajang - 小红书搜索 - Google Chrome,1770,mock_post_1770.png,mrt kajang - 小红书搜索 - Google Chrome,2026-02-23T13:30:00,"KL daily commuter
focus on
LRT Kelana Jaya line had a signaling issue during peak hour and trains moved slowly at Pasar Seni.
Passengers shared delay slip and crowding evidence during rush hour
Rapid KL staff guided queue and temporary shuttle arrangement
Malaysia transport update 2026-02-24
There are 6 comments in total
author
reply
Show 2 replies
Say something",LRT Kelana Jaya line had a signaling issue during peak hour and trains moved slowly at Pasar Seni Passengers shared delay slip and crowding evidence during rush hour Rapid KL staff guided queue and temporary shuttle arrangement Malaysia transport update 2026 02 24 There are 6 comments in total author reply Show 2 replies Say something,1,incident_breakdown,synthetic_mock
mrt - 小红书搜索 - Google Chrome,1771,mock_post_1771.png,mrt - 小红书搜索 - Google Chrome,2026-02-23T13:31:00,"Ootashi store
focus on
General city transport post not related to outage or malfunction at Putra Heights.
People shared regular commute and station photos
No emergency notice was posted
There are 16 comments in total
author
reply
Show 1 replies
Say something",General city transport post not related to outage or malfunction at Putra Heights People shared regular commute and station photos No emergency notice was posted There are 16 comments in total author reply Show 1 replies Say something,0,normal_general,synthetic_mock
mrtkajang问题 - 小红书搜索 - Google Chrome,1772,mock_post_1772.png,mrtkajang问题 - 小红书搜索 - Google Chrome,2026-02-23T13:32:00,"City transit watcher
focus on
LRT Kelana Jaya line had a signaling issue during peak hour and trains moved slowly at Putra Heights.
Passengers shared delay slip and crowding evidence during rush hour
Rapid KL staff guided queue and temporary shuttle arrangement
There are 15 comments in total
author
reply
Show 3 replies
Say something",LRT Kelana Jaya line had a signaling issue during peak hour and trains moved slowly at Putra Heights Passengers shared delay slip and crowding evidence during rush hour Rapid KL staff guided queue and temporary shuttle arrangement There are 15 comments in total author reply Show 3 replies Say something,1,incident_breakdown,synthetic_mock
mrt - 小红书搜索 - Google Chrome,1773,mock_post_1773.png,mrt - 小红书搜索 - Google Chrome,2026-02-23T13:33:00,"Leisurely kitten
focus on
Service update says all lines are stable with no major delay this morning at Gombak.
People shared regular commute and station photos
No emergency notice was posted
Malaysia transport update 2025-06-26
There are 15 comments in total
author
reply
Show 3 replies
Say something",Service update says all lines are stable with no major delay this morning at Gombak People shared regular commute and station photos No emergency notice was posted Malaysia transport update 2025 06 26 There are 15 comments in total author reply Show 3 replies Say something,0,normal_update,synthetic_mock
lrtkelanajaya线 - 小红书搜索 - Google Chrome,1774,mock_post_1774.png,lrtkelanajaya线 - 小红书搜索 - Google Chrome,2026-02-23T13:34:00,"Little Red Potato 66A1
focus on
Passengers were asked to get off at Pasar Seni due to train fault and wait for replacement at Gombak.
Passengers shared delay slip and crowding evidence during rush hour
Rapid KL staff guided queue and temporary shuttle arrangement
Malaysia transport update 2024-03-17
There are 10 comments in total
author
reply
Show 1 replies
Say something",Passengers were asked to get off at Pasar Seni due to train fault and wait for replacement at Gombak Passengers shared delay slip and crowding evidence during rush hour Rapid KL staff guided queue and temporary shuttle arrangement Malaysia transport update 2024 03 17 There are 10 comments in total author reply Show 1 replies Say something,1,incident_train_fault,synthetic_mock
lrtkelanajaya故障 - 小红书搜索 - Google Chrome,1775,mock_post_1775.png,lrtkelanajaya故障 - 小红书搜索 - Google Chrome,2026-02-23T13:35:00,"Leisurely kitten
focus on
Commuting to work was smooth and station crowd level was manageable today at KL Sentral.
People shared regular commute and station photos
No emergency notice was posted
There are 10 comments in total
author
reply
Show 3 replies
Say something",Commuting to work was smooth and station crowd level was manageable today at KL Sentral People shared regular commute and station photos No emergency notice was posted There are 10 comments in total author reply Show 3 replies Say something,0,normal_commute,synthetic_mock
lrtkelanajaya故障 - 小红书搜索 - Google Chrome,1776,mock_post_1776.png,lrtkelanajaya故障 - 小红书搜索 - Google Chrome,2026-02-23T13:36:00,"Rapid commuter diary
focus on
Passengers were asked to get off at Pasar Seni due to train fault and wait for replacement at Gombak.
Passengers shared delay slip and crowding evidence during rush hour
Rapid KL staff guided queue and temporary shuttle arrangement
There are 10 comments in total
author
reply
Show 1 replies
Say something",Passengers were asked to get off at Pasar Seni due to train fault and wait for replacement at Gombak Passengers shared delay slip and crowding evidence during rush hour Rapid KL staff guided queue and temporary shuttle arrangement There are 10 comments in total author reply Show 1 replies Say something,1,incident_train_fault,synthetic_mock
lrtkelanajaya线 - 小红书搜索 - Google Chrome,1777,mock_post_1777.png,lrtkelanajaya线 - 小红书搜索 - Google Chrome,2026-02-23T13:37:00,"Leisurely kitten
focus on
Service update says all lines are stable with no major delay this morning at KL Sentral.
People shared regular commute and station photos
No emergency notice was posted
There are 9 comments in total
author
reply
Show 3 replies
Say something",Service update says all lines are stable with no major delay this morning at KL Sentral People shared regular commute and station photos No emergency notice was posted There are 9 comments in total author reply Show 3 replies Say something,0,normal_update,synthetic_mock
地铁 马来西亚 - 小红书搜索 - Google Chrome,1778,mock_post_1778.png,地铁 马来西亚 - 小红书搜索 - Google Chrome,2026-02-23T13:38:00,"Little Red Potato 66A1
focus on
LRT Kelana Jaya line had a signaling issue during peak hour and trains moved slowly at Universiti.
Passengers shared delay slip and crowding evidence during rush hour
Rapid KL staff guided queue and temporary shuttle arrangement
Malaysia transport update 2026-01-09
There are 12 comments in total
author
reply
Show 3 replies
Say something",LRT Kelana Jaya line had a signaling issue during peak hour and trains moved slowly at Universiti Passengers shared delay slip and crowding evidence during rush hour Rapid KL staff guided queue and temporary shuttle arrangement Malaysia transport update 2026 01 09 There are 12 comments in total author reply Show 3 replies Say something,1,incident_breakdown,synthetic_mock
地铁 马来西亚 - 小红书搜索 - Google Chrome,1779,mock_post_1779.png,地铁 马来西亚 - 小红书搜索 - Google Chrome,2026-02-23T13:39:00,"Rapid commuter diary
focus on
General city transport post not related to outage or malfunction at Masjid Jamek.
People shared regular commute and station photos
No emergency notice was posted
Malaysia transport update 2024-06-21
There are 5 comments in total
author
reply
Show 3 replies
Say something",General city transport post not related to outage or malfunction at Masjid Jamek People shared regular commute and station photos No emergency notice was posted Malaysia transport update 2024 06 21 There are 5 comments in total author reply Show 3 replies Say something,0,normal_general,synthetic_mock
lrtkelanajaya故障 - 小红书搜索 - Google Chrome,1780,mock_post_1780.png,lrtkelanajaya故障 - 小红书搜索 - Google Chrome,2026-02-23T13:40:00,"Leisurely kitten
focus on
Commuters reported long queue and train delay after track maintenance at Universiti station at Masjid Jamek.
Passengers shared delay slip and crowding evidence during rush hour
Rapid KL staff guided queue and temporary shuttle arrangement
Malaysia transport update 2025-11-06
There are 17 comments in total
author
reply
Show 2 replies
Say something",Commuters reported long queue and train delay after track maintenance at Universiti station at Masjid Jamek Passengers shared delay slip and crowding evidence during rush hour Rapid KL staff guided queue and temporary shuttle arrangement Malaysia transport update 2025 11 06 There are 17 comments in total author reply Show 2 replies Say something,1,incident_delay,synthetic_mock
lrtkelanajaya线 - 小红书搜索 - Google Chrome,1781,mock_post_1781.png,lrtkelanajaya线 - 小红书搜索 - Google Chrome,2026-02-23T13:41:00,"Xiaoxuan Talk Malaysia Official
focus on
No disruption observed and transfer between lines completed without waiting at Wangsa Maju.
People shared regular commute and station photos
No emergency notice was posted
There are 3 comments in total
author
reply
Show 2 replies
Say something",No disruption observed and transfer between lines completed without waiting at Wangsa Maju People shared regular commute and station photos No emergency notice was posted There are 3 comments in total author reply Show 2 replies Say something,0,normal_no_incident,synthetic_mock
lrtkelanajaya线 - 小红书搜索 - Google Chrome,1782,mock_post_1782.png,lrtkelanajaya线 - 小红书搜索 - Google Chrome,2026-02-23T13:42:00,"Ootashi store
focus on
Commuters reported long queue and train delay after track maintenance at Universiti station at Universiti.
Passengers shared delay slip and crowding evidence during rush hour
Rapid KL staff guided queue and temporary shuttle arrangement
Malaysia transport update 2026-12-26
There are 4 comments in total
author
reply
Show 3 replies
Say something",Commuters reported long queue and train delay after track maintenance at Universiti station at Universiti Passengers shared delay slip and crowding evidence during rush hour Rapid KL staff guided queue and temporary shuttle arrangement Malaysia transport update 2026 12 26 There are 4 comments in total author reply Show 3 replies Say something,1,incident_delay,synthetic_mock
地铁 马来西亚 - 小红书搜索 - Google Chrome,1783,mock_post_1783.png,地铁 马来西亚 - 小红书搜索 - Google Chrome,2026-02-23T13:43:00,"Rapid commuter diary
focus on
Commuting to work was smooth and station crowd level was manageable today at Ampang Park.
People shared regular commute and station photos
No emergency notice was posted
There are 1 comments in total
author
reply
Show 3 replies
Say something",Commuting to work was smooth and station crowd level was manageable today at Ampang Park People shared regular commute and station photos No emergency notice was posted There are 1 comments in total author reply Show 3 replies Say something,0,normal_commute,synthetic_mock
lrt klcc - 小红书搜索 - Google Chrome,1784,mock_post_1784.png,lrt klcc - 小红书搜索 - Google Chrome,2026-02-23T13:44:00,"Leisurely kitten
focus on
Rapid KL announced temporary service disruption between KLCC and Gombak with shuttle support at Universiti.
Passengers shared delay slip and crowding evidence during rush hour
Rapid KL staff guided queue and temporary shuttle arrangement
There are 13 comments in total
author
reply
Show 3 replies
Say something",Rapid KL announced temporary service disruption between KLCC and Gombak with shuttle support at Universiti Passengers shared delay slip and crowding evidence during rush hour Rapid KL staff guided queue and temporary shuttle arrangement There are 13 comments in total author reply Show 3 replies Say something,1,incident_service_disruption,synthetic_mock
mrtkajang问题 - 小红书搜索 - Google Chrome,1785,mock_post_1785.png,mrtkajang问题 - 小红书搜索 - Google Chrome,2026-02-23T13:45:00,"Xiaoxuan Talk Malaysia Official
focus on
Commuting to work was smooth and station crowd level was manageable today at Masjid Jamek.
People shared regular commute and station photos
No emergency notice was posted
Malaysia transport update 2026-12-18
There are 3 comments in total
author
reply
Show 1 replies
Say something",Commuting to work was smooth and station crowd level was manageable today at Masjid Jamek People shared regular commute and station photos No emergency notice was posted Malaysia transport update 2026 12 18 There are 3 comments in total author reply Show 1 replies Say something,0,normal_commute,synthetic_mock
mrtkajang问题 - 小红书搜索 - Google Chrome,1786,mock_post_1786.png,mrtkajang问题 - 小红书搜索 - Google Chrome,2026-02-23T13:46:00,"Ootashi store
focus on
Passengers were asked to get off at Pasar Seni due to train fault and wait for replacement at Masjid Jamek.
Passengers shared delay slip and crowding evidence during rush hour
Rapid KL staff guided queue and temporary shuttle arrangement
Malaysia transport update 2026-03-23
There are 8 comments in total
author
reply
Show 1 replies
Say something",Passengers were asked to get off at Pasar Seni due to train fault and wait for replacement at Masjid Jamek Passengers shared delay slip and crowding evidence during rush hour Rapid KL staff guided queue and temporary shuttle arrangement Malaysia transport update 2026 03 23 There are 8 comments in total author reply Show 1 replies Say something,1,incident_train_fault,synthetic_mock
lrt klcc - 小红书搜索 - Google Chrome,1787,mock_post_1787.png,lrt klcc - 小红书搜索 - Google Chrome,2026-02-23T13:47:00,"Little Red Potato 66A1
focus on
Service update says all lines are stable with no major delay this morning at Kelana Jaya.
People shared regular commute and station photos
No emergency notice was posted
Malaysia transport update 2025-02-24
There are 7 comments in total
author
reply
Show 3 replies
Say something",Service update says all lines are stable with no major delay this morning at Kelana Jaya People shared regular commute and station photos No emergency notice was posted Malaysia transport update 2025 02 24 There are 7 comments in total author reply Show 3 replies Say something,0,normal_update,synthetic_mock
lrt klcc - 小红书搜索 - Google Chrome,1788,mock_post_1788.png,lrt klcc - 小红书搜索 - Google Chrome,2026-02-23T13:48:00,"Leisurely kitten
focus on
Rapid KL announced temporary service disruption between KLCC and Gombak with shuttle support at Masjid Jamek.
Passengers shared delay slip and crowding evidence during rush hour
Rapid KL staff guided queue and temporary shuttle arrangement
Malaysia transport update 2024-04-19
There are 16 comments in total
author
reply
Show 2 replies
Say something",Rapid KL announced temporary service disruption between KLCC and Gombak with shuttle support at Masjid Jamek Passengers shared delay slip and crowding evidence during rush hour Rapid KL staff guided queue and temporary shuttle arrangement Malaysia transport update 2024 04 19 There are 16 comments in total author reply Show 2 replies Say something,1,incident_service_disruption,synthetic_mock
mrtkajang问题 - 小红书搜索 - Google Chrome,1789,mock_post_1789.png,mrtkajang问题 - 小红书搜索 - Google Chrome,2026-02-23T13:49:00,"Leisurely kitten
focus on
Routine travel post about route tips and fare sharing at Kelana Jaya.
People shared regular commute and station photos
No emergency notice was posted
There are 3 comments in total
author
reply
Show 1 replies
Say something",Routine travel post about route tips and fare sharing at Kelana Jaya People shared regular commute and station photos No emergency notice was posted There are 3 comments in total author reply Show 1 replies Say something,0,normal_travel_tip,synthetic_mock
mrtkajang问题 - 小红书搜索 - Google Chrome,1790,mock_post_1790.png,mrtkajang问题 - 小红书搜索 - Google Chrome,2026-02-23T13:50:00,"Xiaoxuan Talk Malaysia Official
focus on
LRT Kelana Jaya line had a signaling issue during peak hour and trains moved slowly at Ampang Park.
Passengers shared delay slip and crowding evidence during rush hour
Rapid KL staff guided queue and temporary shuttle arrangement
Malaysia transport update 2024-09-19
There are 7 comments in total
author
reply
Show 3 replies
Say something",LRT Kelana Jaya line had a signaling issue during peak hour and trains moved slowly at Ampang Park Passengers shared delay slip and crowding evidence during rush hour Rapid KL staff guided queue and temporary shuttle arrangement Malaysia transport update 2024 09 19 There are 7 comments in total author reply Show 3 replies Say something,1,incident_breakdown,synthetic_mock
mrtkajang问题 - 小红书搜索 - Google Chrome,1791,mock_post_1791.png,mrtkajang问题 - 小红书搜索 - Google Chrome,2026-02-23T13:51:00,"Xiaoxuan Talk Malaysia Official
focus on
Commuting to work was smooth and station crowd level was manageable today at KL Sentral.
People shared regular commute and station photos
No emergency notice was posted
There are 4 comments in total
author
reply
Show 3 replies
Say something",Commuting to work was smooth and station crowd level was manageable today at KL Sentral People shared regular commute and station photos No emergency notice was posted There are 4 comments in total author reply Show 3 replies Say something,0,normal_commute,synthetic_mock
mrt - 小红书搜索 - Google Chrome,1792,mock_post_1792.png,mrt - 小红书搜索 - Google Chrome,2026-02-23T13:52:00,"Little Red Potato 66A1
focus on
Kelana Jaya line maintenance phase affected frequency and caused crowding at stations at Universiti.
Passengers shared delay slip and crowding evidence during rush hour
Rapid KL staff guided queue and temporary shuttle arrangement
There are 15 comments in total
author
reply
Show 1 replies
Say something",Kelana Jaya line maintenance phase affected frequency and caused crowding at stations at Universiti Passengers shared delay slip and crowding evidence during rush hour Rapid KL staff guided queue and temporary shuttle arrangement There are 15 comments in total author reply Show 1 replies Say something,1,incident_maintenance_impact,synthetic_mock
mrt - 小红书搜索 - Google Chrome,1793,mock_post_1793.png,mrt - 小红书搜索 - Google Chrome,2026-02-23T13:53:00,"Leisurely kitten
focus on
No disruption observed and transfer between lines completed without waiting at KL Sentral.
People shared regular commute and station photos
No emergency notice was posted
Malaysia transport update 2024-06-17
There are 16 comments in total
author
reply
Show 3 replies
Say something",No disruption observed and transfer between lines completed without waiting at KL Sentral People shared regular commute and station photos No emergency notice was posted Malaysia transport update 2024 06 17 There are 16 comments in total author reply Show 3 replies Say something,0,normal_no_incident,synthetic_mock
mrt - 小红书搜索 - Google Chrome,1794,mock_post_1794.png,mrt - 小红书搜索 - Google Chrome,2026-02-23T13:54:00,"Leisurely kitten
focus on
Kelana Jaya line maintenance phase affected frequency and caused crowding at stations at Gombak.
Passengers shared delay slip and crowding evidence during rush hour
Rapid KL staff guided queue and temporary shuttle arrangement
There are 8 comments in total
author
reply
Show 2 replies
Say something",Kelana Jaya line maintenance phase affected frequency and caused crowding at stations at Gombak Passengers shared delay slip and crowding evidence during rush hour Rapid KL staff guided queue and temporary shuttle arrangement There are 8 comments in total author reply Show 2 replies Say something,1,incident_maintenance_impact,synthetic_mock
lrt is bad again - Xiaohongshu search - Google Chrome,1795,mock_post_1795.png,lrt is bad again - Xiaohongshu search - Google Chrome,2026-02-23T13:55:00,"Little Red Potato 66A1
focus on
General city transport post not related to outage or malfunction at Masjid Jamek.
People shared regular commute and station photos
No emergency notice was posted
Malaysia transport update 2025-02-25
There are 6 comments in total
author
reply
Show 2 replies
Say something",General city transport post not related to outage or malfunction at Masjid Jamek People shared regular commute and station photos No emergency notice was posted Malaysia transport update 2025 02 25 There are 6 comments in total author reply Show 2 replies Say something,0,normal_general,synthetic_mock
mrt - 小红书搜索 - Google Chrome,1796,mock_post_1796.png,mrt - 小红书搜索 - Google Chrome,2026-02-23T13:56:00,"Rapid commuter diary
focus on
Commuters reported long queue and train delay after track maintenance at Universiti station at Masjid Jamek.
Passengers shared delay slip and crowding evidence during rush hour
Rapid KL staff guided queue and temporary shuttle arrangement
Malaysia transport update 2024-02-25
There are 14 comments in total
author
reply
Show 3 replies
Say something",Commuters reported long queue and train delay after track maintenance at Universiti station at Masjid Jamek Passengers shared delay slip and crowding evidence during rush hour Rapid KL staff guided queue and temporary shuttle arrangement Malaysia transport update 2024 02 25 There are 14 comments in total author reply Show 3 replies Say something,1,incident_delay,synthetic_mock
lrtkelanajaya线 - 小红书搜索 - Google Chrome,1797,mock_post_1797.png,lrtkelanajaya线 - 小红书搜索 - Google Chrome,2026-02-23T13:57:00,"Leisurely kitten
focus on
Normal operation resumed and train intervals are back to schedule at Ampang Park.
People shared regular commute and station photos
No emergency notice was posted
There are 18 comments in total
author
reply
Show 1 replies
Say something",Normal operation resumed and train intervals are back to schedule at Ampang Park People shared regular commute and station photos No emergency notice was posted There are 18 comments in total author reply Show 1 replies Say something,0,normal_operation,synthetic_mock
lrt klcc - 小红书搜索 - Google Chrome,1798,mock_post_1798.png,lrt klcc - 小红书搜索 - Google Chrome,2026-02-23T13:58:00,"Ootashi store
focus on
LRT Kelana Jaya line had a signaling issue during peak hour and trains moved slowly at Universiti.
Passengers shared delay slip and crowding evidence during rush hour
Rapid KL staff guided queue and temporary shuttle arrangement
Malaysia transport update 2025-06-25
There are 17 comments in total
author
reply
Show 2 replies
Say something",LRT Kelana Jaya line had a signaling issue during peak hour and trains moved slowly at Universiti Passengers shared delay slip and crowding evidence during rush hour Rapid KL staff guided queue and temporary shuttle arrangement Malaysia transport update 2025 06 25 There are 17 comments in total author reply Show 2 replies Say something,1,incident_breakdown,synthetic_mock
mrt kajang - 小红书搜索 - Google Chrome,1799,mock_post_1799.png,mrt kajang - 小红书搜索 - Google Chrome,2026-02-23T13:59:00,"Little Red Potato 66A1
focus on
General city transport post not related to outage or malfunction at Gombak.
People shared regular commute and station photos
No emergency notice was posted
Malaysia transport update 2026-03-11
There are 6 comments in total
author
reply
Show 1 replies
Say something",General city transport post not related to outage or malfunction at Gombak People shared regular commute and station photos No emergency notice was posted Malaysia transport update 2026 03 11 There are 6 comments in total author reply Show 1 replies Say something,0,normal_general,synthetic_mock
mrtkajang问题 - 小红书搜索 - Google Chrome,1800,mock_post_1800.png,mrtkajang问题 - 小红书搜索 - Google Chrome,2026-02-23T14:00:00,"Little Red Potato 66A1
focus on
Rapid KL announced temporary service disruption between KLCC and Gombak with shuttle support at Pasar Seni.
Passengers shared delay slip and crowding evidence during rush hour
Rapid KL staff guided queue and temporary shuttle arrangement
There are 11 comments in total
author
reply
Show 3 replies
Say something",Rapid KL announced temporary service disruption between KLCC and Gombak with shuttle support at Pasar Seni Passengers shared delay slip and crowding evidence during rush hour Rapid KL staff guided queue and temporary shuttle arrangement There are 11 comments in total author reply Show 3 replies Say something,1,incident_service_disruption,synthetic_mock
mrt - 小红书搜索 - Google Chrome,1801,mock_post_1801.png,mrt - 小红书搜索 - Google Chrome,2026-02-23T14:01:00,"KL daily commuter
focus on
General city transport post not related to outage or malfunction at KL Sentral.
People shared regular commute and station photos
No emergency notice was posted
Malaysia transport update 2026-05-08
There are 9 comments in total
author
reply
Show 2 replies
Say something",General city transport post not related to outage or malfunction at KL Sentral People shared regular commute and station photos No emergency notice was posted Malaysia transport update 2026 05 08 There are 9 comments in total author reply Show 2 replies Say something,0,normal_general,synthetic_mock
mrt kajang - 小红书搜索 - Google Chrome,1802,mock_post_1802.png,mrt kajang - 小红书搜索 - Google Chrome,2026-02-23T14:02:00,"Leisurely kitten
focus on
Commuters reported long queue and train delay after track maintenance at Universiti station at Pasar Seni.
Passengers shared delay slip and crowding evidence during rush hour
Rapid KL staff guided queue and temporary shuttle arrangement
Malaysia transport update 2025-12-11
There are 15 comments in total
author
reply
Show 2 replies
Say something",Commuters reported long queue and train delay after track maintenance at Universiti station at Pasar Seni Passengers shared delay slip and crowding evidence during rush hour Rapid KL staff guided queue and temporary shuttle arrangement Malaysia transport update 2025 12 11 There are 15 comments in total author reply Show 2 replies Say something,1,incident_delay,synthetic_mock
lrtkelanajaya故障 - 小红书搜索 - Google Chrome,1803,mock_post_1803.png,lrtkelanajaya故障 - 小红书搜索 - Google Chrome,2026-02-23T14:03:00,"KL daily commuter
focus on
Routine travel post about route tips and fare sharing at Wangsa Maju.
People shared regular commute and station photos
No emergency notice was posted
Malaysia transport update 2025-01-14
There are 12 comments in total
author
reply
Show 3 replies
Say something",Routine travel post about route tips and fare sharing at Wangsa Maju People shared regular commute and station photos No emergency notice was posted Malaysia transport update 2025 01 14 There are 12 comments in total author reply Show 3 replies Say something,0,normal_travel_tip,synthetic_mock
🇲🇾LRT停运 注意了‼️ - 小红书 - Google Chrome,1804,mock_post_1804.png,🇲🇾LRT停运 注意了‼️ - 小红书 - Google Chrome,2026-02-23T14:04:00,"Xiaoxuan Talk Malaysia Official
focus on
Power trip caused brief outage and service resumed after technicians completed repair at Gombak.
Passengers shared delay slip and crowding evidence during rush hour
Rapid KL staff guided queue and temporary shuttle arrangement
There are 7 comments in total
author
reply
Show 1 replies
Say something",Power trip caused brief outage and service resumed after technicians completed repair at Gombak Passengers shared delay slip and crowding evidence during rush hour Rapid KL staff guided queue and temporary shuttle arrangement There are 7 comments in total author reply Show 1 replies Say something,1,incident_power_outage,synthetic_mock
mrt kajang - 小红书搜索 - Google Chrome,1805,mock_post_1805.png,mrt kajang - 小红书搜索 - Google Chrome,2026-02-23T14:05:00,"Leisurely kitten
focus on
General city transport post not related to outage or malfunction at Gombak.
People shared regular commute and station photos
No emergency notice was posted
There are 1 comments in total
author
reply
Show 2 replies
Say something",General city transport post not related to outage or malfunction at Gombak People shared regular commute and station photos No emergency notice was posted There are 1 comments in total author reply Show 2 replies Say something,0,normal_general,synthetic_mock
🇲🇾LRT KelanajayaLine通告，列车降速 - 小红书 - Google Chrome,1806,mock_post_1806.png,🇲🇾LRT KelanajayaLine通告，列车降速 - 小红书 - Google Chrome,2026-02-23T14:06:00,"Little Red Potato 66A1
focus on
Power trip caused brief outage and service resumed after technicians completed repair at Putra Heights.
Passengers shared delay slip and crowding evidence during rush hour
Rapid KL staff guided queue and temporary shuttle arrangement
There are 7 comments in total
author
reply
Show 1 replies
Say something",Power trip caused brief outage and service resumed after technicians completed repair at Putra Heights Passengers shared delay slip and crowding evidence during rush hour Rapid KL staff guided queue and temporary shuttle arrangement There are 7 comments in total author reply Show 1 replies Say something,1,incident_power_outage,synthetic_mock
mrtkajang问题 - 小红书搜索 - Google Chrome,1807,mock_post_1807.png,mrtkajang问题 - 小红书搜索 - Google Chrome,2026-02-23T14:07:00,"KL daily commuter
focus on
Routine travel post about route tips and fare sharing at Ampang Park.
People shared regular commute and station photos
No emergency notice was posted
Malaysia transport update 2024-04-06
There are 11 comments in total
author
reply
Show 3 replies
Say something",Routine travel post about route tips and fare sharing at Ampang Park People shared regular commute and station photos No emergency notice was posted Malaysia transport update 2024 04 06 There are 11 comments in total author reply Show 3 replies Say something,0,normal_travel_tip,synthetic_mock
mrt kajang - 小红书搜索 - Google Chrome,1808,mock_post_1808.png,mrt kajang - 小红书搜索 - Google Chrome,2026-02-23T14:08:00,"Rapid commuter diary
focus on
Kelana Jaya line maintenance phase affected frequency and caused crowding at stations at KL Sentral.
Passengers shared delay slip and crowding evidence during rush hour
Rapid KL staff guided queue and temporary shuttle arrangement
There are 2 comments in total
author
reply
Show 3 replies
Say something",Kelana Jaya line maintenance phase affected frequency and caused crowding at stations at KL Sentral Passengers shared delay slip and crowding evidence during rush hour Rapid KL staff guided queue and temporary shuttle arrangement There are 2 comments in total author reply Show 3 replies Say something,1,incident_maintenance_impact,synthetic_mock
lrt is bad again - Xiaohongshu search - Google Chrome,1809,mock_post_1809.png,lrt is bad again - Xiaohongshu search - Google Chrome,2026-02-23T14:09:00,"Ootashi store
focus on
General city transport post not related to outage or malfunction at Ampang Park.
People shared regular commute and station photos
No emergency notice was posted
Malaysia transport update 2026-10-13
There are 2 comments in total
author
reply
Show 1 replies
Say something",General city transport post not related to outage or malfunction at Ampang Park People shared regular commute and station photos No emergency notice was posted Malaysia transport update 2026 10 13 There are 2 comments in total author reply Show 1 replies Say something,0,normal_general,synthetic_mock
lrt klcc - 小红书搜索 - Google Chrome,1810,mock_post_1810.png,lrt klcc - 小红书搜索 - Google Chrome,2026-02-23T14:10:00,"Leisurely kitten
focus on
Kelana Jaya line maintenance phase affected frequency and caused crowding at stations at Putra Heights.
Passengers shared delay slip and crowding evidence during rush hour
Rapid KL staff guided queue and temporary shuttle arrangement
Malaysia transport update 2025-05-04
There are 16 comments in total
author
reply
Show 1 replies
Say something",Kelana Jaya line maintenance phase affected frequency and caused crowding at stations at Putra Heights Passengers shared delay slip and crowding evidence during rush hour Rapid KL staff guided queue and temporary shuttle arrangement Malaysia transport update 2025 05 04 There are 16 comments in total author reply Show 1 replies Say something,1,incident_maintenance_impact,synthetic_mock
lrt klcc - 小红书搜索 - Google Chrome,1811,mock_post_1811.png,lrt klcc - 小红书搜索 - Google Chrome,2026-02-23T14:11:00,"KL daily commuter
focus on
Commuting to work was smooth and station crowd level was manageable today at Wangsa Maju.
People shared regular commute and station photos
No emergency notice was posted
Malaysia transport update 2024-10-10
There are 7 comments in total
author
reply
Show 3 replies
Say something",Commuting to work was smooth and station crowd level was manageable today at Wangsa Maju People shared regular commute and station photos No emergency notice was posted Malaysia transport update 2024 10 10 There are 7 comments in total author reply Show 3 replies Say something,0,normal_commute,synthetic_mock
地铁 马来西亚 - 小红书搜索 - Google Chrome,1812,mock_post_1812.png,地铁 马来西亚 - 小红书搜索 - Google Chrome,2026-02-23T14:12:00,"Leisurely kitten
focus on
Power trip caused brief outage and service resumed after technicians completed repair at Universiti.
Passengers shared delay slip and crowding evidence during rush hour
Rapid KL staff guided queue and temporary shuttle arrangement
There are 9 comments in total
author
reply
Show 3 replies
Say something",Power trip caused brief outage and service resumed after technicians completed repair at Universiti Passengers shared delay slip and crowding evidence during rush hour Rapid KL staff guided queue and temporary shuttle arrangement There are 9 comments in total author reply Show 3 replies Say something,1,incident_power_outage,synthetic_mock
mrt fault - 小红书搜索 - Google Chrome,1813,mock_post_1813.png,mrt fault - 小红书搜索 - Google Chrome,2026-02-23T14:13:00,"Ootashi store
focus on
Commuting to work was smooth and station crowd level was manageable today at Kelana Jaya.
People shared regular commute and station photos
No emergency notice was posted
There are 3 comments in total
author
reply
Show 3 replies
Say something",Commuting to work was smooth and station crowd level was manageable today at Kelana Jaya People shared regular commute and station photos No emergency notice was posted There are 3 comments in total author reply Show 3 replies Say something,0,normal_commute,synthetic_mock
mrtkajang问题 - 小红书搜索 - Google Chrome,1814,mock_post_1814.png,mrtkajang问题 - 小红书搜索 - Google Chrome,2026-02-23T14:14:00,"City transit watcher
focus on
Commuters reported long queue and train delay after track maintenance at Universiti station at Ampang Park.
Passengers shared delay slip and crowding evidence during rush hour
Rapid KL staff guided queue and temporary shuttle arrangement
There are 6 comments in total
author
reply
Show 2 replies
Say something",Commuters reported long queue and train delay after track maintenance at Universiti station at Ampang Park Passengers shared delay slip and crowding evidence during rush hour Rapid KL staff guided queue and temporary shuttle arrangement There are 6 comments in total author reply Show 2 replies Say something,1,incident_delay,synthetic_mock
lrt is bad again - Xiaohongshu search - Google Chrome,1815,mock_post_1815.png,lrt is bad again - Xiaohongshu search - Google Chrome,2026-02-23T14:15:00,"Leisurely kitten
focus on
Service update says all lines are stable with no major delay this morning at Ampang Park.
People shared regular commute and station photos
No emergency notice was posted
Malaysia transport update 2026-12-09
There are 9 comments in total
author
reply
Show 3 replies
Say something",Service update says all lines are stable with no major delay this morning at Ampang Park People shared regular commute and station photos No emergency notice was posted Malaysia transport update 2026 12 09 There are 9 comments in total author reply Show 3 replies Say something,0,normal_update,synthetic_mock
lrt is bad again - Xiaohongshu search - Google Chrome,1816,mock_post_1816.png,lrt is bad again - Xiaohongshu search - Google Chrome,2026-02-23T14:16:00,"City transit watcher
focus on
Rapid KL announced temporary service disruption between KLCC and Gombak with shuttle support at KLCC.
Passengers shared delay slip and crowding evidence during rush hour
Rapid KL staff guided queue and temporary shuttle arrangement
Malaysia transport update 2025-08-26
There are 2 comments in total
author
reply
Show 3 replies
Say something",Rapid KL announced temporary service disruption between KLCC and Gombak with shuttle support at KLCC Passengers shared delay slip and crowding evidence during rush hour Rapid KL staff guided queue and temporary shuttle arrangement Malaysia transport update 2025 08 26 There are 2 comments in total author reply Show 3 replies Say something,1,incident_service_disruption,synthetic_mock
mrt fault - 小红书搜索 - Google Chrome,1817,mock_post_1817.png,mrt fault - 小红书搜索 - Google Chrome,2026-02-23T14:17:00,"Xiaoxuan Talk Malaysia Official
focus on
Routine travel post about route tips and fare sharing at Putra Heights.
People shared regular commute and station photos
No emergency notice was posted
There are 2 comments in total
author
reply
Show 3 replies
Say something",Routine travel post about route tips and fare sharing at Putra Heights People shared regular commute and station photos No emergency notice was posted There are 2 comments in total author reply Show 3 replies Say something,0,normal_travel_tip,synthetic_mock
lrt klcc - 小红书搜索 - Google Chrome,1818,mock_post_1818.png,lrt klcc - 小红书搜索 - Google Chrome,2026-02-23T14:18:00,"Leisurely kitten
focus on
Passengers were asked to get off at Pasar Seni due to train fault and wait for replacement at Ampang Park.
Passengers shared delay slip and crowding evidence during rush hour
Rapid KL staff guided queue and temporary shuttle arrangement
There are 3 comments in total
author
reply
Show 3 replies
Say something",Passengers were asked to get off at Pasar Seni due to train fault and wait for replacement at Ampang Park Passengers shared delay slip and crowding evidence during rush hour Rapid KL staff guided queue and temporary shuttle arrangement There are 3 comments in total author reply Show 3 replies Say something,1,incident_train_fault,synthetic_mock
地铁 马来西亚 - 小红书搜索 - Google Chrome,1819,mock_post_1819.png,地铁 马来西亚 - 小红书搜索 - Google Chrome,2026-02-23T14:19:00,"Little Red Potato 66A1
focus on
Routine travel post about route tips and fare sharing at KLCC.
People shared regular commute and station photos
No emergency notice was posted
There are 18 comments in total
author
reply
Show 1 replies
Say something",Routine travel post about route tips and fare sharing at KLCC People shared regular commute and station photos No emergency notice was posted There are 18 comments in total author reply Show 1 replies Say something,0,normal_travel_tip,synthetic_mock
🇲🇾LRT停运 注意了‼️ - 小红书 - Google Chrome,1820,mock_post_1820.png,🇲🇾LRT停运 注意了‼️ - 小红书 - Google Chrome,2026-02-23T14:20:00,"Rapid commuter diary
focus on
LRT Kelana Jaya line had a signaling issue during peak hour and trains moved slowly at KL Sentral.
Passengers shared delay slip and crowding evidence during rush hour
Rapid KL staff guided queue and temporary shuttle arrangement
There are 7 comments in total
author
reply
Show 1 replies
Say something",LRT Kelana Jaya line had a signaling issue during peak hour and trains moved slowly at KL Sentral Passengers shared delay slip and crowding evidence during rush hour Rapid KL staff guided queue and temporary shuttle arrangement There are 7 comments in total author reply Show 1 replies Say something,1,incident_breakdown,synthetic_mock
lrtkelanajaya故障 - 小红书搜索 - Google Chrome,1821,mock_post_1821.png,lrtkelanajaya故障 - 小红书搜索 - Google Chrome,2026-02-23T14:21:00,"Rapid commuter diary
focus on
No disruption observed and transfer between lines completed without waiting at Gombak.
People shared regular commute and station photos
No emergency notice was posted
Malaysia transport update 2026-03-21
There are 11 comments in total
author
reply
Show 1 replies
Say something",No disruption observed and transfer between lines completed without waiting at Gombak People shared regular commute and station photos No emergency notice was posted Malaysia transport update 2026 03 21 There are 11 comments in total author reply Show 1 replies Say something,0,normal_no_incident,synthetic_mock
mrt kajang - 小红书搜索 - Google Chrome,1822,mock_post_1822.png,mrt kajang - 小红书搜索 - Google Chrome,2026-02-23T14:22:00,"Leisurely kitten
focus on
Kelana Jaya line maintenance phase affected frequency and caused crowding at stations at KL Sentral.
Passengers shared delay slip and crowding evidence during rush hour
Rapid KL staff guided queue and temporary shuttle arrangement
Malaysia transport update 2026-12-27
There are 14 comments in total
author
reply
Show 1 replies
Say something",Kelana Jaya line maintenance phase affected frequency and caused crowding at stations at KL Sentral Passengers shared delay slip and crowding evidence during rush hour Rapid KL staff guided queue and temporary shuttle arrangement Malaysia transport update 2026 12 27 There are 14 comments in total author reply Show 1 replies Say something,1,incident_maintenance_impact,synthetic_mock
lrt is bad again - Xiaohongshu search - Google Chrome,1823,mock_post_1823.png,lrt is bad again - Xiaohongshu search - Google Chrome,2026-02-23T14:23:00,"Xiaoxuan Talk Malaysia Official
focus on
Routine travel post about route tips and fare sharing at Gombak.
People shared regular commute and station photos
No emergency notice was posted
There are 13 comments in total
author
reply
Show 1 replies
Say something",Routine travel post about route tips and fare sharing at Gombak People shared regular commute and station photos No emergency notice was posted There are 13 comments in total author reply Show 1 replies Say something,0,normal_travel_tip,synthetic_mock
mrtkajang问题 - 小红书搜索 - Google Chrome,1824,mock_post_1824.png,mrtkajang问题 - 小红书搜索 - Google Chrome,2026-02-23T14:24:00,"Rapid commuter diary
focus on
Rapid KL announced temporary service disruption between KLCC and Gombak with shuttle support at Putra Heights.
Passengers shared delay slip and crowding evidence during rush hour
Rapid KL staff guided queue and temporary shuttle arrangement
Malaysia transport update 2024-10-22
There are 11 comments in total
author
reply
Show 3 replies
Say something",Rapid KL announced temporary service disruption between KLCC and Gombak with shuttle support at Putra Heights Passengers shared delay slip and crowding evidence during rush hour Rapid KL staff guided queue and temporary shuttle arrangement Malaysia transport update 2024 10 22 There are 11 comments in total author reply Show 3 replies Say something,1,incident_service_disruption,synthetic_mock
🇲🇾LRT KelanajayaLine通告，列车降速 - 小红书 - Google Chrome,1825,mock_post_1825.png,🇲🇾LRT KelanajayaLine通告，列车降速 - 小红书 - Google Chrome,2026-02-23T14:25:00,"KL daily commuter
focus on
General city transport post not related to outage or malfunction at Universiti.
People shared regular commute and station photos
No emergency notice was posted
There are 12 comments in total
author
reply
Show 3 replies
Say something",General city transport post not related to outage or malfunction at Universiti People shared regular commute and station photos No emergency notice was posted There are 12 comments in total author reply Show 3 replies Say something,0,normal_general,synthetic_mock
🇲🇾LRT KelanajayaLine通告，列车降速 - 小红书 - Google Chrome,1826,mock_post_1826.png,🇲🇾LRT KelanajayaLine通告，列车降速 - 小红书 - Google Chrome,2026-02-23T14:26:00,"KL daily commuter
focus on
Rapid KL announced temporary service disruption between KLCC and Gombak with shuttle support at Universiti.
Passengers shared delay slip and crowding evidence during rush hour
Rapid KL staff guided queue and temporary shuttle arrangement
Malaysia transport update 2025-03-04
There are 1 comments in total
author
reply
Show 3 replies
Say something",Rapid KL announced temporary service disruption between KLCC and Gombak with shuttle support at Universiti Passengers shared delay slip and crowding evidence during rush hour Rapid KL staff guided queue and temporary shuttle arrangement Malaysia transport update 2025 03 04 There are 1 comments in total author reply Show 3 replies Say something,1,incident_service_disruption,synthetic_mock
🇲🇾LRT停运 注意了‼️ - 小红书 - Google Chrome,1827,mock_post_1827.png,🇲🇾LRT停运 注意了‼️ - 小红书 - Google Chrome,2026-02-23T14:27:00,"Little Red Potato 66A1
focus on
Normal operation resumed and train intervals are back to schedule at Pasar Seni.
People shared regular commute and station photos
No emergency notice was posted
Malaysia transport update 2024-06-28
There are 11 comments in total
author
reply
Show 1 replies
Say something",Normal operation resumed and train intervals are back to schedule at Pasar Seni People shared regular commute and station photos No emergency notice was posted Malaysia transport update 2024 06 28 There are 11 comments in total author reply Show 1 replies Say something,0,normal_operation,synthetic_mock
lrtkelanajaya故障 - 小红书搜索 - Google Chrome,1828,mock_post_1828.png,lrtkelanajaya故障 - 小红书搜索 - Google Chrome,2026-02-23T14:28:00,"Leisurely kitten
focus on
Rapid KL announced temporary service disruption between KLCC and Gombak with shuttle support at Universiti.
Passengers shared delay slip and crowding evidence during rush hour
Rapid KL staff guided queue and temporary shuttle arrangement
Malaysia transport update 2025-04-07
There are 12 comments in total
author
reply
Show 1 replies
Say something",Rapid KL announced temporary service disruption between KLCC and Gombak with shuttle support at Universiti Passengers shared delay slip and crowding evidence during rush hour Rapid KL staff guided queue and temporary shuttle arrangement Malaysia transport update 2025 04 07 There are 12 comments in total author reply Show 1 replies Say something,1,incident_service_disruption,synthetic_mock
lrtkelanajaya线 - 小红书搜索 - Google Chrome,1829,mock_post_1829.png,lrtkelanajaya线 - 小红书搜索 - Google Chrome,2026-02-23T14:29:00,"KL daily commuter
focus on
No disruption observed and transfer between lines completed without waiting at KLCC.
People shared regular commute and station photos
No emergency notice was posted
There are 1 comments in total
author
reply
Show 2 replies
Say something",No disruption observed and transfer between lines completed without waiting at KLCC People shared regular commute and station photos No emergency notice was posted There are 1 comments in total author reply Show 2 replies Say something,0,normal_no_incident,synthetic_mock
lrt klcc - 小红书搜索 - Google Chrome,1830,mock_post_1830.png,lrt klcc - 小红书搜索 - Google Chrome,2026-02-23T14:30:00,"Rapid commuter diary
focus on
Power trip caused brief outage and service resumed after technicians completed repair at Kelana Jaya.
Passengers shared delay slip and crowding evidence during rush hour
Rapid KL staff guided queue and temporary shuttle arrangement
Malaysia transport update 2024-04-25
There are 13 comments in total
author
reply
Show 3 replies
Say something",Power trip caused brief outage and service resumed after technicians completed repair at Kelana Jaya Passengers shared delay slip and crowding evidence during rush hour Rapid KL staff guided queue and temporary shuttle arrangement Malaysia transport update 2024 04 25 There are 13 comments in total author reply Show 3 replies Say something,1,incident_power_outage,synthetic_mock
lrtkelanajaya故障 - 小红书搜索 - Google Chrome,1831,mock_post_1831.png,lrtkelanajaya故障 - 小红书搜索 - Google Chrome,2026-02-23T14:31:00,"Little Red Potato 66A1
focus on
Normal operation resumed and train intervals are back to schedule at Pasar Seni.
People shared regular commute and station photos
No emergency notice was posted
There are 17 comments in total
author
reply
Show 1 replies
Say something",Normal operation resumed and train intervals are back to schedule at Pasar Seni People shared regular commute and station photos No emergency notice was posted There are 17 comments in total author reply Show 1 replies Say something,0,normal_operation,synthetic_mock
mrt fault - 小红书搜索 - Google Chrome,1832,mock_post_1832.png,mrt fault - 小红书搜索 - Google Chrome,2026-02-23T14:32:00,"Rapid commuter diary
focus on
Rapid KL announced temporary service disruption between KLCC and Gombak with shuttle support at KLCC.
Passengers shared delay slip and crowding evidence during rush hour
Rapid KL staff guided queue and temporary shuttle arrangement
There are 12 comments in total
author
reply
Show 3 replies
Say something",Rapid KL announced temporary service disruption between KLCC and Gombak with shuttle support at KLCC Passengers shared delay slip and crowding evidence during rush hour Rapid KL staff guided queue and temporary shuttle arrangement There are 12 comments in total author reply Show 3 replies Say something,1,incident_service_disruption,synthetic_mock
mrtkajang问题 - 小红书搜索 - Google Chrome,1833,mock_post_1833.png,mrtkajang问题 - 小红书搜索 - Google Chrome,2026-02-23T14:33:00,"Ootashi store
focus on
No disruption observed and transfer between lines completed without waiting at Universiti.
People shared regular commute and station photos
No emergency notice was posted
There are 17 comments in total
author
reply
Show 2 replies
Say something",No disruption observed and transfer between lines completed without waiting at Universiti People shared regular commute and station photos No emergency notice was posted There are 17 comments in total author reply Show 2 replies Say something,0,normal_no_incident,synthetic_mock
mrt kajang - 小红书搜索 - Google Chrome,1834,mock_post_1834.png,mrt kajang - 小红书搜索 - Google Chrome,2026-02-23T14:34:00,"Xiaoxuan Talk Malaysia Official
focus on
Commuters reported long queue and train delay after track maintenance at Universiti station at Masjid Jamek.
Passengers shared delay slip and crowding evidence during rush hour
Rapid KL staff guided queue and temporary shuttle arrangement
There are 1 comments in total
author
reply
Show 1 replies
Say something",Commuters reported long queue and train delay after track maintenance at Universiti station at Masjid Jamek Passengers shared delay slip and crowding evidence during rush hour Rapid KL staff guided queue and temporary shuttle arrangement There are 1 comments in total author reply Show 1 replies Say something,1,incident_delay,synthetic_mock
🇲🇾LRT停运 注意了‼️ - 小红书 - Google Chrome,1835,mock_post_1835.png,🇲🇾LRT停运 注意了‼️ - 小红书 - Google Chrome,2026-02-23T14:35:00,"KL daily commuter
focus on
No disruption observed and transfer between lines completed without waiting at Wangsa Maju.
People shared regular commute and station photos
No emergency notice was posted
Malaysia transport update 2025-05-27
There are 3 comments in total
author
reply
Show 2 replies
Say something",No disruption observed and transfer between lines completed without waiting at Wangsa Maju People shared regular commute and station photos No emergency notice was posted Malaysia transport update 2025 05 27 There are 3 comments in total author reply Show 2 replies Say something,0,normal_no_incident,synthetic_mock
🇲🇾LRT停运 注意了‼️ - 小红书 - Google Chrome,1836,mock_post_1836.png,🇲🇾LRT停运 注意了‼️ - 小红书 - Google Chrome,2026-02-23T14:36:00,"City transit watcher
focus on
Commuters reported long queue and train delay after track maintenance at Universiti station at Universiti.
Passengers shared delay slip and crowding evidence during rush hour
Rapid KL staff guided queue and temporary shuttle arrangement
Malaysia transport update 2026-07-16
There are 1 comments in total
author
reply
Show 2 replies
Say something",Commuters reported long queue and train delay after track maintenance at Universiti station at Universiti Passengers shared delay slip and crowding evidence during rush hour Rapid KL staff guided queue and temporary shuttle arrangement Malaysia transport update 2026 07 16 There are 1 comments in total author reply Show 2 replies Say something,1,incident_delay,synthetic_mock
lrt is bad again - Xiaohongshu search - Google Chrome,1837,mock_post_1837.png,lrt is bad again - Xiaohongshu search - Google Chrome,2026-02-23T14:37:00,"Ootashi store
focus on
Commuting to work was smooth and station crowd level was manageable today at Kelana Jaya.
People shared regular commute and station photos
No emergency notice was posted
There are 6 comments in total
author
reply
Show 3 replies
Say something",Commuting to work was smooth and station crowd level was manageable today at Kelana Jaya People shared regular commute and station photos No emergency notice was posted There are 6 comments in total author reply Show 3 replies Say something,0,normal_commute,synthetic_mock
🇲🇾LRT停运 注意了‼️ - 小红书 - Google Chrome,1838,mock_post_1838.png,🇲🇾LRT停运 注意了‼️ - 小红书 - Google Chrome,2026-02-23T14:38:00,"Ootashi store
focus on
Rapid KL announced temporary service disruption between KLCC and Gombak with shuttle support at Masjid Jamek.
Passengers shared delay slip and crowding evidence during rush hour
Rapid KL staff guided queue and temporary shuttle arrangement
Malaysia transport update 2025-01-02
There are 7 comments in total
author
reply
Show 3 replies
Say something",Rapid KL announced temporary service disruption between KLCC and Gombak with shuttle support at Masjid Jamek Passengers shared delay slip and crowding evidence during rush hour Rapid KL staff guided queue and temporary shuttle arrangement Malaysia transport update 2025 01 02 There are 7 comments in total author reply Show 3 replies Say something,1,incident_service_disruption,synthetic_mock
lrtkelanajaya故障 - 小红书搜索 - Google Chrome,1839,mock_post_1839.png,lrtkelanajaya故障 - 小红书搜索 - Google Chrome,2026-02-23T14:39:00,"Little Red Potato 66A1
focus on
Commuting to work was smooth and station crowd level was manageable today at Putra Heights.
People shared regular commute and station photos
No emergency notice was posted
Malaysia transport update 2024-07-06
There are 6 comments in total
author
reply
Show 3 replies
Say something",Commuting to work was smooth and station crowd level was manageable today at Putra Heights People shared regular commute and station photos No emergency notice was posted Malaysia transport update 2024 07 06 There are 6 comments in total author reply Show 3 replies Say something,0,normal_commute,synthetic_mock
lrt is bad again - Xiaohongshu search - Google Chrome,1840,mock_post_1840.png,lrt is bad again - Xiaohongshu search - Google Chrome,2026-02-23T14:40:00,"Leisurely kitten
focus on
Kelana Jaya line maintenance phase affected frequency and caused crowding at stations at Pasar Seni.
Passengers shared delay slip and crowding evidence during rush hour
Rapid KL staff guided queue and temporary shuttle arrangement
There are 4 comments in total
author
reply
Show 1 replies
Say something",Kelana Jaya line maintenance phase affected frequency and caused crowding at stations at Pasar Seni Passengers shared delay slip and crowding evidence during rush hour Rapid KL staff guided queue and temporary shuttle arrangement There are 4 comments in total author reply Show 1 replies Say something,1,incident_maintenance_impact,synthetic_mock
lrt is bad again - Xiaohongshu search - Google Chrome,1841,mock_post_1841.png,lrt is bad again - Xiaohongshu search - Google Chrome,2026-02-23T14:41:00,"Leisurely kitten
focus on
No disruption observed and transfer between lines completed without waiting at Universiti.
People shared regular commute and station photos
No emergency notice was posted
Malaysia transport update 2025-05-20
There are 11 comments in total
author
reply
Show 1 replies
Say something",No disruption observed and transfer between lines completed without waiting at Universiti People shared regular commute and station photos No emergency notice was posted Malaysia transport update 2025 05 20 There are 11 comments in total author reply Show 1 replies Say something,0,normal_no_incident,synthetic_mock
🇲🇾LRT KelanajayaLine通告，列车降速 - 小红书 - Google Chrome,1842,mock_post_1842.png,🇲🇾LRT KelanajayaLine通告，列车降速 - 小红书 - Google Chrome,2026-02-23T14:42:00,"Rapid commuter diary
focus on
Commuters reported long queue and train delay after track maintenance at Universiti station at Kelana Jaya.
Passengers shared delay slip and crowding evidence during rush hour
Rapid KL staff guided queue and temporary shuttle arrangement
Malaysia transport update 2024-07-02
There are 18 comments in total
author
reply
Show 2 replies
Say something",Commuters reported long queue and train delay after track maintenance at Universiti station at Kelana Jaya Passengers shared delay slip and crowding evidence during rush hour Rapid KL staff guided queue and temporary shuttle arrangement Malaysia transport update 2024 07 02 There are 18 comments in total author reply Show 2 replies Say something,1,incident_delay,synthetic_mock
lrt klcc - 小红书搜索 - Google Chrome,1843,mock_post_1843.png,lrt klcc - 小红书搜索 - Google Chrome,2026-02-23T14:43:00,"Ootashi store
focus on
General city transport post not related to outage or malfunction at Masjid Jamek.
People shared regular commute and station photos
No emergency notice was posted
Malaysia transport update 2024-06-08
There are 3 comments in total
author
reply
Show 2 replies
Say something",General city transport post not related to outage or malfunction at Masjid Jamek People shared regular commute and station photos No emergency notice was posted Malaysia transport update 2024 06 08 There are 3 comments in total author reply Show 2 replies Say something,0,normal_general,synthetic_mock
lrtkelanajaya故障 - 小红书搜索 - Google Chrome,1844,mock_post_1844.png,lrtkelanajaya故障 - 小红书搜索 - Google Chrome,2026-02-23T14:44:00,"Rapid commuter diary
focus on
LRT Kelana Jaya line had a signaling issue during peak hour and trains moved slowly at Ampang Park.
Passengers shared delay slip and crowding evidence during rush hour
Rapid KL staff guided queue and temporary shuttle arrangement
There are 18 comments in total
author
reply
Show 2 replies
Say something",LRT Kelana Jaya line had a signaling issue during peak hour and trains moved slowly at Ampang Park Passengers shared delay slip and crowding evidence during rush hour Rapid KL staff guided queue and temporary shuttle arrangement There are 18 comments in total author reply Show 2 replies Say something,1,incident_breakdown,synthetic_mock
🇲🇾LRT KelanajayaLine通告，列车降速 - 小红书 - Google Chrome,1845,mock_post_1845.png,🇲🇾LRT KelanajayaLine通告，列车降速 - 小红书 - Google Chrome,2026-02-23T14:45:00,"Leisurely kitten
focus on
Routine travel post about route tips and fare sharing at Kelana Jaya.
People shared regular commute and station photos
No emergency notice was posted
Malaysia transport update 2025-03-11
There are 18 comments in total
author
reply
Show 2 replies
Say something",Routine travel post about route tips and fare sharing at Kelana Jaya People shared regular commute and station photos No emergency notice was posted Malaysia transport update 2025 03 11 There are 18 comments in total author reply Show 2 replies Say something,0,normal_travel_tip,synthetic_mock
lrtkelanajaya故障 - 小红书搜索 - Google Chrome,1846,mock_post_1846.png,lrtkelanajaya故障 - 小红书搜索 - Google Chrome,2026-02-23T14:46:00,"Rapid commuter diary
focus on
Kelana Jaya line maintenance phase affected frequency and caused crowding at stations at KLCC.
Passengers shared delay slip and crowding evidence during rush hour
Rapid KL staff guided queue and temporary shuttle arrangement
Malaysia transport update 2026-04-05
There are 8 comments in total
author
reply
Show 3 replies
Say something",Kelana Jaya line maintenance phase affected frequency and caused crowding at stations at KLCC Passengers shared delay slip and crowding evidence during rush hour Rapid KL staff guided queue and temporary shuttle arrangement Malaysia transport update 2026 04 05 There are 8 comments in total author reply Show 3 replies Say something,1,incident_maintenance_impact,synthetic_mock
lrt klcc - 小红书搜索 - Google Chrome,1847,mock_post_1847.png,lrt klcc - 小红书搜索 - Google Chrome,2026-02-23T14:47:00,"City transit watcher
focus on
Service update says all lines are stable with no major delay this morning at Universiti.
People shared regular commute and station photos
No emergency notice was posted
Malaysia transport update 2024-12-13
There are 10 comments in total
author
reply
Show 3 replies
Say something",Service update says all lines are stable with no major delay this morning at Universiti People shared regular commute and station photos No emergency notice was posted Malaysia transport update 2024 12 13 There are 10 comments in total author reply Show 3 replies Say something,0,normal_update,synthetic_mock
🇲🇾LRT KelanajayaLine通告，列车降速 - 小红书 - Google Chrome,1848,mock_post_1848.png,🇲🇾LRT KelanajayaLine通告，列车降速 - 小红书 - Google Chrome,2026-02-23T14:48:00,"Leisurely kitten
focus on
Rapid KL announced temporary service disruption between KLCC and Gombak with shuttle support at Universiti.
Passengers shared delay slip and crowding evidence during rush hour
Rapid KL staff guided queue and temporary shuttle arrangement
Malaysia transport update 2026-05-11
There are 15 comments in total
author
reply
Show 3 replies
Say something",Rapid KL announced temporary service disruption between KLCC and Gombak with shuttle support at Universiti Passengers shared delay slip and crowding evidence during rush hour Rapid KL staff guided queue and temporary shuttle arrangement Malaysia transport update 2026 05 11 There are 15 comments in total author reply Show 3 replies Say something,1,incident_service_disruption,synthetic_mock
mrt fault - 小红书搜索 - Google Chrome,1849,mock_post_1849.png,mrt fault - 小红书搜索 - Google Chrome,2026-02-23T14:49:00,"Little Red Potato 66A1
focus on
Routine travel post about route tips and fare sharing at Masjid Jamek.
People shared regular commute and station photos
No emergency notice was posted
There are 9 comments in total
author
reply
Show 1 replies
Say something",Routine travel post about route tips and fare sharing at Masjid Jamek People shared regular commute and station photos No emergency notice was posted There are 9 comments in total author reply Show 1 replies Say something,0,normal_travel_tip,synthetic_mock
lrt is bad again - Xiaohongshu search - Google Chrome,1850,mock_post_1850.png,lrt is bad again - Xiaohongshu search - Google Chrome,2026-02-23T14:50:00,"City transit watcher
focus on
Power trip caused brief outage and service resumed after technicians completed repair at Putra Heights.
Passengers shared delay slip and crowding evidence during rush hour
Rapid KL staff guided queue and temporary shuttle arrangement
Malaysia transport update 2026-01-24
There are 13 comments in total
author
reply
Show 3 replies
Say something",Power trip caused brief outage and service resumed after technicians completed repair at Putra Heights Passengers shared delay slip and crowding evidence during rush hour Rapid KL staff guided queue and temporary shuttle arrangement Malaysia transport update 2026 01 24 There are 13 comments in total author reply Show 3 replies Say something,1,incident_power_outage,synthetic_mock
lrt is bad again - Xiaohongshu search - Google Chrome,1851,mock_post_1851.png,lrt is bad again - Xiaohongshu search - Google Chrome,2026-02-23T14:51:00,"Xiaoxuan Talk Malaysia Official
focus on
Service update says all lines are stable with no major delay this morning at Pasar Seni.
People shared regular commute and station photos
No emergency notice was posted
Malaysia transport update 2024-04-06
There are 13 comments in total
author
reply
Show 2 replies
Say something",Service update says all lines are stable with no major delay this morning at Pasar Seni People shared regular commute and station photos No emergency notice was posted Malaysia transport update 2024 04 06 There are 13 comments in total author reply Show 2 replies Say something,0,normal_update,synthetic_mock
🇲🇾LRT KelanajayaLine通告，列车降速 - 小红书 - Google Chrome,1852,mock_post_1852.png,🇲🇾LRT KelanajayaLine通告，列车降速 - 小红书 - Google Chrome,2026-02-23T14:52:00,"Rapid commuter diary
focus on
Passengers were asked to get off at Pasar Seni due to train fault and wait for replacement at Ampang Park.
Passengers shared delay slip and crowding evidence during rush hour
Rapid KL staff guided queue and temporary shuttle arrangement
There are 7 comments in total
author
reply
Show 3 replies
Say something",Passengers were asked to get off at Pasar Seni due to train fault and wait for replacement at Ampang Park Passengers shared delay slip and crowding evidence during rush hour Rapid KL staff guided queue and temporary shuttle arrangement There are 7 comments in total author reply Show 3 replies Say something,1,incident_train_fault,synthetic_mock
mrt - 小红书搜索 - Google Chrome,1853,mock_post_1853.png,mrt - 小红书搜索 - Google Chrome,2026-02-23T14:53:00,"Ootashi store
focus on
No disruption observed and transfer between lines completed without waiting at Ampang Park.
People shared regular commute and station photos
No emergency notice was posted
Malaysia transport update 2025-09-15
There are 4 comments in total
author
reply
Show 3 replies
Say something",No disruption observed and transfer between lines completed without waiting at Ampang Park People shared regular commute and station photos No emergency notice was posted Malaysia transport update 2025 09 15 There are 4 comments in total author reply Show 3 replies Say something,0,normal_no_incident,synthetic_mock
mrtkajang问题 - 小红书搜索 - Google Chrome,1854,mock_post_1854.png,mrtkajang问题 - 小红书搜索 - Google Chrome,2026-02-23T14:54:00,"Leisurely kitten
focus on
Kelana Jaya line maintenance phase affected frequency and caused crowding at stations at Masjid Jamek.
Passengers shared delay slip and crowding evidence during rush hour
Rapid KL staff guided queue and temporary shuttle arrangement
Malaysia transport update 2024-05-11
There are 16 comments in total
author
reply
Show 3 replies
Say something",Kelana Jaya line maintenance phase affected frequency and caused crowding at stations at Masjid Jamek Passengers shared delay slip and crowding evidence during rush hour Rapid KL staff guided queue and temporary shuttle arrangement Malaysia transport update 2024 05 11 There are 16 comments in total author reply Show 3 replies Say something,1,incident_maintenance_impact,synthetic_mock
lrt klcc - 小红书搜索 - Google Chrome,1855,mock_post_1855.png,lrt klcc - 小红书搜索 - Google Chrome,2026-02-23T14:55:00,"City transit watcher
focus on
General city transport post not related to outage or malfunction at KLCC.
People shared regular commute and station photos
No emergency notice was posted
There are 17 comments in total
author
reply
Show 2 replies
Say something",General city transport post not related to outage or malfunction at KLCC People shared regular commute and station photos No emergency notice was posted There are 17 comments in total author reply Show 2 replies Say something,0,normal_general,synthetic_mock
lrt klcc - 小红书搜索 - Google Chrome,1856,mock_post_1856.png,lrt klcc - 小红书搜索 - Google Chrome,2026-02-23T14:56:00,"City transit watcher
focus on
Commuters reported long queue and train delay after track maintenance at Universiti station at Wangsa Maju.
Passengers shared delay slip and crowding evidence during rush hour
Rapid KL staff guided queue and temporary shuttle arrangement
Malaysia transport update 2026-03-04
There are 8 comments in total
author
reply
Show 2 replies
Say something",Commuters reported long queue and train delay after track maintenance at Universiti station at Wangsa Maju Passengers shared delay slip and crowding evidence during rush hour Rapid KL staff guided queue and temporary shuttle arrangement Malaysia transport update 2026 03 04 There are 8 comments in total author reply Show 2 replies Say something,1,incident_delay,synthetic_mock
lrt klcc - 小红书搜索 - Google Chrome,1857,mock_post_1857.png,lrt klcc - 小红书搜索 - Google Chrome,2026-02-23T14:57:00,"City transit watcher
focus on
Normal operation resumed and train intervals are back to schedule at Masjid Jamek.
People shared regular commute and station photos
No emergency notice was posted
Malaysia transport update 2025-05-15
There are 14 comments in total
author
reply
Show 3 replies
Say something",Normal operation resumed and train intervals are back to schedule at Masjid Jamek People shared regular commute and station photos No emergency notice was posted Malaysia transport update 2025 05 15 There are 14 comments in total author reply Show 3 replies Say something,0,normal_operation,synthetic_mock
lrtkelanajaya故障 - 小红书搜索 - Google Chrome,1858,mock_post_1858.png,lrtkelanajaya故障 - 小红书搜索 - Google Chrome,2026-02-23T14:58:00,"Rapid commuter diary
focus on
Passengers were asked to get off at Pasar Seni due to train fault and wait for replacement at Pasar Seni.
Passengers shared delay slip and crowding evidence during rush hour
Rapid KL staff guided queue and temporary shuttle arrangement
There are 17 comments in total
author
reply
Show 1 replies
Say something",Passengers were asked to get off at Pasar Seni due to train fault and wait for replacement at Pasar Seni Passengers shared delay slip and crowding evidence during rush hour Rapid KL staff guided queue and temporary shuttle arrangement There are 17 comments in total author reply Show 1 replies Say something,1,incident_train_fault,synthetic_mock
lrtkelanajaya故障 - 小红书搜索 - Google Chrome,1859,mock_post_1859.png,lrtkelanajaya故障 - 小红书搜索 - Google Chrome,2026-02-23T14:59:00,"KL daily commuter
focus on
General city transport post not related to outage or malfunction at Universiti.
People shared regular commute and station photos
No emergency notice was posted
Malaysia transport update 2026-12-12
There are 17 comments in total
author
reply
Show 3 replies
Say something",General city transport post not related to outage or malfunction at Universiti People shared regular commute and station photos No emergency notice was posted Malaysia transport update 2026 12 12 There are 17 comments in total author reply Show 3 replies Say something,0,normal_general,synthetic_mock
地铁 马来西亚 - 小红书搜索 - Google Chrome,1860,mock_post_1860.png,地铁 马来西亚 - 小红书搜索 - Google Chrome,2026-02-23T15:00:00,"Little Red Potato 66A1
focus on
Passengers were asked to get off at Pasar Seni due to train fault and wait for replacement at Masjid Jamek.
Passengers shared delay slip and crowding evidence during rush hour
Rapid KL staff guided queue and temporary shuttle arrangement
Malaysia transport update 2026-06-18
There are 8 comments in total
author
reply
Show 3 replies
Say something",Passengers were asked to get off at Pasar Seni due to train fault and wait for replacement at Masjid Jamek Passengers shared delay slip and crowding evidence during rush hour Rapid KL staff guided queue and temporary shuttle arrangement Malaysia transport update 2026 06 18 There are 8 comments in total author reply Show 3 replies Say something,1,incident_train_fault,synthetic_mock
lrtkelanajaya故障 - 小红书搜索 - Google Chrome,1861,mock_post_1861.png,lrtkelanajaya故障 - 小红书搜索 - Google Chrome,2026-02-23T15:01:00,"Ootashi store
focus on
Service update says all lines are stable with no major delay this morning at Putra Heights.
People shared regular commute and station photos
No emergency notice was posted
Malaysia transport update 2024-11-21
There are 8 comments in total
author
reply
Show 3 replies
Say something",Service update says all lines are stable with no major delay this morning at Putra Heights People shared regular commute and station photos No emergency notice was posted Malaysia transport update 2024 11 21 There are 8 comments in total author reply Show 3 replies Say something,0,normal_update,synthetic_mock
mrt kajang - 小红书搜索 - Google Chrome,1862,mock_post_1862.png,mrt kajang - 小红书搜索 - Google Chrome,2026-02-23T15:02:00,"Rapid commuter diary
focus on
Passengers were asked to get off at Pasar Seni due to train fault and wait for replacement at KL Sentral.
Passengers shared delay slip and crowding evidence during rush hour
Rapid KL staff guided queue and temporary shuttle arrangement
There are 9 comments in total
author
reply
Show 1 replies
Say something",Passengers were asked to get off at Pasar Seni due to train fault and wait for replacement at KL Sentral Passengers shared delay slip and crowding evidence during rush hour Rapid KL staff guided queue and temporary shuttle arrangement There are 9 comments in total author reply Show 1 replies Say something,1,incident_train_fault,synthetic_mock
mrt fault - 小红书搜索 - Google Chrome,1863,mock_post_1863.png,mrt fault - 小红书搜索 - Google Chrome,2026-02-23T15:03:00,"Little Red Potato 66A1
focus on
Commuting to work was smooth and station crowd level was manageable today at Wangsa Maju.
People shared regular commute and station photos
No emergency notice was posted
There are 16 comments in total
author
reply
Show 2 replies
Say something",Commuting to work was smooth and station crowd level was manageable today at Wangsa Maju People shared regular commute and station photos No emergency notice was posted There are 16 comments in total author reply Show 2 replies Say something,0,normal_commute,synthetic_mock
🇲🇾LRT KelanajayaLine通告，列车降速 - 小红书 - Google Chrome,1864,mock_post_1864.png,🇲🇾LRT KelanajayaLine通告，列车降速 - 小红书 - Google Chrome,2026-02-23T15:04:00,"Xiaoxuan Talk Malaysia Official
focus on
Rapid KL announced temporary service disruption between KLCC and Gombak with shuttle support at Gombak.
Passengers shared delay slip and crowding evidence during rush hour
Rapid KL staff guided queue and temporary shuttle arrangement
Malaysia transport update 2026-09-22
There are 10 comments in total
author
reply
Show 1 replies
Say something",Rapid KL announced temporary service disruption between KLCC and Gombak with shuttle support at Gombak Passengers shared delay slip and crowding evidence during rush hour Rapid KL staff guided queue and temporary shuttle arrangement Malaysia transport update 2026 09 22 There are 10 comments in total author reply Show 1 replies Say something,1,incident_service_disruption,synthetic_mock
mrtkajang问题 - 小红书搜索 - Google Chrome,1865,mock_post_1865.png,mrtkajang问题 - 小红书搜索 - Google Chrome,2026-02-23T15:05:00,"Xiaoxuan Talk Malaysia Official
focus on
Routine travel post about route tips and fare sharing at KLCC.
People shared regular commute and station photos
No emergency notice was posted
There are 5 comments in total
author
reply
Show 1 replies
Say something",Routine travel post about route tips and fare sharing at KLCC People shared regular commute and station photos No emergency notice was posted There are 5 comments in total author reply Show 1 replies Say something,0,normal_travel_tip,synthetic_mock
🇲🇾LRT KelanajayaLine通告，列车降速 - 小红书 - Google Chrome,1866,mock_post_1866.png,🇲🇾LRT KelanajayaLine通告，列车降速 - 小红书 - Google Chrome,2026-02-23T15:06:00,"Rapid commuter diary
focus on
Rapid KL announced temporary service disruption between KLCC and Gombak with shuttle support at Universiti.
Passengers shared delay slip and crowding evidence during rush hour
Rapid KL staff guided queue and temporary shuttle arrangement
There are 14 comments in total
author
reply
Show 2 replies
Say something",Rapid KL announced temporary service disruption between KLCC and Gombak with shuttle support at Universiti Passengers shared delay slip and crowding evidence during rush hour Rapid KL staff guided queue and temporary shuttle arrangement There are 14 comments in total author reply Show 2 replies Say something,1,incident_service_disruption,synthetic_mock
🇲🇾LRT KelanajayaLine通告，列车降速 - 小红书 - Google Chrome,1867,mock_post_1867.png,🇲🇾LRT KelanajayaLine通告，列车降速 - 小红书 - Google Chrome,2026-02-23T15:07:00,"KL daily commuter
focus on
Service update says all lines are stable with no major delay this morning at Universiti.
People shared regular commute and station photos
No emergency notice was posted
Malaysia transport update 2024-05-05
There are 13 comments in total
author
reply
Show 1 replies
Say something",Service update says all lines are stable with no major delay this morning at Universiti People shared regular commute and station photos No emergency notice was posted Malaysia transport update 2024 05 05 There are 13 comments in total author reply Show 1 replies Say something,0,normal_update,synthetic_mock
🇲🇾LRT停运 注意了‼️ - 小红书 - Google Chrome,1868,mock_post_1868.png,🇲🇾LRT停运 注意了‼️ - 小红书 - Google Chrome,2026-02-23T15:08:00,"Ootashi store
focus on
Kelana Jaya line maintenance phase affected frequency and caused crowding at stations at Pasar Seni.
Passengers shared delay slip and crowding evidence during rush hour
Rapid KL staff guided queue and temporary shuttle arrangement
Malaysia transport update 2026-05-25
There are 11 comments in total
author
reply
Show 1 replies
Say something",Kelana Jaya line maintenance phase affected frequency and caused crowding at stations at Pasar Seni Passengers shared delay slip and crowding evidence during rush hour Rapid KL staff guided queue and temporary shuttle arrangement Malaysia transport update 2026 05 25 There are 11 comments in total author reply Show 1 replies Say something,1,incident_maintenance_impact,synthetic_mock
mrtkajang问题 - 小红书搜索 - Google Chrome,1869,mock_post_1869.png,mrtkajang问题 - 小红书搜索 - Google Chrome,2026-02-23T15:09:00,"Leisurely kitten
focus on
Normal operation resumed and train intervals are back to schedule at Masjid Jamek.
People shared regular commute and station photos
No emergency notice was posted
Malaysia transport update 2026-10-16
There are 8 comments in total
author
reply
Show 3 replies
Say something",Normal operation resumed and train intervals are back to schedule at Masjid Jamek People shared regular commute and station photos No emergency notice was posted Malaysia transport update 2026 10 16 There are 8 comments in total author reply Show 3 replies Say something,0,normal_operation,synthetic_mock
lrt klcc - 小红书搜索 - Google Chrome,1870,mock_post_1870.png,lrt klcc - 小红书搜索 - Google Chrome,2026-02-23T15:10:00,"Little Red Potato 66A1
focus on
Commuters reported long queue and train delay after track maintenance at Universiti station at KLCC.
Passengers shared delay slip and crowding evidence during rush hour
Rapid KL staff guided queue and temporary shuttle arrangement
There are 15 comments in total
author
reply
Show 1 replies
Say something",Commuters reported long queue and train delay after track maintenance at Universiti station at KLCC Passengers shared delay slip and crowding evidence during rush hour Rapid KL staff guided queue and temporary shuttle arrangement There are 15 comments in total author reply Show 1 replies Say something,1,incident_delay,synthetic_mock
mrt - 小红书搜索 - Google Chrome,1871,mock_post_1871.png,mrt - 小红书搜索 - Google Chrome,2026-02-23T15:11:00,"Leisurely kitten
focus on
General city transport post not related to outage or malfunction at Putra Heights.
People shared regular commute and station photos
No emergency notice was posted
There are 2 comments in total
author
reply
Show 2 replies
Say something",General city transport post not related to outage or malfunction at Putra Heights People shared regular commute and station photos No emergency notice was posted There are 2 comments in total author reply Show 2 replies Say something,0,normal_general,synthetic_mock
lrtkelanajaya线 - 小红书搜索 - Google Chrome,1872,mock_post_1872.png,lrtkelanajaya线 - 小红书搜索 - Google Chrome,2026-02-23T15:12:00,"Rapid commuter diary
focus on
LRT Kelana Jaya line had a signaling issue during peak hour and trains moved slowly at Ampang Park.
Passengers shared delay slip and crowding evidence during rush hour
Rapid KL staff guided queue and temporary shuttle arrangement
There are 16 comments in total
author
reply
Show 2 replies
Say something",LRT Kelana Jaya line had a signaling issue during peak hour and trains moved slowly at Ampang Park Passengers shared delay slip and crowding evidence during rush hour Rapid KL staff guided queue and temporary shuttle arrangement There are 16 comments in total author reply Show 2 replies Say something,1,incident_breakdown,synthetic_mock
🇲🇾LRT停运 注意了‼️ - 小红书 - Google Chrome,1873,mock_post_1873.png,🇲🇾LRT停运 注意了‼️ - 小红书 - Google Chrome,2026-02-23T15:13:00,"Xiaoxuan Talk Malaysia Official
focus on
Routine travel post about route tips and fare sharing at KLCC.
People shared regular commute and station photos
No emergency notice was posted
There are 12 comments in total
author
reply
Show 1 replies
Say something",Routine travel post about route tips and fare sharing at KLCC People shared regular commute and station photos No emergency notice was posted There are 12 comments in total author reply Show 1 replies Say something,0,normal_travel_tip,synthetic_mock
🇲🇾LRT停运 注意了‼️ - 小红书 - Google Chrome,1874,mock_post_1874.png,🇲🇾LRT停运 注意了‼️ - 小红书 - Google Chrome,2026-02-23T15:14:00,"Rapid commuter diary
focus on
Power trip caused brief outage and service resumed after technicians completed repair at Wangsa Maju.
Passengers shared delay slip and crowding evidence during rush hour
Rapid KL staff guided queue and temporary shuttle arrangement
Malaysia transport update 2024-05-27
There are 9 comments in total
author
reply
Show 2 replies
Say something",Power trip caused brief outage and service resumed after technicians completed repair at Wangsa Maju Passengers shared delay slip and crowding evidence during rush hour Rapid KL staff guided queue and temporary shuttle arrangement Malaysia transport update 2024 05 27 There are 9 comments in total author reply Show 2 replies Say something,1,incident_power_outage,synthetic_mock
lrt klcc - 小红书搜索 - Google Chrome,1875,mock_post_1875.png,lrt klcc - 小红书搜索 - Google Chrome,2026-02-23T15:15:00,"Rapid commuter diary
focus on
Routine travel post about route tips and fare sharing at Putra Heights.
People shared regular commute and station photos
No emergency notice was posted
There are 9 comments in total
author
reply
Show 2 replies
Say something",Routine travel post about route tips and fare sharing at Putra Heights People shared regular commute and station photos No emergency notice was posted There are 9 comments in total author reply Show 2 replies Say something,0,normal_travel_tip,synthetic_mock
mrtkajang问题 - 小红书搜索 - Google Chrome,1876,mock_post_1876.png,mrtkajang问题 - 小红书搜索 - Google Chrome,2026-02-23T15:16:00,"City transit watcher
focus on
LRT Kelana Jaya line had a signaling issue during peak hour and trains moved slowly at KLCC.
Passengers shared delay slip and crowding evidence during rush hour
Rapid KL staff guided queue and temporary shuttle arrangement
There are 8 comments in total
author
reply
Show 3 replies
Say something",LRT Kelana Jaya line had a signaling issue during peak hour and trains moved slowly at KLCC Passengers shared delay slip and crowding evidence during rush hour Rapid KL staff guided queue and temporary shuttle arrangement There are 8 comments in total author reply Show 3 replies Say something,1,incident_breakdown,synthetic_mock
mrtkajang问题 - 小红书搜索 - Google Chrome,1877,mock_post_1877.png,mrtkajang问题 - 小红书搜索 - Google Chrome,2026-02-23T15:17:00,"Rapid commuter diary
focus on
Service update says all lines are stable with no major delay this morning at KL Sentral.
People shared regular commute and station photos
No emergency notice was posted
There are 4 comments in total
author
reply
Show 3 replies
Say something",Service update says all lines are stable with no major delay this morning at KL Sentral People shared regular commute and station photos No emergency notice was posted There are 4 comments in total author reply Show 3 replies Say something,0,normal_update,synthetic_mock
mrt kajang - 小红书搜索 - Google Chrome,1878,mock_post_1878.png,mrt kajang - 小红书搜索 - Google Chrome,2026-02-23T15:18:00,"KL daily commuter
focus on
Passengers were asked to get off at Pasar Seni due to train fault and wait for replacement at KL Sentral.
Passengers shared delay slip and crowding evidence during rush hour
Rapid KL staff guided queue and temporary shuttle arrangement
There are 17 comments in total
author
reply
Show 3 replies
Say something",Passengers were asked to get off at Pasar Seni due to train fault and wait for replacement at KL Sentral Passengers shared delay slip and crowding evidence during rush hour Rapid KL staff guided queue and temporary shuttle arrangement There are 17 comments in total author reply Show 3 replies Say something,1,incident_train_fault,synthetic_mock
lrt klcc - 小红书搜索 - Google Chrome,1879,mock_post_1879.png,lrt klcc - 小红书搜索 - Google Chrome,2026-02-23T15:19:00,"Xiaoxuan Talk Malaysia Official
focus on
Normal operation resumed and train intervals are back to schedule at KL Sentral.
People shared regular commute and station photos
No emergency notice was posted
There are 4 comments in total
author
reply
Show 3 replies
Say something",Normal operation resumed and train intervals are back to schedule at KL Sentral People shared regular commute and station photos No emergency notice was posted There are 4 comments in total author reply Show 3 replies Say something,0,normal_operation,synthetic_mock
lrt is bad again - Xiaohongshu search - Google Chrome,1880,mock_post_1880.png,lrt is bad again - Xiaohongshu search - Google Chrome,2026-02-23T15:20:00,"Leisurely kitten
focus on
LRT Kelana Jaya line had a signaling issue during peak hour and trains moved slowly at Universiti.
Passengers shared delay slip and crowding evidence during rush hour
Rapid KL staff guided queue and temporary shuttle arrangement
There are 14 comments in total
author
reply
Show 2 replies
Say something",LRT Kelana Jaya line had a signaling issue during peak hour and trains moved slowly at Universiti Passengers shared delay slip and crowding evidence during rush hour Rapid KL staff guided queue and temporary shuttle arrangement There are 14 comments in total author reply Show 2 replies Say something,1,incident_breakdown,synthetic_mock
lrt is bad again - Xiaohongshu search - Google Chrome,1881,mock_post_1881.png,lrt is bad again - Xiaohongshu search - Google Chrome,2026-02-23T15:21:00,"KL daily commuter
focus on
Commuting to work was smooth and station crowd level was manageable today at Ampang Park.
People shared regular commute and station photos
No emergency notice was posted
Malaysia transport update 2026-01-13
There are 14 comments in total
author
reply
Show 3 replies
Say something",Commuting to work was smooth and station crowd level was manageable today at Ampang Park People shared regular commute and station photos No emergency notice was posted Malaysia transport update 2026 01 13 There are 14 comments in total author reply Show 3 replies Say something,0,normal_commute,synthetic_mock
mrtkajang问题 - 小红书搜索 - Google Chrome,1882,mock_post_1882.png,mrtkajang问题 - 小红书搜索 - Google Chrome,2026-02-23T15:22:00,"Ootashi store
focus on
Rapid KL announced temporary service disruption between KLCC and Gombak with shuttle support at KL Sentral.
Passengers shared delay slip and crowding evidence during rush hour
Rapid KL staff guided queue and temporary shuttle arrangement
Malaysia transport update 2025-02-10
There are 14 comments in total
author
reply
Show 1 replies
Say something",Rapid KL announced temporary service disruption between KLCC and Gombak with shuttle support at KL Sentral Passengers shared delay slip and crowding evidence during rush hour Rapid KL staff guided queue and temporary shuttle arrangement Malaysia transport update 2025 02 10 There are 14 comments in total author reply Show 1 replies Say something,1,incident_service_disruption,synthetic_mock
mrt - 小红书搜索 - Google Chrome,1883,mock_post_1883.png,mrt - 小红书搜索 - Google Chrome,2026-02-23T15:23:00,"KL daily commuter
focus on
Commuting to work was smooth and station crowd level was manageable today at Putra Heights.
People shared regular commute and station photos
No emergency notice was posted
There are 12 comments in total
author
reply
Show 1 replies
Say something",Commuting to work was smooth and station crowd level was manageable today at Putra Heights People shared regular commute and station photos No emergency notice was posted There are 12 comments in total author reply Show 1 replies Say something,0,normal_commute,synthetic_mock
地铁 马来西亚 - 小红书搜索 - Google Chrome,1884,mock_post_1884.png,地铁 马来西亚 - 小红书搜索 - Google Chrome,2026-02-23T15:24:00,"Leisurely kitten
focus on
Power trip caused brief outage and service resumed after technicians completed repair at Kelana Jaya.
Passengers shared delay slip and crowding evidence during rush hour
Rapid KL staff guided queue and temporary shuttle arrangement
Malaysia transport update 2026-05-25
There are 6 comments in total
author
reply
Show 1 replies
Say something",Power trip caused brief outage and service resumed after technicians completed repair at Kelana Jaya Passengers shared delay slip and crowding evidence during rush hour Rapid KL staff guided queue and temporary shuttle arrangement Malaysia transport update 2026 05 25 There are 6 comments in total author reply Show 1 replies Say something,1,incident_power_outage,synthetic_mock
mrt fault - 小红书搜索 - Google Chrome,1885,mock_post_1885.png,mrt fault - 小红书搜索 - Google Chrome,2026-02-23T15:25:00,"City transit watcher
focus on
Routine travel post about route tips and fare sharing at Putra Heights.
People shared regular commute and station photos
No emergency notice was posted
Malaysia transport update 2025-03-28
There are 16 comments in total
author
reply
Show 1 replies
Say something",Routine travel post about route tips and fare sharing at Putra Heights People shared regular commute and station photos No emergency notice was posted Malaysia transport update 2025 03 28 There are 16 comments in total author reply Show 1 replies Say something,0,normal_travel_tip,synthetic_mock
mrt - 小红书搜索 - Google Chrome,1886,mock_post_1886.png,mrt - 小红书搜索 - Google Chrome,2026-02-23T15:26:00,"Little Red Potato 66A1
focus on
Commuters reported long queue and train delay after track maintenance at Universiti station at KL Sentral.
Passengers shared delay slip and crowding evidence during rush hour
Rapid KL staff guided queue and temporary shuttle arrangement
There are 8 comments in total
author
reply
Show 2 replies
Say something",Commuters reported long queue and train delay after track maintenance at Universiti station at KL Sentral Passengers shared delay slip and crowding evidence during rush hour Rapid KL staff guided queue and temporary shuttle arrangement There are 8 comments in total author reply Show 2 replies Say something,1,incident_delay,synthetic_mock
lrtkelanajaya线 - 小红书搜索 - Google Chrome,1887,mock_post_1887.png,lrtkelanajaya线 - 小红书搜索 - Google Chrome,2026-02-23T15:27:00,"City transit watcher
focus on
Normal operation resumed and train intervals are back to schedule at KLCC.
People shared regular commute and station photos
No emergency notice was posted
Malaysia transport update 2026-08-21
There are 6 comments in total
author
reply
Show 2 replies
Say something",Normal operation resumed and train intervals are back to schedule at KLCC People shared regular commute and station photos No emergency notice was posted Malaysia transport update 2026 08 21 There are 6 comments in total author reply Show 2 replies Say something,0,normal_operation,synthetic_mock
mrt fault - 小红书搜索 - Google Chrome,1888,mock_post_1888.png,mrt fault - 小红书搜索 - Google Chrome,2026-02-23T15:28:00,"Leisurely kitten
focus on
Commuters reported long queue and train delay after track maintenance at Universiti station at Ampang Park.
Passengers shared delay slip and crowding evidence during rush hour
Rapid KL staff guided queue and temporary shuttle arrangement
Malaysia transport update 2025-06-25
There are 6 comments in total
author
reply
Show 1 replies
Say something",Commuters reported long queue and train delay after track maintenance at Universiti station at Ampang Park Passengers shared delay slip and crowding evidence during rush hour Rapid KL staff guided queue and temporary shuttle arrangement Malaysia transport update 2025 06 25 There are 6 comments in total author reply Show 1 replies Say something,1,incident_delay,synthetic_mock
🇲🇾LRT停运 注意了‼️ - 小红书 - Google Chrome,1889,mock_post_1889.png,🇲🇾LRT停运 注意了‼️ - 小红书 - Google Chrome,2026-02-23T15:29:00,"Ootashi store
focus on
Normal operation resumed and train intervals are back to schedule at KLCC.
People shared regular commute and station photos
No emergency notice was posted
There are 17 comments in total
author
reply
Show 3 replies
Say something",Normal operation resumed and train intervals are back to schedule at KLCC People shared regular commute and station photos No emergency notice was posted There are 17 comments in total author reply Show 3 replies Say something,0,normal_operation,synthetic_mock
🇲🇾LRT KelanajayaLine通告，列车降速 - 小红书 - Google Chrome,1890,mock_post_1890.png,🇲🇾LRT KelanajayaLine通告，列车降速 - 小红书 - Google Chrome,2026-02-23T15:30:00,"KL daily commuter
focus on
Passengers were asked to get off at Pasar Seni due to train fault and wait for replacement at Gombak.
Passengers shared delay slip and crowding evidence during rush hour
Rapid KL staff guided queue and temporary shuttle arrangement
There are 6 comments in total
author
reply
Show 2 replies
Say something",Passengers were asked to get off at Pasar Seni due to train fault and wait for replacement at Gombak Passengers shared delay slip and crowding evidence during rush hour Rapid KL staff guided queue and temporary shuttle arrangement There are 6 comments in total author reply Show 2 replies Say something,1,incident_train_fault,synthetic_mock
lrtkelanajaya故障 - 小红书搜索 - Google Chrome,1891,mock_post_1891.png,lrtkelanajaya故障 - 小红书搜索 - Google Chrome,2026-02-23T15:31:00,"Ootashi store
focus on
General city transport post not related to outage or malfunction at KLCC.
People shared regular commute and station photos
No emergency notice was posted
Malaysia transport update 2026-10-22
There are 13 comments in total
author
reply
Show 2 replies
Say something",General city transport post not related to outage or malfunction at KLCC People shared regular commute and station photos No emergency notice was posted Malaysia transport update 2026 10 22 There are 13 comments in total author reply Show 2 replies Say something,0,normal_general,synthetic_mock
🇲🇾LRT KelanajayaLine通告，列车降速 - 小红书 - Google Chrome,1892,mock_post_1892.png,🇲🇾LRT KelanajayaLine通告，列车降速 - 小红书 - Google Chrome,2026-02-23T15:32:00,"Little Red Potato 66A1
focus on
Kelana Jaya line maintenance phase affected frequency and caused crowding at stations at Putra Heights.
Passengers shared delay slip and crowding evidence during rush hour
Rapid KL staff guided queue and temporary shuttle arrangement
Malaysia transport update 2024-07-04
There are 10 comments in total
author
reply
Show 3 replies
Say something",Kelana Jaya line maintenance phase affected frequency and caused crowding at stations at Putra Heights Passengers shared delay slip and crowding evidence during rush hour Rapid KL staff guided queue and temporary shuttle arrangement Malaysia transport update 2024 07 04 There are 10 comments in total author reply Show 3 replies Say something,1,incident_maintenance_impact,synthetic_mock
mrt - 小红书搜索 - Google Chrome,1893,mock_post_1893.png,mrt - 小红书搜索 - Google Chrome,2026-02-23T15:33:00,"Ootashi store
focus on
Normal operation resumed and train intervals are back to schedule at Putra Heights.
People shared regular commute and station photos
No emergency notice was posted
Malaysia transport update 2024-04-18
There are 5 comments in total
author
reply
Show 3 replies
Say something",Normal operation resumed and train intervals are back to schedule at Putra Heights People shared regular commute and station photos No emergency notice was posted Malaysia transport update 2024 04 18 There are 5 comments in total author reply Show 3 replies Say something,0,normal_operation,synthetic_mock
lrtkelanajaya线 - 小红书搜索 - Google Chrome,1894,mock_post_1894.png,lrtkelanajaya线 - 小红书搜索 - Google Chrome,2026-02-23T15:34:00,"Ootashi store
focus on
LRT Kelana Jaya line had a signaling issue during peak hour and trains moved slowly at Ampang Park.
Passengers shared delay slip and crowding evidence during rush hour
Rapid KL staff guided queue and temporary shuttle arrangement
There are 8 comments in total
author
reply
Show 1 replies
Say something",LRT Kelana Jaya line had a signaling issue during peak hour and trains moved slowly at Ampang Park Passengers shared delay slip and crowding evidence during rush hour Rapid KL staff guided queue and temporary shuttle arrangement There are 8 comments in total author reply Show 1 replies Say something,1,incident_breakdown,synthetic_mock
mrt kajang - 小红书搜索 - Google Chrome,1895,mock_post_1895.png,mrt kajang - 小红书搜索 - Google Chrome,2026-02-23T15:35:00,"Ootashi store
focus on
No disruption observed and transfer between lines completed without waiting at Universiti.
People shared regular commute and station photos
No emergency notice was posted
Malaysia transport update 2024-01-28
There are 16 comments in total
author
reply
Show 2 replies
Say something",No disruption observed and transfer between lines completed without waiting at Universiti People shared regular commute and station photos No emergency notice was posted Malaysia transport update 2024 01 28 There are 16 comments in total author reply Show 2 replies Say something,0,normal_no_incident,synthetic_mock
🇲🇾LRT KelanajayaLine通告，列车降速 - 小红书 - Google Chrome,1896,mock_post_1896.png,🇲🇾LRT KelanajayaLine通告，列车降速 - 小红书 - Google Chrome,2026-02-23T15:36:00,"Little Red Potato 66A1
focus on
Passengers were asked to get off at Pasar Seni due to train fault and wait for replacement at Masjid Jamek.
Passengers shared delay slip and crowding evidence during rush hour
Rapid KL staff guided queue and temporary shuttle arrangement
Malaysia transport update 2024-09-19
There are 13 comments in total
author
reply
Show 3 replies
Say something",Passengers were asked to get off at Pasar Seni due to train fault and wait for replacement at Masjid Jamek Passengers shared delay slip and crowding evidence during rush hour Rapid KL staff guided queue and temporary shuttle arrangement Malaysia transport update 2024 09 19 There are 13 comments in total author reply Show 3 replies Say something,1,incident_train_fault,synthetic_mock
mrt kajang - 小红书搜索 - Google Chrome,1897,mock_post_1897.png,mrt kajang - 小红书搜索 - Google Chrome,2026-02-23T15:37:00,"City transit watcher
focus on
No disruption observed and transfer between lines completed without waiting at Gombak.
People shared regular commute and station photos
No emergency notice was posted
There are 12 comments in total
author
reply
Show 2 replies
Say something",No disruption observed and transfer between lines completed without waiting at Gombak People shared regular commute and station photos No emergency notice was posted There are 12 comments in total author reply Show 2 replies Say something,0,normal_no_incident,synthetic_mock
lrtkelanajaya线 - 小红书搜索 - Google Chrome,1898,mock_post_1898.png,lrtkelanajaya线 - 小红书搜索 - Google Chrome,2026-02-23T15:38:00,"Ootashi store
focus on
Commuters reported long queue and train delay after track maintenance at Universiti station at Putra Heights.
Passengers shared delay slip and crowding evidence during rush hour
Rapid KL staff guided queue and temporary shuttle arrangement
Malaysia transport update 2025-02-23
There are 5 comments in total
author
reply
Show 2 replies
Say something",Commuters reported long queue and train delay after track maintenance at Universiti station at Putra Heights Passengers shared delay slip and crowding evidence during rush hour Rapid KL staff guided queue and temporary shuttle arrangement Malaysia transport update 2025 02 23 There are 5 comments in total author reply Show 2 replies Say something,1,incident_delay,synthetic_mock
lrt klcc - 小红书搜索 - Google Chrome,1899,mock_post_1899.png,lrt klcc - 小红书搜索 - Google Chrome,2026-02-23T15:39:00,"Ootashi store
focus on
Routine travel post about route tips and fare sharing at KL Sentral.
People shared regular commute and station photos
No emergency notice was posted
Malaysia transport update 2026-12-16
There are 18 comments in total
author
reply
Show 2 replies
Say something",Routine travel post about route tips and fare sharing at KL Sentral People shared regular commute and station photos No emergency notice was posted Malaysia transport update 2026 12 16 There are 18 comments in total author reply Show 2 replies Say something,0,normal_travel_tip,synthetic_mock
mrt - 小红书搜索 - Google Chrome,1900,mock_post_1900.png,mrt - 小红书搜索 - Google Chrome,2026-02-23T15:40:00,"City transit watcher
focus on
Passengers were asked to get off at Pasar Seni due to train fault and wait for replacement at Universiti.
Passengers shared delay slip and crowding evidence during rush hour
Rapid KL staff guided queue and temporary shuttle arrangement
Malaysia transport update 2026-11-18
There are 8 comments in total
author
reply
Show 2 replies
Say something",Passengers were asked to get off at Pasar Seni due to train fault and wait for replacement at Universiti Passengers shared delay slip and crowding evidence during rush hour Rapid KL staff guided queue and temporary shuttle arrangement Malaysia transport update 2026 11 18 There are 8 comments in total author reply Show 2 replies Say something,1,incident_train_fault,synthetic_mock
mrt kajang - 小红书搜索 - Google Chrome,1901,mock_post_1901.png,mrt kajang - 小红书搜索 - Google Chrome,2026-02-23T15:41:00,"Rapid commuter diary
focus on
Routine travel post about route tips and fare sharing at Kelana Jaya.
People shared regular commute and station photos
No emergency notice was posted
There are 16 comments in total
author
reply
Show 3 replies
Say something",Routine travel post about route tips and fare sharing at Kelana Jaya People shared regular commute and station photos No emergency notice was posted There are 16 comments in total author reply Show 3 replies Say something,0,normal_travel_tip,synthetic_mock
lrt is bad again - Xiaohongshu search - Google Chrome,1902,mock_post_1902.png,lrt is bad again - Xiaohongshu search - Google Chrome,2026-02-23T15:42:00,"Xiaoxuan Talk Malaysia Official
focus on
LRT Kelana Jaya line had a signaling issue during peak hour and trains moved slowly at Pasar Seni.
Passengers shared delay slip and crowding evidence during rush hour
Rapid KL staff guided queue and temporary shuttle arrangement
There are 18 comments in total
author
reply
Show 3 replies
Say something",LRT Kelana Jaya line had a signaling issue during peak hour and trains moved slowly at Pasar Seni Passengers shared delay slip and crowding evidence during rush hour Rapid KL staff guided queue and temporary shuttle arrangement There are 18 comments in total author reply Show 3 replies Say something,1,incident_breakdown,synthetic_mock
mrt fault - 小红书搜索 - Google Chrome,1903,mock_post_1903.png,mrt fault - 小红书搜索 - Google Chrome,2026-02-23T15:43:00,"KL daily commuter
focus on
Commuting to work was smooth and station crowd level was manageable today at Ampang Park.
People shared regular commute and station photos
No emergency notice was posted
There are 3 comments in total
author
reply
Show 3 replies
Say something",Commuting to work was smooth and station crowd level was manageable today at Ampang Park People shared regular commute and station photos No emergency notice was posted There are 3 comments in total author reply Show 3 replies Say something,0,normal_commute,synthetic_mock
lrtkelanajaya故障 - 小红书搜索 - Google Chrome,1904,mock_post_1904.png,lrtkelanajaya故障 - 小红书搜索 - Google Chrome,2026-02-23T15:44:00,"Little Red Potato 66A1
focus on
LRT Kelana Jaya line had a signaling issue during peak hour and trains moved slowly at Gombak.
Passengers shared delay slip and crowding evidence during rush hour
Rapid KL staff guided queue and temporary shuttle arrangement
Malaysia transport update 2026-01-23
There are 16 comments in total
author
reply
Show 2 replies
Say something",LRT Kelana Jaya line had a signaling issue during peak hour and trains moved slowly at Gombak Passengers shared delay slip and crowding evidence during rush hour Rapid KL staff guided queue and temporary shuttle arrangement Malaysia transport update 2026 01 23 There are 16 comments in total author reply Show 2 replies Say something,1,incident_breakdown,synthetic_mock
lrtkelanajaya线 - 小红书搜索 - Google Chrome,1905,mock_post_1905.png,lrtkelanajaya线 - 小红书搜索 - Google Chrome,2026-02-23T15:45:00,"City transit watcher
focus on
No disruption observed and transfer between lines completed without waiting at Universiti.
People shared regular commute and station photos
No emergency notice was posted
Malaysia transport update 2026-12-22
There are 10 comments in total
author
reply
Show 2 replies
Say something",No disruption observed and transfer between lines completed without waiting at Universiti People shared regular commute and station photos No emergency notice was posted Malaysia transport update 2026 12 22 There are 10 comments in total author reply Show 2 replies Say something,0,normal_no_incident,synthetic_mock
🇲🇾LRT KelanajayaLine通告，列车降速 - 小红书 - Google Chrome,1906,mock_post_1906.png,🇲🇾LRT KelanajayaLine通告，列车降速 - 小红书 - Google Chrome,2026-02-23T15:46:00,"Rapid commuter diary
focus on
Passengers were asked to get off at Pasar Seni due to train fault and wait for replacement at Masjid Jamek.
Passengers shared delay slip and crowding evidence during rush hour
Rapid KL staff guided queue and temporary shuttle arrangement
Malaysia transport update 2026-11-19
There are 11 comments in total
author
reply
Show 1 replies
Say something",Passengers were asked to get off at Pasar Seni due to train fault and wait for replacement at Masjid Jamek Passengers shared delay slip and crowding evidence during rush hour Rapid KL staff guided queue and temporary shuttle arrangement Malaysia transport update 2026 11 19 There are 11 comments in total author reply Show 1 replies Say something,1,incident_train_fault,synthetic_mock
lrtkelanajaya故障 - 小红书搜索 - Google Chrome,1907,mock_post_1907.png,lrtkelanajaya故障 - 小红书搜索 - Google Chrome,2026-02-23T15:47:00,"Little Red Potato 66A1
focus on
Normal operation resumed and train intervals are back to schedule at Putra Heights.
People shared regular commute and station photos
No emergency notice was posted
Malaysia transport update 2024-10-03
There are 17 comments in total
author
reply
Show 2 replies
Say something",Normal operation resumed and train intervals are back to schedule at Putra Heights People shared regular commute and station photos No emergency notice was posted Malaysia transport update 2024 10 03 There are 17 comments in total author reply Show 2 replies Say something,0,normal_operation,synthetic_mock
lrt is bad again - Xiaohongshu search - Google Chrome,1908,mock_post_1908.png,lrt is bad again - Xiaohongshu search - Google Chrome,2026-02-23T15:48:00,"Ootashi store
focus on
Kelana Jaya line maintenance phase affected frequency and caused crowding at stations at Universiti.
Passengers shared delay slip and crowding evidence during rush hour
Rapid KL staff guided queue and temporary shuttle arrangement
There are 6 comments in total
author
reply
Show 1 replies
Say something",Kelana Jaya line maintenance phase affected frequency and caused crowding at stations at Universiti Passengers shared delay slip and crowding evidence during rush hour Rapid KL staff guided queue and temporary shuttle arrangement There are 6 comments in total author reply Show 1 replies Say something,1,incident_maintenance_impact,synthetic_mock
mrt kajang - 小红书搜索 - Google Chrome,1909,mock_post_1909.png,mrt kajang - 小红书搜索 - Google Chrome,2026-02-23T15:49:00,"City transit watcher
focus on
General city transport post not related to outage or malfunction at Ampang Park.
People shared regular commute and station photos
No emergency notice was posted
Malaysia transport update 2024-02-13
There are 13 comments in total
author
reply
Show 2 replies
Say something",General city transport post not related to outage or malfunction at Ampang Park People shared regular commute and station photos No emergency notice was posted Malaysia transport update 2024 02 13 There are 13 comments in total author reply Show 2 replies Say something,0,normal_general,synthetic_mock
mrt - 小红书搜索 - Google Chrome,1910,mock_post_1910.png,mrt - 小红书搜索 - Google Chrome,2026-02-23T15:50:00,"Ootashi store
focus on
Kelana Jaya line maintenance phase affected frequency and caused crowding at stations at Ampang Park.
Passengers shared delay slip and crowding evidence during rush hour
Rapid KL staff guided queue and temporary shuttle arrangement
There are 6 comments in total
author
reply
Show 1 replies
Say something",Kelana Jaya line maintenance phase affected frequency and caused crowding at stations at Ampang Park Passengers shared delay slip and crowding evidence during rush hour Rapid KL staff guided queue and temporary shuttle arrangement There are 6 comments in total author reply Show 1 replies Say something,1,incident_maintenance_impact,synthetic_mock
mrt kajang - 小红书搜索 - Google Chrome,1911,mock_post_1911.png,mrt kajang - 小红书搜索 - Google Chrome,2026-02-23T15:51:00,"City transit watcher
focus on
Commuting to work was smooth and station crowd level was manageable today at Pasar Seni.
People shared regular commute and station photos
No emergency notice was posted
Malaysia transport update 2025-08-03
There are 6 comments in total
author
reply
Show 2 replies
Say something",Commuting to work was smooth and station crowd level was manageable today at Pasar Seni People shared regular commute and station photos No emergency notice was posted Malaysia transport update 2025 08 03 There are 6 comments in total author reply Show 2 replies Say something,0,normal_commute,synthetic_mock
mrtkajang问题 - 小红书搜索 - Google Chrome,1912,mock_post_1912.png,mrtkajang问题 - 小红书搜索 - Google Chrome,2026-02-23T15:52:00,"Leisurely kitten
focus on
Rapid KL announced temporary service disruption between KLCC and Gombak with shuttle support at Universiti.
Passengers shared delay slip and crowding evidence during rush hour
Rapid KL staff guided queue and temporary shuttle arrangement
There are 3 comments in total
author
reply
Show 2 replies
Say something",Rapid KL announced temporary service disruption between KLCC and Gombak with shuttle support at Universiti Passengers shared delay slip and crowding evidence during rush hour Rapid KL staff guided queue and temporary shuttle arrangement There are 3 comments in total author reply Show 2 replies Say something,1,incident_service_disruption,synthetic_mock
mrt fault - 小红书搜索 - Google Chrome,1913,mock_post_1913.png,mrt fault - 小红书搜索 - Google Chrome,2026-02-23T15:53:00,"Leisurely kitten
focus on
Normal operation resumed and train intervals are back to schedule at Masjid Jamek.
People shared regular commute and station photos
No emergency notice was posted
Malaysia transport update 2026-01-18
There are 2 comments in total
author
reply
Show 3 replies
Say something",Normal operation resumed and train intervals are back to schedule at Masjid Jamek People shared regular commute and station photos No emergency notice was posted Malaysia transport update 2026 01 18 There are 2 comments in total author reply Show 3 replies Say something,0,normal_operation,synthetic_mock
lrt is bad again - Xiaohongshu search - Google Chrome,1914,mock_post_1914.png,lrt is bad again - Xiaohongshu search - Google Chrome,2026-02-23T15:54:00,"Xiaoxuan Talk Malaysia Official
focus on
LRT Kelana Jaya line had a signaling issue during peak hour and trains moved slowly at Pasar Seni.
Passengers shared delay slip and crowding evidence during rush hour
Rapid KL staff guided queue and temporary shuttle arrangement
There are 17 comments in total
author
reply
Show 1 replies
Say something",LRT Kelana Jaya line had a signaling issue during peak hour and trains moved slowly at Pasar Seni Passengers shared delay slip and crowding evidence during rush hour Rapid KL staff guided queue and temporary shuttle arrangement There are 17 comments in total author reply Show 1 replies Say something,1,incident_breakdown,synthetic_mock
lrtkelanajaya线 - 小红书搜索 - Google Chrome,1915,mock_post_1915.png,lrtkelanajaya线 - 小红书搜索 - Google Chrome,2026-02-23T15:55:00,"Leisurely kitten
focus on
Commuting to work was smooth and station crowd level was manageable today at Wangsa Maju.
People shared regular commute and station photos
No emergency notice was posted
Malaysia transport update 2026-10-12
There are 3 comments in total
author
reply
Show 1 replies
Say something",Commuting to work was smooth and station crowd level was manageable today at Wangsa Maju People shared regular commute and station photos No emergency notice was posted Malaysia transport update 2026 10 12 There are 3 comments in total author reply Show 1 replies Say something,0,normal_commute,synthetic_mock
mrt fault - 小红书搜索 - Google Chrome,1916,mock_post_1916.png,mrt fault - 小红书搜索 - Google Chrome,2026-02-23T15:56:00,"Rapid commuter diary
focus on
Kelana Jaya line maintenance phase affected frequency and caused crowding at stations at KL Sentral.
Passengers shared delay slip and crowding evidence during rush hour
Rapid KL staff guided queue and temporary shuttle arrangement
Malaysia transport update 2024-06-04
There are 5 comments in total
author
reply
Show 3 replies
Say something",Kelana Jaya line maintenance phase affected frequency and caused crowding at stations at KL Sentral Passengers shared delay slip and crowding evidence during rush hour Rapid KL staff guided queue and temporary shuttle arrangement Malaysia transport update 2024 06 04 There are 5 comments in total author reply Show 3 replies Say something,1,incident_maintenance_impact,synthetic_mock
lrtkelanajaya故障 - 小红书搜索 - Google Chrome,1917,mock_post_1917.png,lrtkelanajaya故障 - 小红书搜索 - Google Chrome,2026-02-23T15:57:00,"Rapid commuter diary
focus on
Routine travel post about route tips and fare sharing at Pasar Seni.
People shared regular commute and station photos
No emergency notice was posted
There are 6 comments in total
author
reply
Show 3 replies
Say something",Routine travel post about route tips and fare sharing at Pasar Seni People shared regular commute and station photos No emergency notice was posted There are 6 comments in total author reply Show 3 replies Say something,0,normal_travel_tip,synthetic_mock
lrt klcc - 小红书搜索 - Google Chrome,1918,mock_post_1918.png,lrt klcc - 小红书搜索 - Google Chrome,2026-02-23T15:58:00,"Little Red Potato 66A1
focus on
Power trip caused brief outage and service resumed after technicians completed repair at Kelana Jaya.
Passengers shared delay slip and crowding evidence during rush hour
Rapid KL staff guided queue and temporary shuttle arrangement
Malaysia transport update 2026-02-26
There are 10 comments in total
author
reply
Show 2 replies
Say something",Power trip caused brief outage and service resumed after technicians completed repair at Kelana Jaya Passengers shared delay slip and crowding evidence during rush hour Rapid KL staff guided queue and temporary shuttle arrangement Malaysia transport update 2026 02 26 There are 10 comments in total author reply Show 2 replies Say something,1,incident_power_outage,synthetic_mock
mrt fault - 小红书搜索 - Google Chrome,1919,mock_post_1919.png,mrt fault - 小红书搜索 - Google Chrome,2026-02-23T15:59:00,"Little Red Potato 66A1
focus on
Commuting to work was smooth and station crowd level was manageable today at Pasar Seni.
People shared regular commute and station photos
No emergency notice was posted
Malaysia transport update 2024-08-07
There are 5 comments in total
author
reply
Show 3 replies
Say something",Commuting to work was smooth and station crowd level was manageable today at Pasar Seni People shared regular commute and station photos No emergency notice was posted Malaysia transport update 2024 08 07 There are 5 comments in total author reply Show 3 replies Say something,0,normal_commute,synthetic_mock
mrt fault - 小红书搜索 - Google Chrome,1920,mock_post_1920.png,mrt fault - 小红书搜索 - Google Chrome,2026-02-23T16:00:00,"KL daily commuter
focus on
Power trip caused brief outage and service resumed after technicians completed repair at Masjid Jamek.
Passengers shared delay slip and crowding evidence during rush hour
Rapid KL staff guided queue and temporary shuttle arrangement
Malaysia transport update 2025-02-22
There are 18 comments in total
author
reply
Show 1 replies
Say something",Power trip caused brief outage and service resumed after technicians completed repair at Masjid Jamek Passengers shared delay slip and crowding evidence during rush hour Rapid KL staff guided queue and temporary shuttle arrangement Malaysia transport update 2025 02 22 There are 18 comments in total author reply Show 1 replies Say something,1,incident_power_outage,synthetic_mock
mrt fault - 小红书搜索 - Google Chrome,1921,mock_post_1921.png,mrt fault - 小红书搜索 - Google Chrome,2026-02-23T16:01:00,"Ootashi store
focus on
Service update says all lines are stable with no major delay this morning at Putra Heights.
People shared regular commute and station photos
No emergency notice was posted
Malaysia transport update 2025-04-26
There are 13 comments in total
author
reply
Show 1 replies
Say something",Service update says all lines are stable with no major delay this morning at Putra Heights People shared regular commute and station photos No emergency notice was posted Malaysia transport update 2025 04 26 There are 13 comments in total author reply Show 1 replies Say something,0,normal_update,synthetic_mock
lrt klcc - 小红书搜索 - Google Chrome,1922,mock_post_1922.png,lrt klcc - 小红书搜索 - Google Chrome,2026-02-23T16:02:00,"KL daily commuter
focus on
LRT Kelana Jaya line had a signaling issue during peak hour and trains moved slowly at Ampang Park.
Passengers shared delay slip and crowding evidence during rush hour
Rapid KL staff guided queue and temporary shuttle arrangement
There are 4 comments in total
author
reply
Show 3 replies
Say something",LRT Kelana Jaya line had a signaling issue during peak hour and trains moved slowly at Ampang Park Passengers shared delay slip and crowding evidence during rush hour Rapid KL staff guided queue and temporary shuttle arrangement There are 4 comments in total author reply Show 3 replies Say something,1,incident_breakdown,synthetic_mock
mrt kajang - 小红书搜索 - Google Chrome,1923,mock_post_1923.png,mrt kajang - 小红书搜索 - Google Chrome,2026-02-23T16:03:00,"Little Red Potato 66A1
focus on
General city transport post not related to outage or malfunction at Putra Heights.
People shared regular commute and station photos
No emergency notice was posted
There are 18 comments in total
author
reply
Show 3 replies
Say something",General city transport post not related to outage or malfunction at Putra Heights People shared regular commute and station photos No emergency notice was posted There are 18 comments in total author reply Show 3 replies Say something,0,normal_general,synthetic_mock
mrt kajang - 小红书搜索 - Google Chrome,1924,mock_post_1924.png,mrt kajang - 小红书搜索 - Google Chrome,2026-02-23T16:04:00,"Leisurely kitten
focus on
Passengers were asked to get off at Pasar Seni due to train fault and wait for replacement at Universiti.
Passengers shared delay slip and crowding evidence during rush hour
Rapid KL staff guided queue and temporary shuttle arrangement
Malaysia transport update 2025-04-10
There are 14 comments in total
author
reply
Show 2 replies
Say something",Passengers were asked to get off at Pasar Seni due to train fault and wait for replacement at Universiti Passengers shared delay slip and crowding evidence during rush hour Rapid KL staff guided queue and temporary shuttle arrangement Malaysia transport update 2025 04 10 There are 14 comments in total author reply Show 2 replies Say something,1,incident_train_fault,synthetic_mock
mrt kajang - 小红书搜索 - Google Chrome,1925,mock_post_1925.png,mrt kajang - 小红书搜索 - Google Chrome,2026-02-23T16:05:00,"Rapid commuter diary
focus on
No disruption observed and transfer between lines completed without waiting at KLCC.
People shared regular commute and station photos
No emergency notice was posted
Malaysia transport update 2024-06-18
There are 16 comments in total
author
reply
Show 3 replies
Say something",No disruption observed and transfer between lines completed without waiting at KLCC People shared regular commute and station photos No emergency notice was posted Malaysia transport update 2024 06 18 There are 16 comments in total author reply Show 3 replies Say something,0,normal_no_incident,synthetic_mock
lrt is bad again - Xiaohongshu search - Google Chrome,1926,mock_post_1926.png,lrt is bad again - Xiaohongshu search - Google Chrome,2026-02-23T16:06:00,"KL daily commuter
focus on
Commuters reported long queue and train delay after track maintenance at Universiti station at Ampang Park.
Passengers shared delay slip and crowding evidence during rush hour
Rapid KL staff guided queue and temporary shuttle arrangement
There are 2 comments in total
author
reply
Show 3 replies
Say something",Commuters reported long queue and train delay after track maintenance at Universiti station at Ampang Park Passengers shared delay slip and crowding evidence during rush hour Rapid KL staff guided queue and temporary shuttle arrangement There are 2 comments in total author reply Show 3 replies Say something,1,incident_delay,synthetic_mock
🇲🇾LRT停运 注意了‼️ - 小红书 - Google Chrome,1927,mock_post_1927.png,🇲🇾LRT停运 注意了‼️ - 小红书 - Google Chrome,2026-02-23T16:07:00,"Leisurely kitten
focus on
Service update says all lines are stable with no major delay this morning at KLCC.
People shared regular commute and station photos
No emergency notice was posted
There are 18 comments in total
author
reply
Show 1 replies
Say something",Service update says all lines are stable with no major delay this morning at KLCC People shared regular commute and station photos No emergency notice was posted There are 18 comments in total author reply Show 1 replies Say something,0,normal_update,synthetic_mock
lrt is bad again - Xiaohongshu search - Google Chrome,1928,mock_post_1928.png,lrt is bad again - Xiaohongshu search - Google Chrome,2026-02-23T16:08:00,"Little Red Potato 66A1
focus on
Commuters reported long queue and train delay after track maintenance at Universiti station at Kelana Jaya.
Passengers shared delay slip and crowding evidence during rush hour
Rapid KL staff guided queue and temporary shuttle arrangement
Malaysia transport update 2025-07-07
There are 12 comments in total
author
reply
Show 3 replies
Say something",Commuters reported long queue and train delay after track maintenance at Universiti station at Kelana Jaya Passengers shared delay slip and crowding evidence during rush hour Rapid KL staff guided queue and temporary shuttle arrangement Malaysia transport update 2025 07 07 There are 12 comments in total author reply Show 3 replies Say something,1,incident_delay,synthetic_mock
lrt klcc - 小红书搜索 - Google Chrome,1929,mock_post_1929.png,lrt klcc - 小红书搜索 - Google Chrome,2026-02-23T16:09:00,"City transit watcher
focus on
General city transport post not related to outage or malfunction at Wangsa Maju.
People shared regular commute and station photos
No emergency notice was posted
Malaysia transport update 2024-09-12
There are 2 comments in total
author
reply
Show 1 replies
Say something",General city transport post not related to outage or malfunction at Wangsa Maju People shared regular commute and station photos No emergency notice was posted Malaysia transport update 2024 09 12 There are 2 comments in total author reply Show 1 replies Say something,0,normal_general,synthetic_mock
lrtkelanajaya线 - 小红书搜索 - Google Chrome,1930,mock_post_1930.png,lrtkelanajaya线 - 小红书搜索 - Google Chrome,2026-02-23T16:10:00,"Ootashi store
focus on
Power trip caused brief outage and service resumed after technicians completed repair at Pasar Seni.
Passengers shared delay slip and crowding evidence during rush hour
Rapid KL staff guided queue and temporary shuttle arrangement
There are 3 comments in total
author
reply
Show 3 replies
Say something",Power trip caused brief outage and service resumed after technicians completed repair at Pasar Seni Passengers shared delay slip and crowding evidence during rush hour Rapid KL staff guided queue and temporary shuttle arrangement There are 3 comments in total author reply Show 3 replies Say something,1,incident_power_outage,synthetic_mock
mrt kajang - 小红书搜索 - Google Chrome,1931,mock_post_1931.png,mrt kajang - 小红书搜索 - Google Chrome,2026-02-23T16:11:00,"Little Red Potato 66A1
focus on
No disruption observed and transfer between lines completed without waiting at Universiti.
People shared regular commute and station photos
No emergency notice was posted
There are 1 comments in total
author
reply
Show 1 replies
Say something",No disruption observed and transfer between lines completed without waiting at Universiti People shared regular commute and station photos No emergency notice was posted There are 1 comments in total author reply Show 1 replies Say something,0,normal_no_incident,synthetic_mock
mrt kajang - 小红书搜索 - Google Chrome,1932,mock_post_1932.png,mrt kajang - 小红书搜索 - Google Chrome,2026-02-23T16:12:00,"Leisurely kitten
focus on
Rapid KL announced temporary service disruption between KLCC and Gombak with shuttle support at KLCC.
Passengers shared delay slip and crowding evidence during rush hour
Rapid KL staff guided queue and temporary shuttle arrangement
Malaysia transport update 2024-11-27
There are 11 comments in total
author
reply
Show 1 replies
Say something",Rapid KL announced temporary service disruption between KLCC and Gombak with shuttle support at KLCC Passengers shared delay slip and crowding evidence during rush hour Rapid KL staff guided queue and temporary shuttle arrangement Malaysia transport update 2024 11 27 There are 11 comments in total author reply Show 1 replies Say something,1,incident_service_disruption,synthetic_mock
🇲🇾LRT停运 注意了‼️ - 小红书 - Google Chrome,1933,mock_post_1933.png,🇲🇾LRT停运 注意了‼️ - 小红书 - Google Chrome,2026-02-23T16:13:00,"KL daily commuter
focus on
Service update says all lines are stable with no major delay this morning at Putra Heights.
People shared regular commute and station photos
No emergency notice was posted
Malaysia transport update 2024-03-20
There are 8 comments in total
author
reply
Show 3 replies
Say something",Service update says all lines are stable with no major delay this morning at Putra Heights People shared regular commute and station photos No emergency notice was posted Malaysia transport update 2024 03 20 There are 8 comments in total author reply Show 3 replies Say something,0,normal_update,synthetic_mock
🇲🇾LRT停运 注意了‼️ - 小红书 - Google Chrome,1934,mock_post_1934.png,🇲🇾LRT停运 注意了‼️ - 小红书 - Google Chrome,2026-02-23T16:14:00,"City transit watcher
focus on
Commuters reported long queue and train delay after track maintenance at Universiti station at Wangsa Maju.
Passengers shared delay slip and crowding evidence during rush hour
Rapid KL staff guided queue and temporary shuttle arrangement
There are 10 comments in total
author
reply
Show 1 replies
Say something",Commuters reported long queue and train delay after track maintenance at Universiti station at Wangsa Maju Passengers shared delay slip and crowding evidence during rush hour Rapid KL staff guided queue and temporary shuttle arrangement There are 10 comments in total author reply Show 1 replies Say something,1,incident_delay,synthetic_mock
mrt kajang - 小红书搜索 - Google Chrome,1935,mock_post_1935.png,mrt kajang - 小红书搜索 - Google Chrome,2026-02-23T16:15:00,"Rapid commuter diary
focus on
General city transport post not related to outage or malfunction at Gombak.
People shared regular commute and station photos
No emergency notice was posted
There are 14 comments in total
author
reply
Show 2 replies
Say something",General city transport post not related to outage or malfunction at Gombak People shared regular commute and station photos No emergency notice was posted There are 14 comments in total author reply Show 2 replies Say something,0,normal_general,synthetic_mock
lrt is bad again - Xiaohongshu search - Google Chrome,1936,mock_post_1936.png,lrt is bad again - Xiaohongshu search - Google Chrome,2026-02-23T16:16:00,"KL daily commuter
focus on
Commuters reported long queue and train delay after track maintenance at Universiti station at Universiti.
Passengers shared delay slip and crowding evidence during rush hour
Rapid KL staff guided queue and temporary shuttle arrangement
There are 9 comments in total
author
reply
Show 3 replies
Say something",Commuters reported long queue and train delay after track maintenance at Universiti station at Universiti Passengers shared delay slip and crowding evidence during rush hour Rapid KL staff guided queue and temporary shuttle arrangement There are 9 comments in total author reply Show 3 replies Say something,1,incident_delay,synthetic_mock
🇲🇾LRT停运 注意了‼️ - 小红书 - Google Chrome,1937,mock_post_1937.png,🇲🇾LRT停运 注意了‼️ - 小红书 - Google Chrome,2026-02-23T16:17:00,"Xiaoxuan Talk Malaysia Official
focus on
General city transport post not related to outage or malfunction at Wangsa Maju.
People shared regular commute and station photos
No emergency notice was posted
There are 15 comments in total
author
reply
Show 1 replies
Say something",General city transport post not related to outage or malfunction at Wangsa Maju People shared regular commute and station photos No emergency notice was posted There are 15 comments in total author reply Show 1 replies Say something,0,normal_general,synthetic_mock
mrtkajang问题 - 小红书搜索 - Google Chrome,1938,mock_post_1938.png,mrtkajang问题 - 小红书搜索 - Google Chrome,2026-02-23T16:18:00,"Xiaoxuan Talk Malaysia Official
focus on
Kelana Jaya line maintenance phase affected frequency and caused crowding at stations at Universiti.
Passengers shared delay slip and crowding evidence during rush hour
Rapid KL staff guided queue and temporary shuttle arrangement
There are 4 comments in total
author
reply
Show 1 replies
Say something",Kelana Jaya line maintenance phase affected frequency and caused crowding at stations at Universiti Passengers shared delay slip and crowding evidence during rush hour Rapid KL staff guided queue and temporary shuttle arrangement There are 4 comments in total author reply Show 1 replies Say something,1,incident_maintenance_impact,synthetic_mock
地铁 马来西亚 - 小红书搜索 - Google Chrome,1939,mock_post_1939.png,地铁 马来西亚 - 小红书搜索 - Google Chrome,2026-02-23T16:19:00,"Little Red Potato 66A1
focus on
Normal operation resumed and train intervals are back to schedule at Pasar Seni.
People shared regular commute and station photos
No emergency notice was posted
Malaysia transport update 2026-05-22
There are 13 comments in total
author
reply
Show 2 replies
Say something",Normal operation resumed and train intervals are back to schedule at Pasar Seni People shared regular commute and station photos No emergency notice was posted Malaysia transport update 2026 05 22 There are 13 comments in total author reply Show 2 replies Say something,0,normal_operation,synthetic_mock
mrt kajang - 小红书搜索 - Google Chrome,1940,mock_post_1940.png,mrt kajang - 小红书搜索 - Google Chrome,2026-02-23T16:20:00,"KL daily commuter
focus on
Commuters reported long queue and train delay after track maintenance at Universiti station at Gombak.
Passengers shared delay slip and crowding evidence during rush hour
Rapid KL staff guided queue and temporary shuttle arrangement
There are 4 comments in total
author
reply
Show 1 replies
Say something",Commuters reported long queue and train delay after track maintenance at Universiti station at Gombak Passengers shared delay slip and crowding evidence during rush hour Rapid KL staff guided queue and temporary shuttle arrangement There are 4 comments in total author reply Show 1 replies Say something,1,incident_delay,synthetic_mock
地铁 马来西亚 - 小红书搜索 - Google Chrome,1941,mock_post_1941.png,地铁 马来西亚 - 小红书搜索 - Google Chrome,2026-02-23T16:21:00,"Little Red Potato 66A1
focus on
Service update says all lines are stable with no major delay this morning at KLCC.
People shared regular commute and station photos
No emergency notice was posted
There are 7 comments in total
author
reply
Show 1 replies
Say something",Service update says all lines are stable with no major delay this morning at KLCC People shared regular commute and station photos No emergency notice was posted There are 7 comments in total author reply Show 1 replies Say something,0,normal_update,synthetic_mock
lrt klcc - 小红书搜索 - Google Chrome,1942,mock_post_1942.png,lrt klcc - 小红书搜索 - Google Chrome,2026-02-23T16:22:00,"Rapid commuter diary
focus on
LRT Kelana Jaya line had a signaling issue during peak hour and trains moved slowly at Ampang Park.
Passengers shared delay slip and crowding evidence during rush hour
Rapid KL staff guided queue and temporary shuttle arrangement
Malaysia transport update 2024-01-27
There are 13 comments in total
author
reply
Show 1 replies
Say something",LRT Kelana Jaya line had a signaling issue during peak hour and trains moved slowly at Ampang Park Passengers shared delay slip and crowding evidence during rush hour Rapid KL staff guided queue and temporary shuttle arrangement Malaysia transport update 2024 01 27 There are 13 comments in total author reply Show 1 replies Say something,1,incident_breakdown,synthetic_mock
🇲🇾LRT KelanajayaLine通告，列车降速 - 小红书 - Google Chrome,1943,mock_post_1943.png,🇲🇾LRT KelanajayaLine通告，列车降速 - 小红书 - Google Chrome,2026-02-23T16:23:00,"Ootashi store
focus on
General city transport post not related to outage or malfunction at KLCC.
People shared regular commute and station photos
No emergency notice was posted
Malaysia transport update 2025-08-24
There are 5 comments in total
author
reply
Show 2 replies
Say something",General city transport post not related to outage or malfunction at KLCC People shared regular commute and station photos No emergency notice was posted Malaysia transport update 2025 08 24 There are 5 comments in total author reply Show 2 replies Say something,0,normal_general,synthetic_mock
mrt fault - 小红书搜索 - Google Chrome,1944,mock_post_1944.png,mrt fault - 小红书搜索 - Google Chrome,2026-02-23T16:24:00,"KL daily commuter
focus on
LRT Kelana Jaya line had a signaling issue during peak hour and trains moved slowly at Masjid Jamek.
Passengers shared delay slip and crowding evidence during rush hour
Rapid KL staff guided queue and temporary shuttle arrangement
There are 7 comments in total
author
reply
Show 3 replies
Say something",LRT Kelana Jaya line had a signaling issue during peak hour and trains moved slowly at Masjid Jamek Passengers shared delay slip and crowding evidence during rush hour Rapid KL staff guided queue and temporary shuttle arrangement There are 7 comments in total author reply Show 3 replies Say something,1,incident_breakdown,synthetic_mock
lrtkelanajaya故障 - 小红书搜索 - Google Chrome,1945,mock_post_1945.png,lrtkelanajaya故障 - 小红书搜索 - Google Chrome,2026-02-23T16:25:00,"Xiaoxuan Talk Malaysia Official
focus on
Normal operation resumed and train intervals are back to schedule at KL Sentral.
People shared regular commute and station photos
No emergency notice was posted
There are 11 comments in total
author
reply
Show 2 replies
Say something",Normal operation resumed and train intervals are back to schedule at KL Sentral People shared regular commute and station photos No emergency notice was posted There are 11 comments in total author reply Show 2 replies Say something,0,normal_operation,synthetic_mock
mrt kajang - 小红书搜索 - Google Chrome,1946,mock_post_1946.png,mrt kajang - 小红书搜索 - Google Chrome,2026-02-23T16:26:00,"Ootashi store
focus on
Commuters reported long queue and train delay after track maintenance at Universiti station at Ampang Park.
Passengers shared delay slip and crowding evidence during rush hour
Rapid KL staff guided queue and temporary shuttle arrangement
There are 2 comments in total
author
reply
Show 2 replies
Say something",Commuters reported long queue and train delay after track maintenance at Universiti station at Ampang Park Passengers shared delay slip and crowding evidence during rush hour Rapid KL staff guided queue and temporary shuttle arrangement There are 2 comments in total author reply Show 2 replies Say something,1,incident_delay,synthetic_mock
mrtkajang问题 - 小红书搜索 - Google Chrome,1947,mock_post_1947.png,mrtkajang问题 - 小红书搜索 - Google Chrome,2026-02-23T16:27:00,"Little Red Potato 66A1
focus on
Service update says all lines are stable with no major delay this morning at Gombak.
People shared regular commute and station photos
No emergency notice was posted
Malaysia transport update 2024-11-07
There are 11 comments in total
author
reply
Show 3 replies
Say something",Service update says all lines are stable with no major delay this morning at Gombak People shared regular commute and station photos No emergency notice was posted Malaysia transport update 2024 11 07 There are 11 comments in total author reply Show 3 replies Say something,0,normal_update,synthetic_mock
地铁 马来西亚 - 小红书搜索 - Google Chrome,1948,mock_post_1948.png,地铁 马来西亚 - 小红书搜索 - Google Chrome,2026-02-23T16:28:00,"Xiaoxuan Talk Malaysia Official
focus on
LRT Kelana Jaya line had a signaling issue during peak hour and trains moved slowly at Ampang Park.
Passengers shared delay slip and crowding evidence during rush hour
Rapid KL staff guided queue and temporary shuttle arrangement
There are 17 comments in total
author
reply
Show 2 replies
Say something",LRT Kelana Jaya line had a signaling issue during peak hour and trains moved slowly at Ampang Park Passengers shared delay slip and crowding evidence during rush hour Rapid KL staff guided queue and temporary shuttle arrangement There are 17 comments in total author reply Show 2 replies Say something,1,incident_breakdown,synthetic_mock
🇲🇾LRT停运 注意了‼️ - 小红书 - Google Chrome,1949,mock_post_1949.png,🇲🇾LRT停运 注意了‼️ - 小红书 - Google Chrome,2026-02-23T16:29:00,"Little Red Potato 66A1
focus on
Service update says all lines are stable with no major delay this morning at Pasar Seni.
People shared regular commute and station photos
No emergency notice was posted
There are 2 comments in total
author
reply
Show 1 replies
Say something",Service update says all lines are stable with no major delay this morning at Pasar Seni People shared regular commute and station photos No emergency notice was posted There are 2 comments in total author reply Show 1 replies Say something,0,normal_update,synthetic_mock
lrt is bad again - Xiaohongshu search - Google Chrome,1950,mock_post_1950.png,lrt is bad again - Xiaohongshu search - Google Chrome,2026-02-23T16:30:00,"Little Red Potato 66A1
focus on
LRT Kelana Jaya line had a signaling issue during peak hour and trains moved slowly at Wangsa Maju.
Passengers shared delay slip and crowding evidence during rush hour
Rapid KL staff guided queue and temporary shuttle arrangement
Malaysia transport update 2026-12-06
There are 11 comments in total
author
reply
Show 2 replies
Say something",LRT Kelana Jaya line had a signaling issue during peak hour and trains moved slowly at Wangsa Maju Passengers shared delay slip and crowding evidence during rush hour Rapid KL staff guided queue and temporary shuttle arrangement Malaysia transport update 2026 12 06 There are 11 comments in total author reply Show 2 replies Say something,1,incident_breakdown,synthetic_mock
🇲🇾LRT KelanajayaLine通告，列车降速 - 小红书 - Google Chrome,1951,mock_post_1951.png,🇲🇾LRT KelanajayaLine通告，列车降速 - 小红书 - Google Chrome,2026-02-23T16:31:00,"City transit watcher
focus on
Service update says all lines are stable with no major delay this morning at KLCC.
People shared regular commute and station photos
No emergency notice was posted
Malaysia transport update 2025-01-19
There are 2 comments in total
author
reply
Show 2 replies
Say something",Service update says all lines are stable with no major delay this morning at KLCC People shared regular commute and station photos No emergency notice was posted Malaysia transport update 2025 01 19 There are 2 comments in total author reply Show 2 replies Say something,0,normal_update,synthetic_mock
lrt is bad again - Xiaohongshu search - Google Chrome,1952,mock_post_1952.png,lrt is bad again - Xiaohongshu search - Google Chrome,2026-02-23T16:32:00,"KL daily commuter
focus on
LRT Kelana Jaya line had a signaling issue during peak hour and trains moved slowly at Universiti.
Passengers shared delay slip and crowding evidence during rush hour
Rapid KL staff guided queue and temporary shuttle arrangement
There are 18 comments in total
author
reply
Show 1 replies
Say something",LRT Kelana Jaya line had a signaling issue during peak hour and trains moved slowly at Universiti Passengers shared delay slip and crowding evidence during rush hour Rapid KL staff guided queue and temporary shuttle arrangement There are 18 comments in total author reply Show 1 replies Say something,1,incident_breakdown,synthetic_mock
🇲🇾LRT KelanajayaLine通告，列车降速 - 小红书 - Google Chrome,1953,mock_post_1953.png,🇲🇾LRT KelanajayaLine通告，列车降速 - 小红书 - Google Chrome,2026-02-23T16:33:00,"Little Red Potato 66A1
focus on
General city transport post not related to outage or malfunction at Ampang Park.
People shared regular commute and station photos
No emergency notice was posted
There are 10 comments in total
author
reply
Show 3 replies
Say something",General city transport post not related to outage or malfunction at Ampang Park People shared regular commute and station photos No emergency notice was posted There are 10 comments in total author reply Show 3 replies Say something,0,normal_general,synthetic_mock
mrtkajang问题 - 小红书搜索 - Google Chrome,1954,mock_post_1954.png,mrtkajang问题 - 小红书搜索 - Google Chrome,2026-02-23T16:34:00,"City transit watcher
focus on
Power trip caused brief outage and service resumed after technicians completed repair at Ampang Park.
Passengers shared delay slip and crowding evidence during rush hour
Rapid KL staff guided queue and temporary shuttle arrangement
Malaysia transport update 2025-10-09
There are 12 comments in total
author
reply
Show 3 replies
Say something",Power trip caused brief outage and service resumed after technicians completed repair at Ampang Park Passengers shared delay slip and crowding evidence during rush hour Rapid KL staff guided queue and temporary shuttle arrangement Malaysia transport update 2025 10 09 There are 12 comments in total author reply Show 3 replies Say something,1,incident_power_outage,synthetic_mock
lrtkelanajaya故障 - 小红书搜索 - Google Chrome,1955,mock_post_1955.png,lrtkelanajaya故障 - 小红书搜索 - Google Chrome,2026-02-23T16:35:00,"Rapid commuter diary
focus on
No disruption observed and transfer between lines completed without waiting at Pasar Seni.
People shared regular commute and station photos
No emergency notice was posted
Malaysia transport update 2025-04-05
There are 10 comments in total
author
reply
Show 3 replies
Say something",No disruption observed and transfer between lines completed without waiting at Pasar Seni People shared regular commute and station photos No emergency notice was posted Malaysia transport update 2025 04 05 There are 10 comments in total author reply Show 3 replies Say something,0,normal_no_incident,synthetic_mock
lrt is bad again - Xiaohongshu search - Google Chrome,1956,mock_post_1956.png,lrt is bad again - Xiaohongshu search - Google Chrome,2026-02-23T16:36:00,"Ootashi store
focus on
Power trip caused brief outage and service resumed after technicians completed repair at Gombak.
Passengers shared delay slip and crowding evidence during rush hour
Rapid KL staff guided queue and temporary shuttle arrangement
Malaysia transport update 2024-07-26
There are 10 comments in total
author
reply
Show 1 replies
Say something",Power trip caused brief outage and service resumed after technicians completed repair at Gombak Passengers shared delay slip and crowding evidence during rush hour Rapid KL staff guided queue and temporary shuttle arrangement Malaysia transport update 2024 07 26 There are 10 comments in total author reply Show 1 replies Say something,1,incident_power_outage,synthetic_mock
lrtkelanajaya故障 - 小红书搜索 - Google Chrome,1957,mock_post_1957.png,lrtkelanajaya故障 - 小红书搜索 - Google Chrome,2026-02-23T16:37:00,"City transit watcher
focus on
No disruption observed and transfer between lines completed without waiting at Wangsa Maju.
People shared regular commute and station photos
No emergency notice was posted
There are 8 comments in total
author
reply
Show 2 replies
Say something",No disruption observed and transfer between lines completed without waiting at Wangsa Maju People shared regular commute and station photos No emergency notice was posted There are 8 comments in total author reply Show 2 replies Say something,0,normal_no_incident,synthetic_mock
mrtkajang问题 - 小红书搜索 - Google Chrome,1958,mock_post_1958.png,mrtkajang问题 - 小红书搜索 - Google Chrome,2026-02-23T16:38:00,"Ootashi store
focus on
Kelana Jaya line maintenance phase affected frequency and caused crowding at stations at Putra Heights.
Passengers shared delay slip and crowding evidence during rush hour
Rapid KL staff guided queue and temporary shuttle arrangement
There are 14 comments in total
author
reply
Show 2 replies
Say something",Kelana Jaya line maintenance phase affected frequency and caused crowding at stations at Putra Heights Passengers shared delay slip and crowding evidence during rush hour Rapid KL staff guided queue and temporary shuttle arrangement There are 14 comments in total author reply Show 2 replies Say something,1,incident_maintenance_impact,synthetic_mock
mrt fault - 小红书搜索 - Google Chrome,1959,mock_post_1959.png,mrt fault - 小红书搜索 - Google Chrome,2026-02-23T16:39:00,"Rapid commuter diary
focus on
General city transport post not related to outage or malfunction at Ampang Park.
People shared regular commute and station photos
No emergency notice was posted
There are 15 comments in total
author
reply
Show 2 replies
Say something",General city transport post not related to outage or malfunction at Ampang Park People shared regular commute and station photos No emergency notice was posted There are 15 comments in total author reply Show 2 replies Say something,0,normal_general,synthetic_mock
lrtkelanajaya线 - 小红书搜索 - Google Chrome,1960,mock_post_1960.png,lrtkelanajaya线 - 小红书搜索 - Google Chrome,2026-02-23T16:40:00,"Ootashi store
focus on
Commuters reported long queue and train delay after track maintenance at Universiti station at Wangsa Maju.
Passengers shared delay slip and crowding evidence during rush hour
Rapid KL staff guided queue and temporary shuttle arrangement
There are 7 comments in total
author
reply
Show 1 replies
Say something",Commuters reported long queue and train delay after track maintenance at Universiti station at Wangsa Maju Passengers shared delay slip and crowding evidence during rush hour Rapid KL staff guided queue and temporary shuttle arrangement There are 7 comments in total author reply Show 1 replies Say something,1,incident_delay,synthetic_mock
地铁 马来西亚 - 小红书搜索 - Google Chrome,1961,mock_post_1961.png,地铁 马来西亚 - 小红书搜索 - Google Chrome,2026-02-23T16:41:00,"Little Red Potato 66A1
focus on
General city transport post not related to outage or malfunction at Universiti.
People shared regular commute and station photos
No emergency notice was posted
Malaysia transport update 2026-11-26
There are 12 comments in total
author
reply
Show 2 replies
Say something",General city transport post not related to outage or malfunction at Universiti People shared regular commute and station photos No emergency notice was posted Malaysia transport update 2026 11 26 There are 12 comments in total author reply Show 2 replies Say something,0,normal_general,synthetic_mock
🇲🇾LRT停运 注意了‼️ - 小红书 - Google Chrome,1962,mock_post_1962.png,🇲🇾LRT停运 注意了‼️ - 小红书 - Google Chrome,2026-02-23T16:42:00,"City transit watcher
focus on
Power trip caused brief outage and service resumed after technicians completed repair at Putra Heights.
Passengers shared delay slip and crowding evidence during rush hour
Rapid KL staff guided queue and temporary shuttle arrangement
Malaysia transport update 2025-03-16
There are 4 comments in total
author
reply
Show 3 replies
Say something",Power trip caused brief outage and service resumed after technicians completed repair at Putra Heights Passengers shared delay slip and crowding evidence during rush hour Rapid KL staff guided queue and temporary shuttle arrangement Malaysia transport update 2025 03 16 There are 4 comments in total author reply Show 3 replies Say something,1,incident_power_outage,synthetic_mock
lrtkelanajaya线 - 小红书搜索 - Google Chrome,1963,mock_post_1963.png,lrtkelanajaya线 - 小红书搜索 - Google Chrome,2026-02-23T16:43:00,"KL daily commuter
focus on
No disruption observed and transfer between lines completed without waiting at Gombak.
People shared regular commute and station photos
No emergency notice was posted
There are 14 comments in total
author
reply
Show 1 replies
Say something",No disruption observed and transfer between lines completed without waiting at Gombak People shared regular commute and station photos No emergency notice was posted There are 14 comments in total author reply Show 1 replies Say something,0,normal_no_incident,synthetic_mock
mrt kajang - 小红书搜索 - Google Chrome,1964,mock_post_1964.png,mrt kajang - 小红书搜索 - Google Chrome,2026-02-23T16:44:00,"Little Red Potato 66A1
focus on
Rapid KL announced temporary service disruption between KLCC and Gombak with shuttle support at Putra Heights.
Passengers shared delay slip and crowding evidence during rush hour
Rapid KL staff guided queue and temporary shuttle arrangement
There are 13 comments in total
author
reply
Show 3 replies
Say something",Rapid KL announced temporary service disruption between KLCC and Gombak with shuttle support at Putra Heights Passengers shared delay slip and crowding evidence during rush hour Rapid KL staff guided queue and temporary shuttle arrangement There are 13 comments in total author reply Show 3 replies Say something,1,incident_service_disruption,synthetic_mock
🇲🇾LRT停运 注意了‼️ - 小红书 - Google Chrome,1965,mock_post_1965.png,🇲🇾LRT停运 注意了‼️ - 小红书 - Google Chrome,2026-02-23T16:45:00,"Xiaoxuan Talk Malaysia Official
focus on
Service update says all lines are stable with no major delay this morning at Ampang Park.
People shared regular commute and station photos
No emergency notice was posted
There are 13 comments in total
author
reply
Show 3 replies
Say something",Service update says all lines are stable with no major delay this morning at Ampang Park People shared regular commute and station photos No emergency notice was posted There are 13 comments in total author reply Show 3 replies Say something,0,normal_update,synthetic_mock
mrt kajang - 小红书搜索 - Google Chrome,1966,mock_post_1966.png,mrt kajang - 小红书搜索 - Google Chrome,2026-02-23T16:46:00,"City transit watcher
focus on
Rapid KL announced temporary service disruption between KLCC and Gombak with shuttle support at Gombak.
Passengers shared delay slip and crowding evidence during rush hour
Rapid KL staff guided queue and temporary shuttle arrangement
There are 5 comments in total
author
reply
Show 3 replies
Say something",Rapid KL announced temporary service disruption between KLCC and Gombak with shuttle support at Gombak Passengers shared delay slip and crowding evidence during rush hour Rapid KL staff guided queue and temporary shuttle arrangement There are 5 comments in total author reply Show 3 replies Say something,1,incident_service_disruption,synthetic_mock
mrt fault - 小红书搜索 - Google Chrome,1967,mock_post_1967.png,mrt fault - 小红书搜索 - Google Chrome,2026-02-23T16:47:00,"Ootashi store
focus on
Routine travel post about route tips and fare sharing at Universiti.
People shared regular commute and station photos
No emergency notice was posted
Malaysia transport update 2025-04-28
There are 5 comments in total
author
reply
Show 2 replies
Say something",Routine travel post about route tips and fare sharing at Universiti People shared regular commute and station photos No emergency notice was posted Malaysia transport update 2025 04 28 There are 5 comments in total author reply Show 2 replies Say something,0,normal_travel_tip,synthetic_mock
lrt klcc - 小红书搜索 - Google Chrome,1968,mock_post_1968.png,lrt klcc - 小红书搜索 - Google Chrome,2026-02-23T16:48:00,"Little Red Potato 66A1
focus on
Passengers were asked to get off at Pasar Seni due to train fault and wait for replacement at KL Sentral.
Passengers shared delay slip and crowding evidence during rush hour
Rapid KL staff guided queue and temporary shuttle arrangement
There are 2 comments in total
author
reply
Show 3 replies
Say something",Passengers were asked to get off at Pasar Seni due to train fault and wait for replacement at KL Sentral Passengers shared delay slip and crowding evidence during rush hour Rapid KL staff guided queue and temporary shuttle arrangement There are 2 comments in total author reply Show 3 replies Say something,1,incident_train_fault,synthetic_mock
mrt fault - 小红书搜索 - Google Chrome,1969,mock_post_1969.png,mrt fault - 小红书搜索 - Google Chrome,2026-02-23T16:49:00,"Xiaoxuan Talk Malaysia Official
focus on
Normal operation resumed and train intervals are back to schedule at KLCC.
People shared regular commute and station photos
No emergency notice was posted
Malaysia transport update 2024-06-28
There are 3 comments in total
author
reply
Show 2 replies
Say something",Normal operation resumed and train intervals are back to schedule at KLCC People shared regular commute and station photos No emergency notice was posted Malaysia transport update 2024 06 28 There are 3 comments in total author reply Show 2 replies Say something,0,normal_operation,synthetic_mock
mrtkajang问题 - 小红书搜索 - Google Chrome,1970,mock_post_1970.png,mrtkajang问题 - 小红书搜索 - Google Chrome,2026-02-23T16:50:00,"Ootashi store
focus on
Rapid KL announced temporary service disruption between KLCC and Gombak with shuttle support at Pasar Seni.
Passengers shared delay slip and crowding evidence during rush hour
Rapid KL staff guided queue and temporary shuttle arrangement
Malaysia transport update 2024-06-20
There are 11 comments in total
author
reply
Show 3 replies
Say something",Rapid KL announced temporary service disruption between KLCC and Gombak with shuttle support at Pasar Seni Passengers shared delay slip and crowding evidence during rush hour Rapid KL staff guided queue and temporary shuttle arrangement Malaysia transport update 2024 06 20 There are 11 comments in total author reply Show 3 replies Say something,1,incident_service_disruption,synthetic_mock
lrtkelanajaya故障 - 小红书搜索 - Google Chrome,1971,mock_post_1971.png,lrtkelanajaya故障 - 小红书搜索 - Google Chrome,2026-02-23T16:51:00,"City transit watcher
focus on
No disruption observed and transfer between lines completed without waiting at Putra Heights.
People shared regular commute and station photos
No emergency notice was posted
Malaysia transport update 2025-02-26
There are 18 comments in total
author
reply
Show 1 replies
Say something",No disruption observed and transfer between lines completed without waiting at Putra Heights People shared regular commute and station photos No emergency notice was posted Malaysia transport update 2025 02 26 There are 18 comments in total author reply Show 1 replies Say something,0,normal_no_incident,synthetic_mock
🇲🇾LRT停运 注意了‼️ - 小红书 - Google Chrome,1972,mock_post_1972.png,🇲🇾LRT停运 注意了‼️ - 小红书 - Google Chrome,2026-02-23T16:52:00,"Xiaoxuan Talk Malaysia Official
focus on
Rapid KL announced temporary service disruption between KLCC and Gombak with shuttle support at Wangsa Maju.
Passengers shared delay slip and crowding evidence during rush hour
Rapid KL staff guided queue and temporary shuttle arrangement
Malaysia transport update 2026-07-06
There are 18 comments in total
author
reply
Show 3 replies
Say something",Rapid KL announced temporary service disruption between KLCC and Gombak with shuttle support at Wangsa Maju Passengers shared delay slip and crowding evidence during rush hour Rapid KL staff guided queue and temporary shuttle arrangement Malaysia transport update 2026 07 06 There are 18 comments in total author reply Show 3 replies Say something,1,incident_service_disruption,synthetic_mock
🇲🇾LRT停运 注意了‼️ - 小红书 - Google Chrome,1973,mock_post_1973.png,🇲🇾LRT停运 注意了‼️ - 小红书 - Google Chrome,2026-02-23T16:53:00,"City transit watcher
focus on
No disruption observed and transfer between lines completed without waiting at Gombak.
People shared regular commute and station photos
No emergency notice was posted
There are 8 comments in total
author
reply
Show 1 replies
Say something",No disruption observed and transfer between lines completed without waiting at Gombak People shared regular commute and station photos No emergency notice was posted There are 8 comments in total author reply Show 1 replies Say something,0,normal_no_incident,synthetic_mock
mrtkajang问题 - 小红书搜索 - Google Chrome,1974,mock_post_1974.png,mrtkajang问题 - 小红书搜索 - Google Chrome,2026-02-23T16:54:00,"Xiaoxuan Talk Malaysia Official
focus on
Rapid KL announced temporary service disruption between KLCC and Gombak with shuttle support at Ampang Park.
Passengers shared delay slip and crowding evidence during rush hour
Rapid KL staff guided queue and temporary shuttle arrangement
There are 5 comments in total
author
reply
Show 2 replies
Say something",Rapid KL announced temporary service disruption between KLCC and Gombak with shuttle support at Ampang Park Passengers shared delay slip and crowding evidence during rush hour Rapid KL staff guided queue and temporary shuttle arrangement There are 5 comments in total author reply Show 2 replies Say something,1,incident_service_disruption,synthetic_mock
🇲🇾LRT KelanajayaLine通告，列车降速 - 小红书 - Google Chrome,1975,mock_post_1975.png,🇲🇾LRT KelanajayaLine通告，列车降速 - 小红书 - Google Chrome,2026-02-23T16:55:00,"Ootashi store
focus on
No disruption observed and transfer between lines completed without waiting at Ampang Park.
People shared regular commute and station photos
No emergency notice was posted
There are 12 comments in total
author
reply
Show 2 replies
Say something",No disruption observed and transfer between lines completed without waiting at Ampang Park People shared regular commute and station photos No emergency notice was posted There are 12 comments in total author reply Show 2 replies Say something,0,normal_no_incident,synthetic_mock
🇲🇾LRT KelanajayaLine通告，列车降速 - 小红书 - Google Chrome,1976,mock_post_1976.png,🇲🇾LRT KelanajayaLine通告，列车降速 - 小红书 - Google Chrome,2026-02-23T16:56:00,"Rapid commuter diary
focus on
Passengers were asked to get off at Pasar Seni due to train fault and wait for replacement at Pasar Seni.
Passengers shared delay slip and crowding evidence during rush hour
Rapid KL staff guided queue and temporary shuttle arrangement
There are 16 comments in total
author
reply
Show 3 replies
Say something",Passengers were asked to get off at Pasar Seni due to train fault and wait for replacement at Pasar Seni Passengers shared delay slip and crowding evidence during rush hour Rapid KL staff guided queue and temporary shuttle arrangement There are 16 comments in total author reply Show 3 replies Say something,1,incident_train_fault,synthetic_mock
lrtkelanajaya故障 - 小红书搜索 - Google Chrome,1977,mock_post_1977.png,lrtkelanajaya故障 - 小红书搜索 - Google Chrome,2026-02-23T16:57:00,"Xiaoxuan Talk Malaysia Official
focus on
Commuting to work was smooth and station crowd level was manageable today at Putra Heights.
People shared regular commute and station photos
No emergency notice was posted
There are 3 comments in total
author
reply
Show 1 replies
Say something",Commuting to work was smooth and station crowd level was manageable today at Putra Heights People shared regular commute and station photos No emergency notice was posted There are 3 comments in total author reply Show 1 replies Say something,0,normal_commute,synthetic_mock
mrt fault - 小红书搜索 - Google Chrome,1978,mock_post_1978.png,mrt fault - 小红书搜索 - Google Chrome,2026-02-23T16:58:00,"City transit watcher
focus on
Passengers were asked to get off at Pasar Seni due to train fault and wait for replacement at Gombak.
Passengers shared delay slip and crowding evidence during rush hour
Rapid KL staff guided queue and temporary shuttle arrangement
Malaysia transport update 2024-02-26
There are 7 comments in total
author
reply
Show 3 replies
Say something",Passengers were asked to get off at Pasar Seni due to train fault and wait for replacement at Gombak Passengers shared delay slip and crowding evidence during rush hour Rapid KL staff guided queue and temporary shuttle arrangement Malaysia transport update 2024 02 26 There are 7 comments in total author reply Show 3 replies Say something,1,incident_train_fault,synthetic_mock
🇲🇾LRT KelanajayaLine通告，列车降速 - 小红书 - Google Chrome,1979,mock_post_1979.png,🇲🇾LRT KelanajayaLine通告，列车降速 - 小红书 - Google Chrome,2026-02-23T16:59:00,"Leisurely kitten
focus on
Commuting to work was smooth and station crowd level was manageable today at KLCC.
People shared regular commute and station photos
No emergency notice was posted
There are 16 comments in total
author
reply
Show 1 replies
Say something",Commuting to work was smooth and station crowd level was manageable today at KLCC People shared regular commute and station photos No emergency notice was posted There are 16 comments in total author reply Show 1 replies Say something,0,normal_commute,synthetic_mock
lrt is bad again - Xiaohongshu search - Google Chrome,1980,mock_post_1980.png,lrt is bad again - Xiaohongshu search - Google Chrome,2026-02-23T17:00:00,"Ootashi store
focus on
Passengers were asked to get off at Pasar Seni due to train fault and wait for replacement at Wangsa Maju.
Passengers shared delay slip and crowding evidence during rush hour
Rapid KL staff guided queue and temporary shuttle arrangement
Malaysia transport update 2025-04-17
There are 9 comments in total
author
reply
Show 3 replies
Say something",Passengers were asked to get off at Pasar Seni due to train fault and wait for replacement at Wangsa Maju Passengers shared delay slip and crowding evidence during rush hour Rapid KL staff guided queue and temporary shuttle arrangement Malaysia transport update 2025 04 17 There are 9 comments in total author reply Show 3 replies Say something,1,incident_train_fault,synthetic_mock
mrt kajang - 小红书搜索 - Google Chrome,1981,mock_post_1981.png,mrt kajang - 小红书搜索 - Google Chrome,2026-02-23T17:01:00,"Ootashi store
focus on
No disruption observed and transfer between lines completed without waiting at Putra Heights.
People shared regular commute and station photos
No emergency notice was posted
Malaysia transport update 2024-12-10
There are 9 comments in total
author
reply
Show 2 replies
Say something",No disruption observed and transfer between lines completed without waiting at Putra Heights People shared regular commute and station photos No emergency notice was posted Malaysia transport update 2024 12 10 There are 9 comments in total author reply Show 2 replies Say something,0,normal_no_incident,synthetic_mock
lrt klcc - 小红书搜索 - Google Chrome,1982,mock_post_1982.png,lrt klcc - 小红书搜索 - Google Chrome,2026-02-23T17:02:00,"Leisurely kitten
focus on
Commuters reported long queue and train delay after track maintenance at Universiti station at Kelana Jaya.
Passengers shared delay slip and crowding evidence during rush hour
Rapid KL staff guided queue and temporary shuttle arrangement
There are 15 comments in total
author
reply
Show 3 replies
Say something",Commuters reported long queue and train delay after track maintenance at Universiti station at Kelana Jaya Passengers shared delay slip and crowding evidence during rush hour Rapid KL staff guided queue and temporary shuttle arrangement There are 15 comments in total author reply Show 3 replies Say something,1,incident_delay,synthetic_mock
mrt kajang - 小红书搜索 - Google Chrome,1983,mock_post_1983.png,mrt kajang - 小红书搜索 - Google Chrome,2026-02-23T17:03:00,"Xiaoxuan Talk Malaysia Official
focus on
Commuting to work was smooth and station crowd level was manageable today at Masjid Jamek.
People shared regular commute and station photos
No emergency notice was posted
Malaysia transport update 2026-01-24
There are 1 comments in total
author
reply
Show 2 replies
Say something",Commuting to work was smooth and station crowd level was manageable today at Masjid Jamek People shared regular commute and station photos No emergency notice was posted Malaysia transport update 2026 01 24 There are 1 comments in total author reply Show 2 replies Say something,0,normal_commute,synthetic_mock
mrt fault - 小红书搜索 - Google Chrome,1984,mock_post_1984.png,mrt fault - 小红书搜索 - Google Chrome,2026-02-23T17:04:00,"Rapid commuter diary
focus on
Rapid KL announced temporary service disruption between KLCC and Gombak with shuttle support at Ampang Park.
Passengers shared delay slip and crowding evidence during rush hour
Rapid KL staff guided queue and temporary shuttle arrangement
Malaysia transport update 2026-11-09
There are 13 comments in total
author
reply
Show 2 replies
Say something",Rapid KL announced temporary service disruption between KLCC and Gombak with shuttle support at Ampang Park Passengers shared delay slip and crowding evidence during rush hour Rapid KL staff guided queue and temporary shuttle arrangement Malaysia transport update 2026 11 09 There are 13 comments in total author reply Show 2 replies Say something,1,incident_service_disruption,synthetic_mock
mrt - 小红书搜索 - Google Chrome,1985,mock_post_1985.png,mrt - 小红书搜索 - Google Chrome,2026-02-23T17:05:00,"Rapid commuter diary
focus on
Routine travel post about route tips and fare sharing at Wangsa Maju.
People shared regular commute and station photos
No emergency notice was posted
There are 5 comments in total
author
reply
Show 2 replies
Say something",Routine travel post about route tips and fare sharing at Wangsa Maju People shared regular commute and station photos No emergency notice was posted There are 5 comments in total author reply Show 2 replies Say something,0,normal_travel_tip,synthetic_mock
mrt fault - 小红书搜索 - Google Chrome,1986,mock_post_1986.png,mrt fault - 小红书搜索 - Google Chrome,2026-02-23T17:06:00,"Rapid commuter diary
focus on
Passengers were asked to get off at Pasar Seni due to train fault and wait for replacement at Universiti.
Passengers shared delay slip and crowding evidence during rush hour
Rapid KL staff guided queue and temporary shuttle arrangement
Malaysia transport update 2024-08-22
There are 3 comments in total
author
reply
Show 3 replies
Say something",Passengers were asked to get off at Pasar Seni due to train fault and wait for replacement at Universiti Passengers shared delay slip and crowding evidence during rush hour Rapid KL staff guided queue and temporary shuttle arrangement Malaysia transport update 2024 08 22 There are 3 comments in total author reply Show 3 replies Say something,1,incident_train_fault,synthetic_mock
lrt klcc - 小红书搜索 - Google Chrome,1987,mock_post_1987.png,lrt klcc - 小红书搜索 - Google Chrome,2026-02-23T17:07:00,"Xiaoxuan Talk Malaysia Official
focus on
Routine travel post about route tips and fare sharing at KLCC.
People shared regular commute and station photos
No emergency notice was posted
There are 4 comments in total
author
reply
Show 1 replies
Say something",Routine travel post about route tips and fare sharing at KLCC People shared regular commute and station photos No emergency notice was posted There are 4 comments in total author reply Show 1 replies Say something,0,normal_travel_tip,synthetic_mock
lrt is bad again - Xiaohongshu search - Google Chrome,1988,mock_post_1988.png,lrt is bad again - Xiaohongshu search - Google Chrome,2026-02-23T17:08:00,"Xiaoxuan Talk Malaysia Official
focus on
Rapid KL announced temporary service disruption between KLCC and Gombak with shuttle support at Putra Heights.
Passengers shared delay slip and crowding evidence during rush hour
Rapid KL staff guided queue and temporary shuttle arrangement
Malaysia transport update 2024-02-28
There are 3 comments in total
author
reply
Show 1 replies
Say something",Rapid KL announced temporary service disruption between KLCC and Gombak with shuttle support at Putra Heights Passengers shared delay slip and crowding evidence during rush hour Rapid KL staff guided queue and temporary shuttle arrangement Malaysia transport update 2024 02 28 There are 3 comments in total author reply Show 1 replies Say something,1,incident_service_disruption,synthetic_mock
🇲🇾LRT KelanajayaLine通告，列车降速 - 小红书 - Google Chrome,1989,mock_post_1989.png,🇲🇾LRT KelanajayaLine通告，列车降速 - 小红书 - Google Chrome,2026-02-23T17:09:00,"KL daily commuter
focus on
General city transport post not related to outage or malfunction at Putra Heights.
People shared regular commute and station photos
No emergency notice was posted
There are 3 comments in total
author
reply
Show 1 replies
Say something",General city transport post not related to outage or malfunction at Putra Heights People shared regular commute and station photos No emergency notice was posted There are 3 comments in total author reply Show 1 replies Say something,0,normal_general,synthetic_mock
lrt klcc - 小红书搜索 - Google Chrome,1990,mock_post_1990.png,lrt klcc - 小红书搜索 - Google Chrome,2026-02-23T17:10:00,"City transit watcher
focus on
Kelana Jaya line maintenance phase affected frequency and caused crowding at stations at Ampang Park.
Passengers shared delay slip and crowding evidence during rush hour
Rapid KL staff guided queue and temporary shuttle arrangement
There are 4 comments in total
author
reply
Show 3 replies
Say something",Kelana Jaya line maintenance phase affected frequency and caused crowding at stations at Ampang Park Passengers shared delay slip and crowding evidence during rush hour Rapid KL staff guided queue and temporary shuttle arrangement There are 4 comments in total author reply Show 3 replies Say something,1,incident_maintenance_impact,synthetic_mock
lrt klcc - 小红书搜索 - Google Chrome,1991,mock_post_1991.png,lrt klcc - 小红书搜索 - Google Chrome,2026-02-23T17:11:00,"Ootashi store
focus on
Normal operation resumed and train intervals are back to schedule at Pasar Seni.
People shared regular commute and station photos
No emergency notice was posted
There are 3 comments in total
author
reply
Show 1 replies
Say something",Normal operation resumed and train intervals are back to schedule at Pasar Seni People shared regular commute and station photos No emergency notice was posted There are 3 comments in total author reply Show 1 replies Say something,0,normal_operation,synthetic_mock
lrt klcc - 小红书搜索 - Google Chrome,1992,mock_post_1992.png,lrt klcc - 小红书搜索 - Google Chrome,2026-02-23T17:12:00,"Xiaoxuan Talk Malaysia Official
focus on
Kelana Jaya line maintenance phase affected frequency and caused crowding at stations at KLCC.
Passengers shared delay slip and crowding evidence during rush hour
Rapid KL staff guided queue and temporary shuttle arrangement
Malaysia transport update 2026-04-07
There are 2 comments in total
author
reply
Show 3 replies
Say something",Kelana Jaya line maintenance phase affected frequency and caused crowding at stations at KLCC Passengers shared delay slip and crowding evidence during rush hour Rapid KL staff guided queue and temporary shuttle arrangement Malaysia transport update 2026 04 07 There are 2 comments in total author reply Show 3 replies Say something,1,incident_maintenance_impact,synthetic_mock
lrtkelanajaya故障 - 小红书搜索 - Google Chrome,1993,mock_post_1993.png,lrtkelanajaya故障 - 小红书搜索 - Google Chrome,2026-02-23T17:13:00,"City transit watcher
focus on
No disruption observed and transfer between lines completed without waiting at Putra Heights.
People shared regular commute and station photos
No emergency notice was posted
Malaysia transport update 2025-04-23
There are 16 comments in total
author
reply
Show 3 replies
Say something",No disruption observed and transfer between lines completed without waiting at Putra Heights People shared regular commute and station photos No emergency notice was posted Malaysia transport update 2025 04 23 There are 16 comments in total author reply Show 3 replies Say something,0,normal_no_incident,synthetic_mock
lrtkelanajaya故障 - 小红书搜索 - Google Chrome,1994,mock_post_1994.png,lrtkelanajaya故障 - 小红书搜索 - Google Chrome,2026-02-23T17:14:00,"City transit watcher
focus on
Power trip caused brief outage and service resumed after technicians completed repair at Gombak.
Passengers shared delay slip and crowding evidence during rush hour
Rapid KL staff guided queue and temporary shuttle arrangement
There are 2 comments in total
author
reply
Show 2 replies
Say something",Power trip caused brief outage and service resumed after technicians completed repair at Gombak Passengers shared delay slip and crowding evidence during rush hour Rapid KL staff guided queue and temporary shuttle arrangement There are 2 comments in total author reply Show 2 replies Say something,1,incident_power_outage,synthetic_mock
lrtkelanajaya线 - 小红书搜索 - Google Chrome,1995,mock_post_1995.png,lrtkelanajaya线 - 小红书搜索 - Google Chrome,2026-02-23T17:15:00,"Xiaoxuan Talk Malaysia Official
focus on
Routine travel post about route tips and fare sharing at Kelana Jaya.
People shared regular commute and station photos
No emergency notice was posted
Malaysia transport update 2024-05-05
There are 18 comments in total
author
reply
Show 3 replies
Say something",Routine travel post about route tips and fare sharing at Kelana Jaya People shared regular commute and station photos No emergency notice was posted Malaysia transport update 2024 05 05 There are 18 comments in total author reply Show 3 replies Say something,0,normal_travel_tip,synthetic_mock
mrt fault - 小红书搜索 - Google Chrome,1996,mock_post_1996.png,mrt fault - 小红书搜索 - Google Chrome,2026-02-23T17:16:00,"City transit watcher
focus on
Kelana Jaya line maintenance phase affected frequency and caused crowding at stations at KLCC.
Passengers shared delay slip and crowding evidence during rush hour
Rapid KL staff guided queue and temporary shuttle arrangement
There are 7 comments in total
author
reply
Show 1 replies
Say something",Kelana Jaya line maintenance phase affected frequency and caused crowding at stations at KLCC Passengers shared delay slip and crowding evidence during rush hour Rapid KL staff guided queue and temporary shuttle arrangement There are 7 comments in total author reply Show 1 replies Say something,1,incident_maintenance_impact,synthetic_mock
mrt kajang - 小红书搜索 - Google Chrome,1997,mock_post_1997.png,mrt kajang - 小红书搜索 - Google Chrome,2026-02-23T17:17:00,"Rapid commuter diary
focus on
Service update says all lines are stable with no major delay this morning at Pasar Seni.
People shared regular commute and station photos
No emergency notice was posted
There are 10 comments in total
author
reply
Show 3 replies
Say something",Service update says all lines are stable with no major delay this morning at Pasar Seni People shared regular commute and station photos No emergency notice was posted There are 10 comments in total author reply Show 3 replies Say something,0,normal_update,synthetic_mock
🇲🇾LRT停运 注意了‼️ - 小红书 - Google Chrome,1998,mock_post_1998.png,🇲🇾LRT停运 注意了‼️ - 小红书 - Google Chrome,2026-02-23T17:18:00,"Ootashi store
focus on
Passengers were asked to get off at Pasar Seni due to train fault and wait for replacement at Gombak.
Passengers shared delay slip and crowding evidence during rush hour
Rapid KL staff guided queue and temporary shuttle arrangement
Malaysia transport update 2025-12-08
There are 17 comments in total
author
reply
Show 1 replies
Say something",Passengers were asked to get off at Pasar Seni due to train fault and wait for replacement at Gombak Passengers shared delay slip and crowding evidence during rush hour Rapid KL staff guided queue and temporary shuttle arrangement Malaysia transport update 2025 12 08 There are 17 comments in total author reply Show 1 replies Say something,1,incident_train_fault,synthetic_mock
lrt klcc - 小红书搜索 - Google Chrome,1999,mock_post_1999.png,lrt klcc - 小红书搜索 - Google Chrome,2026-02-23T17:19:00,"Leisurely kitten
focus on
General city transport post not related to outage or malfunction at Gombak.
People shared regular commute and station photos
No emergency notice was posted
There are 3 comments in total
author
reply
Show 1 replies
Say something",General city transport post not related to outage or malfunction at Gombak People shared regular commute and station photos No emergency notice was posted There are 3 comments in total author reply Show 1 replies Say something,0,normal_general,synthetic_mock
🇲🇾LRT停运 注意了‼️ - 小红书 - Google Chrome,2000,mock_post_2000.png,🇲🇾LRT停运 注意了‼️ - 小红书 - Google Chrome,2026-02-23T17:20:00,"City transit watcher
focus on
Power trip caused brief outage and service resumed after technicians completed repair at Putra Heights.
Passengers shared delay slip and crowding evidence during rush hour
Rapid KL staff guided queue and temporary shuttle arrangement
Malaysia transport update 2025-02-22
There are 15 comments in total
author
reply
Show 1 replies
Say something",Power trip caused brief outage and service resumed after technicians completed repair at Putra Heights Passengers shared delay slip and crowding evidence during rush hour Rapid KL staff guided queue and temporary shuttle arrangement Malaysia transport update 2025 02 22 There are 15 comments in total author reply Show 1 replies Say something,1,incident_power_outage,synthetic_mock
🇲🇾LRT停运 注意了‼️ - 小红书 - Google Chrome,2001,mock_post_2001.png,🇲🇾LRT停运 注意了‼️ - 小红书 - Google Chrome,2026-02-23T17:21:00,"Little Red Potato 66A1
focus on
Normal operation resumed and train intervals are back to schedule at Putra Heights.
People shared regular commute and station photos
No emergency notice was posted
There are 12 comments in total
author
reply
Show 3 replies
Say something",Normal operation resumed and train intervals are back to schedule at Putra Heights People shared regular commute and station photos No emergency notice was posted There are 12 comments in total author reply Show 3 replies Say something,0,normal_operation,synthetic_mock
mrtkajang问题 - 小红书搜索 - Google Chrome,2002,mock_post_2002.png,mrtkajang问题 - 小红书搜索 - Google Chrome,2026-02-23T17:22:00,"Little Red Potato 66A1
focus on
Passengers were asked to get off at Pasar Seni due to train fault and wait for replacement at KLCC.
Passengers shared delay slip and crowding evidence during rush hour
Rapid KL staff guided queue and temporary shuttle arrangement
Malaysia transport update 2025-08-12
There are 16 comments in total
author
reply
Show 2 replies
Say something",Passengers were asked to get off at Pasar Seni due to train fault and wait for replacement at KLCC Passengers shared delay slip and crowding evidence during rush hour Rapid KL staff guided queue and temporary shuttle arrangement Malaysia transport update 2025 08 12 There are 16 comments in total author reply Show 2 replies Say something,1,incident_train_fault,synthetic_mock
mrt fault - 小红书搜索 - Google Chrome,2003,mock_post_2003.png,mrt fault - 小红书搜索 - Google Chrome,2026-02-23T17:23:00,"Leisurely kitten
focus on
Commuting to work was smooth and station crowd level was manageable today at Ampang Park.
People shared regular commute and station photos
No emergency notice was posted
Malaysia transport update 2026-04-08
There are 6 comments in total
author
reply
Show 1 replies
Say something",Commuting to work was smooth and station crowd level was manageable today at Ampang Park People shared regular commute and station photos No emergency notice was posted Malaysia transport update 2026 04 08 There are 6 comments in total author reply Show 1 replies Say something,0,normal_commute,synthetic_mock
lrtkelanajaya故障 - 小红书搜索 - Google Chrome,2004,mock_post_2004.png,lrtkelanajaya故障 - 小红书搜索 - Google Chrome,2026-02-23T17:24:00,"Rapid commuter diary
focus on
Power trip caused brief outage and service resumed after technicians completed repair at Ampang Park.
Passengers shared delay slip and crowding evidence during rush hour
Rapid KL staff guided queue and temporary shuttle arrangement
Malaysia transport update 2025-08-28
There are 15 comments in total
author
reply
Show 2 replies
Say something",Power trip caused brief outage and service resumed after technicians completed repair at Ampang Park Passengers shared delay slip and crowding evidence during rush hour Rapid KL staff guided queue and temporary shuttle arrangement Malaysia transport update 2025 08 28 There are 15 comments in total author reply Show 2 replies Say something,1,incident_power_outage,synthetic_mock
mrt kajang - 小红书搜索 - Google Chrome,2005,mock_post_2005.png,mrt kajang - 小红书搜索 - Google Chrome,2026-02-23T17:25:00,"Rapid commuter diary
focus on
Service update says all lines are stable with no major delay this morning at Wangsa Maju.
People shared regular commute and station photos
No emergency notice was posted
There are 5 comments in total
author
reply
Show 2 replies
Say something",Service update says all lines are stable with no major delay this morning at Wangsa Maju People shared regular commute and station photos No emergency notice was posted There are 5 comments in total author reply Show 2 replies Say something,0,normal_update,synthetic_mock
lrtkelanajaya故障 - 小红书搜索 - Google Chrome,2006,mock_post_2006.png,lrtkelanajaya故障 - 小红书搜索 - Google Chrome,2026-02-23T17:26:00,"Rapid commuter diary
focus on
Kelana Jaya line maintenance phase affected frequency and caused crowding at stations at Pasar Seni.
Passengers shared delay slip and crowding evidence during rush hour
Rapid KL staff guided queue and temporary shuttle arrangement
Malaysia transport update 2025-11-06
There are 5 comments in total
author
reply
Show 3 replies
Say something",Kelana Jaya line maintenance phase affected frequency and caused crowding at stations at Pasar Seni Passengers shared delay slip and crowding evidence during rush hour Rapid KL staff guided queue and temporary shuttle arrangement Malaysia transport update 2025 11 06 There are 5 comments in total author reply Show 3 replies Say something,1,incident_maintenance_impact,synthetic_mock
mrtkajang问题 - 小红书搜索 - Google Chrome,2007,mock_post_2007.png,mrtkajang问题 - 小红书搜索 - Google Chrome,2026-02-23T17:27:00,"Xiaoxuan Talk Malaysia Official
focus on
Service update says all lines are stable with no major delay this morning at KLCC.
People shared regular commute and station photos
No emergency notice was posted
Malaysia transport update 2024-05-11
There are 7 comments in total
author
reply
Show 1 replies
Say something",Service update says all lines are stable with no major delay this morning at KLCC People shared regular commute and station photos No emergency notice was posted Malaysia transport update 2024 05 11 There are 7 comments in total author reply Show 1 replies Say something,0,normal_update,synthetic_mock
lrtkelanajaya线 - 小红书搜索 - Google Chrome,2008,mock_post_2008.png,lrtkelanajaya线 - 小红书搜索 - Google Chrome,2026-02-23T17:28:00,"Leisurely kitten
focus on
Power trip caused brief outage and service resumed after technicians completed repair at Pasar Seni.
Passengers shared delay slip and crowding evidence during rush hour
Rapid KL staff guided queue and temporary shuttle arrangement
There are 18 comments in total
author
reply
Show 2 replies
Say something",Power trip caused brief outage and service resumed after technicians completed repair at Pasar Seni Passengers shared delay slip and crowding evidence during rush hour Rapid KL staff guided queue and temporary shuttle arrangement There are 18 comments in total author reply Show 2 replies Say something,1,incident_power_outage,synthetic_mock
lrtkelanajaya故障 - 小红书搜索 - Google Chrome,2009,mock_post_2009.png,lrtkelanajaya故障 - 小红书搜索 - Google Chrome,2026-02-23T17:29:00,"Little Red Potato 66A1
focus on
Service update says all lines are stable with no major delay this morning at Ampang Park.
People shared regular commute and station photos
No emergency notice was posted
There are 14 comments in total
author
reply
Show 2 replies
Say something",Service update says all lines are stable with no major delay this morning at Ampang Park People shared regular commute and station photos No emergency notice was posted There are 14 comments in total author reply Show 2 replies Say something,0,normal_update,synthetic_mock
mrtkajang问题 - 小红书搜索 - Google Chrome,2010,mock_post_2010.png,mrtkajang问题 - 小红书搜索 - Google Chrome,2026-02-23T17:30:00,"Leisurely kitten
focus on
Power trip caused brief outage and service resumed after technicians completed repair at Kelana Jaya.
Passengers shared delay slip and crowding evidence during rush hour
Rapid KL staff guided queue and temporary shuttle arrangement
There are 3 comments in total
author
reply
Show 2 replies
Say something",Power trip caused brief outage and service resumed after technicians completed repair at Kelana Jaya Passengers shared delay slip and crowding evidence during rush hour Rapid KL staff guided queue and temporary shuttle arrangement There are 3 comments in total author reply Show 2 replies Say something,1,incident_power_outage,synthetic_mock
mrt - 小红书搜索 - Google Chrome,2011,mock_post_2011.png,mrt - 小红书搜索 - Google Chrome,2026-02-23T17:31:00,"Ootashi store
focus on
Routine travel post about route tips and fare sharing at Gombak.
People shared regular commute and station photos
No emergency notice was posted
Malaysia transport update 2025-04-14
There are 16 comments in total
author
reply
Show 1 replies
Say something",Routine travel post about route tips and fare sharing at Gombak People shared regular commute and station photos No emergency notice was posted Malaysia transport update 2025 04 14 There are 16 comments in total author reply Show 1 replies Say something,0,normal_travel_tip,synthetic_mock
lrt klcc - 小红书搜索 - Google Chrome,2012,mock_post_2012.png,lrt klcc - 小红书搜索 - Google Chrome,2026-02-23T17:32:00,"Leisurely kitten
focus on
Kelana Jaya line maintenance phase affected frequency and caused crowding at stations at Pasar Seni.
Passengers shared delay slip and crowding evidence during rush hour
Rapid KL staff guided queue and temporary shuttle arrangement
There are 14 comments in total
author
reply
Show 3 replies
Say something",Kelana Jaya line maintenance phase affected frequency and caused crowding at stations at Pasar Seni Passengers shared delay slip and crowding evidence during rush hour Rapid KL staff guided queue and temporary shuttle arrangement There are 14 comments in total author reply Show 3 replies Say something,1,incident_maintenance_impact,synthetic_mock
🇲🇾LRT KelanajayaLine通告，列车降速 - 小红书 - Google Chrome,2013,mock_post_2013.png,🇲🇾LRT KelanajayaLine通告，列车降速 - 小红书 - Google Chrome,2026-02-23T17:33:00,"Little Red Potato 66A1
focus on
Routine travel post about route tips and fare sharing at Pasar Seni.
People shared regular commute and station photos
No emergency notice was posted
Malaysia transport update 2026-06-26
There are 5 comments in total
author
reply
Show 2 replies
Say something",Routine travel post about route tips and fare sharing at Pasar Seni People shared regular commute and station photos No emergency notice was posted Malaysia transport update 2026 06 26 There are 5 comments in total author reply Show 2 replies Say something,0,normal_travel_tip,synthetic_mock
lrtkelanajaya线 - 小红书搜索 - Google Chrome,2014,mock_post_2014.png,lrtkelanajaya线 - 小红书搜索 - Google Chrome,2026-02-23T17:34:00,"Xiaoxuan Talk Malaysia Official
focus on
Power trip caused brief outage and service resumed after technicians completed repair at KLCC.
Passengers shared delay slip and crowding evidence during rush hour
Rapid KL staff guided queue and temporary shuttle arrangement
Malaysia transport update 2025-04-07
There are 11 comments in total
author
reply
Show 3 replies
Say something",Power trip caused brief outage and service resumed after technicians completed repair at KLCC Passengers shared delay slip and crowding evidence during rush hour Rapid KL staff guided queue and temporary shuttle arrangement Malaysia transport update 2025 04 07 There are 11 comments in total author reply Show 3 replies Say something,1,incident_power_outage,synthetic_mock
lrtkelanajaya线 - 小红书搜索 - Google Chrome,2015,mock_post_2015.png,lrtkelanajaya线 - 小红书搜索 - Google Chrome,2026-02-23T17:35:00,"KL daily commuter
focus on
Commuting to work was smooth and station crowd level was manageable today at Ampang Park.
People shared regular commute and station photos
No emergency notice was posted
Malaysia transport update 2025-10-26
There are 11 comments in total
author
reply
Show 3 replies
Say something",Commuting to work was smooth and station crowd level was manageable today at Ampang Park People shared regular commute and station photos No emergency notice was posted Malaysia transport update 2025 10 26 There are 11 comments in total author reply Show 3 replies Say something,0,normal_commute,synthetic_mock
🇲🇾LRT KelanajayaLine通告，列车降速 - 小红书 - Google Chrome,2016,mock_post_2016.png,🇲🇾LRT KelanajayaLine通告，列车降速 - 小红书 - Google Chrome,2026-02-23T17:36:00,"KL daily commuter
focus on
Rapid KL announced temporary service disruption between KLCC and Gombak with shuttle support at Putra Heights.
Passengers shared delay slip and crowding evidence during rush hour
Rapid KL staff guided queue and temporary shuttle arrangement
There are 8 comments in total
author
reply
Show 3 replies
Say something",Rapid KL announced temporary service disruption between KLCC and Gombak with shuttle support at Putra Heights Passengers shared delay slip and crowding evidence during rush hour Rapid KL staff guided queue and temporary shuttle arrangement There are 8 comments in total author reply Show 3 replies Say something,1,incident_service_disruption,synthetic_mock
mrtkajang问题 - 小红书搜索 - Google Chrome,2017,mock_post_2017.png,mrtkajang问题 - 小红书搜索 - Google Chrome,2026-02-23T17:37:00,"KL daily commuter
focus on
Routine travel post about route tips and fare sharing at Universiti.
People shared regular commute and station photos
No emergency notice was posted
There are 16 comments in total
author
reply
Show 3 replies
Say something",Routine travel post about route tips and fare sharing at Universiti People shared regular commute and station photos No emergency notice was posted There are 16 comments in total author reply Show 3 replies Say something,0,normal_travel_tip,synthetic_mock
🇲🇾LRT KelanajayaLine通告，列车降速 - 小红书 - Google Chrome,2018,mock_post_2018.png,🇲🇾LRT KelanajayaLine通告，列车降速 - 小红书 - Google Chrome,2026-02-23T17:38:00,"Little Red Potato 66A1
focus on
LRT Kelana Jaya line had a signaling issue during peak hour and trains moved slowly at Putra Heights.
Passengers shared delay slip and crowding evidence during rush hour
Rapid KL staff guided queue and temporary shuttle arrangement
There are 13 comments in total
author
reply
Show 1 replies
Say something",LRT Kelana Jaya line had a signaling issue during peak hour and trains moved slowly at Putra Heights Passengers shared delay slip and crowding evidence during rush hour Rapid KL staff guided queue and temporary shuttle arrangement There are 13 comments in total author reply Show 1 replies Say something,1,incident_breakdown,synthetic_mock
mrt kajang - 小红书搜索 - Google Chrome,2019,mock_post_2019.png,mrt kajang - 小红书搜索 - Google Chrome,2026-02-23T17:39:00,"Little Red Potato 66A1
focus on
Commuting to work was smooth and station crowd level was manageable today at KLCC.
People shared regular commute and station photos
No emergency notice was posted
Malaysia transport update 2026-12-09
There are 3 comments in total
author
reply
Show 2 replies
Say something",Commuting to work was smooth and station crowd level was manageable today at KLCC People shared regular commute and station photos No emergency notice was posted Malaysia transport update 2026 12 09 There are 3 comments in total author reply Show 2 replies Say something,0,normal_commute,synthetic_mock
lrt is bad again - Xiaohongshu search - Google Chrome,2020,mock_post_2020.png,lrt is bad again - Xiaohongshu search - Google Chrome,2026-02-23T17:40:00,"City transit watcher
focus on
Rapid KL announced temporary service disruption between KLCC and Gombak with shuttle support at Gombak.
Passengers shared delay slip and crowding evidence during rush hour
Rapid KL staff guided queue and temporary shuttle arrangement
Malaysia transport update 2024-08-08
There are 8 comments in total
author
reply
Show 3 replies
Say something",Rapid KL announced temporary service disruption between KLCC and Gombak with shuttle support at Gombak Passengers shared delay slip and crowding evidence during rush hour Rapid KL staff guided queue and temporary shuttle arrangement Malaysia transport update 2024 08 08 There are 8 comments in total author reply Show 3 replies Say something,1,incident_service_disruption,synthetic_mock
mrt - 小红书搜索 - Google Chrome,2021,mock_post_2021.png,mrt - 小红书搜索 - Google Chrome,2026-02-23T17:41:00,"KL daily commuter
focus on
Commuting to work was smooth and station crowd level was manageable today at Putra Heights.
People shared regular commute and station photos
No emergency notice was posted
There are 18 comments in total
author
reply
Show 1 replies
Say something",Commuting to work was smooth and station crowd level was manageable today at Putra Heights People shared regular commute and station photos No emergency notice was posted There are 18 comments in total author reply Show 1 replies Say something,0,normal_commute,synthetic_mock
🇲🇾LRT停运 注意了‼️ - 小红书 - Google Chrome,2022,mock_post_2022.png,🇲🇾LRT停运 注意了‼️ - 小红书 - Google Chrome,2026-02-23T17:42:00,"Leisurely kitten
focus on
Commuters reported long queue and train delay after track maintenance at Universiti station at Ampang Park.
Passengers shared delay slip and crowding evidence during rush hour
Rapid KL staff guided queue and temporary shuttle arrangement
There are 18 comments in total
author
reply
Show 1 replies
Say something",Commuters reported long queue and train delay after track maintenance at Universiti station at Ampang Park Passengers shared delay slip and crowding evidence during rush hour Rapid KL staff guided queue and temporary shuttle arrangement There are 18 comments in total author reply Show 1 replies Say something,1,incident_delay,synthetic_mock
地铁 马来西亚 - 小红书搜索 - Google Chrome,2023,mock_post_2023.png,地铁 马来西亚 - 小红书搜索 - Google Chrome,2026-02-23T17:43:00,"Little Red Potato 66A1
focus on
Service update says all lines are stable with no major delay this morning at KL Sentral.
People shared regular commute and station photos
No emergency notice was posted
Malaysia transport update 2026-01-24
There are 7 comments in total
author
reply
Show 3 replies
Say something",Service update says all lines are stable with no major delay this morning at KL Sentral People shared regular commute and station photos No emergency notice was posted Malaysia transport update 2026 01 24 There are 7 comments in total author reply Show 3 replies Say something,0,normal_update,synthetic_mock
lrtkelanajaya故障 - 小红书搜索 - Google Chrome,2024,mock_post_2024.png,lrtkelanajaya故障 - 小红书搜索 - Google Chrome,2026-02-23T17:44:00,"KL daily commuter
focus on
Commuters reported long queue and train delay after track maintenance at Universiti station at Universiti.
Passengers shared delay slip and crowding evidence during rush hour
Rapid KL staff guided queue and temporary shuttle arrangement
Malaysia transport update 2026-01-10
There are 9 comments in total
author
reply
Show 1 replies
Say something",Commuters reported long queue and train delay after track maintenance at Universiti station at Universiti Passengers shared delay slip and crowding evidence during rush hour Rapid KL staff guided queue and temporary shuttle arrangement Malaysia transport update 2026 01 10 There are 9 comments in total author reply Show 1 replies Say something,1,incident_delay,synthetic_mock
mrt fault - 小红书搜索 - Google Chrome,2025,mock_post_2025.png,mrt fault - 小红书搜索 - Google Chrome,2026-02-23T17:45:00,"Xiaoxuan Talk Malaysia Official
focus on
Commuting to work was smooth and station crowd level was manageable today at Kelana Jaya.
People shared regular commute and station photos
No emergency notice was posted
There are 14 comments in total
author
reply
Show 1 replies
Say something",Commuting to work was smooth and station crowd level was manageable today at Kelana Jaya People shared regular commute and station photos No emergency notice was posted There are 14 comments in total author reply Show 1 replies Say something,0,normal_commute,synthetic_mock
🇲🇾LRT KelanajayaLine通告，列车降速 - 小红书 - Google Chrome,2026,mock_post_2026.png,🇲🇾LRT KelanajayaLine通告，列车降速 - 小红书 - Google Chrome,2026-02-23T17:46:00,"Rapid commuter diary
focus on
Power trip caused brief outage and service resumed after technicians completed repair at Pasar Seni.
Passengers shared delay slip and crowding evidence during rush hour
Rapid KL staff guided queue and temporary shuttle arrangement
There are 18 comments in total
author
reply
Show 1 replies
Say something",Power trip caused brief outage and service resumed after technicians completed repair at Pasar Seni Passengers shared delay slip and crowding evidence during rush hour Rapid KL staff guided queue and temporary shuttle arrangement There are 18 comments in total author reply Show 1 replies Say something,1,incident_power_outage,synthetic_mock
lrtkelanajaya线 - 小红书搜索 - Google Chrome,2027,mock_post_2027.png,lrtkelanajaya线 - 小红书搜索 - Google Chrome,2026-02-23T17:47:00,"Xiaoxuan Talk Malaysia Official
focus on
No disruption observed and transfer between lines completed without waiting at Putra Heights.
People shared regular commute and station photos
No emergency notice was posted
There are 15 comments in total
author
reply
Show 2 replies
Say something",No disruption observed and transfer between lines completed without waiting at Putra Heights People shared regular commute and station photos No emergency notice was posted There are 15 comments in total author reply Show 2 replies Say something,0,normal_no_incident,synthetic_mock
lrt is bad again - Xiaohongshu search - Google Chrome,2028,mock_post_2028.png,lrt is bad again - Xiaohongshu search - Google Chrome,2026-02-23T17:48:00,"Rapid commuter diary
focus on
Kelana Jaya line maintenance phase affected frequency and caused crowding at stations at KL Sentral.
Passengers shared delay slip and crowding evidence during rush hour
Rapid KL staff guided queue and temporary shuttle arrangement
Malaysia transport update 2026-03-11
There are 1 comments in total
author
reply
Show 1 replies
Say something",Kelana Jaya line maintenance phase affected frequency and caused crowding at stations at KL Sentral Passengers shared delay slip and crowding evidence during rush hour Rapid KL staff guided queue and temporary shuttle arrangement Malaysia transport update 2026 03 11 There are 1 comments in total author reply Show 1 replies Say something,1,incident_maintenance_impact,synthetic_mock
🇲🇾LRT停运 注意了‼️ - 小红书 - Google Chrome,2029,mock_post_2029.png,🇲🇾LRT停运 注意了‼️ - 小红书 - Google Chrome,2026-02-23T17:49:00,"Rapid commuter diary
focus on
Commuting to work was smooth and station crowd level was manageable today at Masjid Jamek.
People shared regular commute and station photos
No emergency notice was posted
Malaysia transport update 2025-12-13
There are 18 comments in total
author
reply
Show 1 replies
Say something",Commuting to work was smooth and station crowd level was manageable today at Masjid Jamek People shared regular commute and station photos No emergency notice was posted Malaysia transport update 2025 12 13 There are 18 comments in total author reply Show 1 replies Say something,0,normal_commute,synthetic_mock
🇲🇾LRT KelanajayaLine通告，列车降速 - 小红书 - Google Chrome,2030,mock_post_2030.png,🇲🇾LRT KelanajayaLine通告，列车降速 - 小红书 - Google Chrome,2026-02-23T17:50:00,"Rapid commuter diary
focus on
Power trip caused brief outage and service resumed after technicians completed repair at Putra Heights.
Passengers shared delay slip and crowding evidence during rush hour
Rapid KL staff guided queue and temporary shuttle arrangement
Malaysia transport update 2026-01-21
There are 10 comments in total
author
reply
Show 2 replies
Say something",Power trip caused brief outage and service resumed after technicians completed repair at Putra Heights Passengers shared delay slip and crowding evidence during rush hour Rapid KL staff guided queue and temporary shuttle arrangement Malaysia transport update 2026 01 21 There are 10 comments in total author reply Show 2 replies Say something,1,incident_power_outage,synthetic_mock
lrt klcc - 小红书搜索 - Google Chrome,2031,mock_post_2031.png,lrt klcc - 小红书搜索 - Google Chrome,2026-02-23T17:51:00,"Little Red Potato 66A1
focus on
Routine travel post about route tips and fare sharing at Kelana Jaya.
People shared regular commute and station photos
No emergency notice was posted
Malaysia transport update 2026-12-05
There are 16 comments in total
author
reply
Show 1 replies
Say something",Routine travel post about route tips and fare sharing at Kelana Jaya People shared regular commute and station photos No emergency notice was posted Malaysia transport update 2026 12 05 There are 16 comments in total author reply Show 1 replies Say something,0,normal_travel_tip,synthetic_mock
mrt fault - 小红书搜索 - Google Chrome,2032,mock_post_2032.png,mrt fault - 小红书搜索 - Google Chrome,2026-02-23T17:52:00,"Xiaoxuan Talk Malaysia Official
focus on
Rapid KL announced temporary service disruption between KLCC and Gombak with shuttle support at Pasar Seni.
Passengers shared delay slip and crowding evidence during rush hour
Rapid KL staff guided queue and temporary shuttle arrangement
Malaysia transport update 2026-04-03
There are 12 comments in total
author
reply
Show 2 replies
Say something",Rapid KL announced temporary service disruption between KLCC and Gombak with shuttle support at Pasar Seni Passengers shared delay slip and crowding evidence during rush hour Rapid KL staff guided queue and temporary shuttle arrangement Malaysia transport update 2026 04 03 There are 12 comments in total author reply Show 2 replies Say something,1,incident_service_disruption,synthetic_mock
地铁 马来西亚 - 小红书搜索 - Google Chrome,2033,mock_post_2033.png,地铁 马来西亚 - 小红书搜索 - Google Chrome,2026-02-23T17:53:00,"Leisurely kitten
focus on
Normal operation resumed and train intervals are back to schedule at Wangsa Maju.
People shared regular commute and station photos
No emergency notice was posted
There are 16 comments in total
author
reply
Show 2 replies
Say something",Normal operation resumed and train intervals are back to schedule at Wangsa Maju People shared regular commute and station photos No emergency notice was posted There are 16 comments in total author reply Show 2 replies Say something,0,normal_operation,synthetic_mock
lrtkelanajaya故障 - 小红书搜索 - Google Chrome,2034,mock_post_2034.png,lrtkelanajaya故障 - 小红书搜索 - Google Chrome,2026-02-23T17:54:00,"Rapid commuter diary
focus on
LRT Kelana Jaya line had a signaling issue during peak hour and trains moved slowly at Masjid Jamek.
Passengers shared delay slip and crowding evidence during rush hour
Rapid KL staff guided queue and temporary shuttle arrangement
There are 13 comments in total
author
reply
Show 3 replies
Say something",LRT Kelana Jaya line had a signaling issue during peak hour and trains moved slowly at Masjid Jamek Passengers shared delay slip and crowding evidence during rush hour Rapid KL staff guided queue and temporary shuttle arrangement There are 13 comments in total author reply Show 3 replies Say something,1,incident_breakdown,synthetic_mock
lrtkelanajaya线 - 小红书搜索 - Google Chrome,2035,mock_post_2035.png,lrtkelanajaya线 - 小红书搜索 - Google Chrome,2026-02-23T17:55:00,"KL daily commuter
focus on
Routine travel post about route tips and fare sharing at KLCC.
People shared regular commute and station photos
No emergency notice was posted
Malaysia transport update 2024-02-25
There are 9 comments in total
author
reply
Show 1 replies
Say something",Routine travel post about route tips and fare sharing at KLCC People shared regular commute and station photos No emergency notice was posted Malaysia transport update 2024 02 25 There are 9 comments in total author reply Show 1 replies Say something,0,normal_travel_tip,synthetic_mock
lrtkelanajaya线 - 小红书搜索 - Google Chrome,2036,mock_post_2036.png,lrtkelanajaya线 - 小红书搜索 - Google Chrome,2026-02-23T17:56:00,"Xiaoxuan Talk Malaysia Official
focus on
LRT Kelana Jaya line had a signaling issue during peak hour and trains moved slowly at Masjid Jamek.
Passengers shared delay slip and crowding evidence during rush hour
Rapid KL staff guided queue and temporary shuttle arrangement
Malaysia transport update 2026-04-16
There are 2 comments in total
author
reply
Show 1 replies
Say something",LRT Kelana Jaya line had a signaling issue during peak hour and trains moved slowly at Masjid Jamek Passengers shared delay slip and crowding evidence during rush hour Rapid KL staff guided queue and temporary shuttle arrangement Malaysia transport update 2026 04 16 There are 2 comments in total author reply Show 1 replies Say something,1,incident_breakdown,synthetic_mock
地铁 马来西亚 - 小红书搜索 - Google Chrome,2037,mock_post_2037.png,地铁 马来西亚 - 小红书搜索 - Google Chrome,2026-02-23T17:57:00,"KL daily commuter
focus on
Service update says all lines are stable with no major delay this morning at Pasar Seni.
People shared regular commute and station photos
No emergency notice was posted
Malaysia transport update 2025-06-13
There are 13 comments in total
author
reply
Show 1 replies
Say something",Service update says all lines are stable with no major delay this morning at Pasar Seni People shared regular commute and station photos No emergency notice was posted Malaysia transport update 2025 06 13 There are 13 comments in total author reply Show 1 replies Say something,0,normal_update,synthetic_mock
lrt klcc - 小红书搜索 - Google Chrome,2038,mock_post_2038.png,lrt klcc - 小红书搜索 - Google Chrome,2026-02-23T17:58:00,"Xiaoxuan Talk Malaysia Official
focus on
Commuters reported long queue and train delay after track maintenance at Universiti station at Ampang Park.
Passengers shared delay slip and crowding evidence during rush hour
Rapid KL staff guided queue and temporary shuttle arrangement
There are 14 comments in total
author
reply
Show 3 replies
Say something",Commuters reported long queue and train delay after track maintenance at Universiti station at Ampang Park Passengers shared delay slip and crowding evidence during rush hour Rapid KL staff guided queue and temporary shuttle arrangement There are 14 comments in total author reply Show 3 replies Say something,1,incident_delay,synthetic_mock
lrt klcc - 小红书搜索 - Google Chrome,2039,mock_post_2039.png,lrt klcc - 小红书搜索 - Google Chrome,2026-02-23T17:59:00,"Little Red Potato 66A1
focus on
Normal operation resumed and train intervals are back to schedule at Universiti.
People shared regular commute and station photos
No emergency notice was posted
Malaysia transport update 2024-10-16
There are 1 comments in total
author
reply
Show 2 replies
Say something",Normal operation resumed and train intervals are back to schedule at Universiti People shared regular commute and station photos No emergency notice was posted Malaysia transport update 2024 10 16 There are 1 comments in total author reply Show 2 replies Say something,0,normal_operation,synthetic_mock
lrtkelanajaya线 - 小红书搜索 - Google Chrome,2040,mock_post_2040.png,lrtkelanajaya线 - 小红书搜索 - Google Chrome,2026-02-23T18:00:00,"Little Red Potato 66A1
focus on
Passengers were asked to get off at Pasar Seni due to train fault and wait for replacement at Putra Heights.
Passengers shared delay slip and crowding evidence during rush hour
Rapid KL staff guided queue and temporary shuttle arrangement
There are 6 comments in total
author
reply
Show 2 replies
Say something",Passengers were asked to get off at Pasar Seni due to train fault and wait for replacement at Putra Heights Passengers shared delay slip and crowding evidence during rush hour Rapid KL staff guided queue and temporary shuttle arrangement There are 6 comments in total author reply Show 2 replies Say something,1,incident_train_fault,synthetic_mock
地铁 马来西亚 - 小红书搜索 - Google Chrome,2041,mock_post_2041.png,地铁 马来西亚 - 小红书搜索 - Google Chrome,2026-02-23T18:01:00,"Xiaoxuan Talk Malaysia Official
focus on
Service update says all lines are stable with no major delay this morning at Masjid Jamek.
People shared regular commute and station photos
No emergency notice was posted
There are 10 comments in total
author
reply
Show 2 replies
Say something",Service update says all lines are stable with no major delay this morning at Masjid Jamek People shared regular commute and station photos No emergency notice was posted There are 10 comments in total author reply Show 2 replies Say something,0,normal_update,synthetic_mock
mrt fault - 小红书搜索 - Google Chrome,2042,mock_post_2042.png,mrt fault - 小红书搜索 - Google Chrome,2026-02-23T18:02:00,"Rapid commuter diary
focus on
Commuters reported long queue and train delay after track maintenance at Universiti station at Masjid Jamek.
Passengers shared delay slip and crowding evidence during rush hour
Rapid KL staff guided queue and temporary shuttle arrangement
Malaysia transport update 2024-10-09
There are 11 comments in total
author
reply
Show 1 replies
Say something",Commuters reported long queue and train delay after track maintenance at Universiti station at Masjid Jamek Passengers shared delay slip and crowding evidence during rush hour Rapid KL staff guided queue and temporary shuttle arrangement Malaysia transport update 2024 10 09 There are 11 comments in total author reply Show 1 replies Say something,1,incident_delay,synthetic_mock
mrtkajang问题 - 小红书搜索 - Google Chrome,2043,mock_post_2043.png,mrtkajang问题 - 小红书搜索 - Google Chrome,2026-02-23T18:03:00,"Xiaoxuan Talk Malaysia Official
focus on
Commuting to work was smooth and station crowd level was manageable today at Wangsa Maju.
People shared regular commute and station photos
No emergency notice was posted
There are 15 comments in total
author
reply
Show 1 replies
Say something",Commuting to work was smooth and station crowd level was manageable today at Wangsa Maju People shared regular commute and station photos No emergency notice was posted There are 15 comments in total author reply Show 1 replies Say something,0,normal_commute,synthetic_mock
lrtkelanajaya线 - 小红书搜索 - Google Chrome,2044,mock_post_2044.png,lrtkelanajaya线 - 小红书搜索 - Google Chrome,2026-02-23T18:04:00,"KL daily commuter
focus on
Passengers were asked to get off at Pasar Seni due to train fault and wait for replacement at Masjid Jamek.
Passengers shared delay slip and crowding evidence during rush hour
Rapid KL staff guided queue and temporary shuttle arrangement
Malaysia transport update 2024-02-02
There are 13 comments in total
author
reply
Show 1 replies
Say something",Passengers were asked to get off at Pasar Seni due to train fault and wait for replacement at Masjid Jamek Passengers shared delay slip and crowding evidence during rush hour Rapid KL staff guided queue and temporary shuttle arrangement Malaysia transport update 2024 02 02 There are 13 comments in total author reply Show 1 replies Say something,1,incident_train_fault,synthetic_mock
mrt - 小红书搜索 - Google Chrome,2045,mock_post_2045.png,mrt - 小红书搜索 - Google Chrome,2026-02-23T18:05:00,"City transit watcher
focus on
Service update says all lines are stable with no major delay this morning at KL Sentral.
People shared regular commute and station photos
No emergency notice was posted
There are 7 comments in total
author
reply
Show 3 replies
Say something",Service update says all lines are stable with no major delay this morning at KL Sentral People shared regular commute and station photos No emergency notice was posted There are 7 comments in total author reply Show 3 replies Say something,0,normal_update,synthetic_mock
mrt - 小红书搜索 - Google Chrome,2046,mock_post_2046.png,mrt - 小红书搜索 - Google Chrome,2026-02-23T18:06:00,"Xiaoxuan Talk Malaysia Official
focus on
Commuters reported long queue and train delay after track maintenance at Universiti station at Ampang Park.
Passengers shared delay slip and crowding evidence during rush hour
Rapid KL staff guided queue and temporary shuttle arrangement
There are 8 comments in total
author
reply
Show 3 replies
Say something",Commuters reported long queue and train delay after track maintenance at Universiti station at Ampang Park Passengers shared delay slip and crowding evidence during rush hour Rapid KL staff guided queue and temporary shuttle arrangement There are 8 comments in total author reply Show 3 replies Say something,1,incident_delay,synthetic_mock
mrtkajang问题 - 小红书搜索 - Google Chrome,2047,mock_post_2047.png,mrtkajang问题 - 小红书搜索 - Google Chrome,2026-02-23T18:07:00,"Xiaoxuan Talk Malaysia Official
focus on
Service update says all lines are stable with no major delay this morning at Masjid Jamek.
People shared regular commute and station photos
No emergency notice was posted
Malaysia transport update 2024-03-28
There are 11 comments in total
author
reply
Show 1 replies
Say something",Service update says all lines are stable with no major delay this morning at Masjid Jamek People shared regular commute and station photos No emergency notice was posted Malaysia transport update 2024 03 28 There are 11 comments in total author reply Show 1 replies Say something,0,normal_update,synthetic_mock
mrtkajang问题 - 小红书搜索 - Google Chrome,2048,mock_post_2048.png,mrtkajang问题 - 小红书搜索 - Google Chrome,2026-02-23T18:08:00,"City transit watcher
focus on
Kelana Jaya line maintenance phase affected frequency and caused crowding at stations at Wangsa Maju.
Passengers shared delay slip and crowding evidence during rush hour
Rapid KL staff guided queue and temporary shuttle arrangement
Malaysia transport update 2025-10-25
There are 6 comments in total
author
reply
Show 2 replies
Say something",Kelana Jaya line maintenance phase affected frequency and caused crowding at stations at Wangsa Maju Passengers shared delay slip and crowding evidence during rush hour Rapid KL staff guided queue and temporary shuttle arrangement Malaysia transport update 2025 10 25 There are 6 comments in total author reply Show 2 replies Say something,1,incident_maintenance_impact,synthetic_mock
🇲🇾LRT KelanajayaLine通告，列车降速 - 小红书 - Google Chrome,2049,mock_post_2049.png,🇲🇾LRT KelanajayaLine通告，列车降速 - 小红书 - Google Chrome,2026-02-23T18:09:00,"Leisurely kitten
focus on
Routine travel post about route tips and fare sharing at KL Sentral.
People shared regular commute and station photos
No emergency notice was posted
There are 8 comments in total
author
reply
Show 1 replies
Say something",Routine travel post about route tips and fare sharing at KL Sentral People shared regular commute and station photos No emergency notice was posted There are 8 comments in total author reply Show 1 replies Say something,0,normal_travel_tip,synthetic_mock
mrtkajang问题 - 小红书搜索 - Google Chrome,2050,mock_post_2050.png,mrtkajang问题 - 小红书搜索 - Google Chrome,2026-02-23T18:10:00,"KL daily commuter
focus on
LRT Kelana Jaya line had a signaling issue during peak hour and trains moved slowly at Kelana Jaya.
Passengers shared delay slip and crowding evidence during rush hour
Rapid KL staff guided queue and temporary shuttle arrangement
Malaysia transport update 2024-01-09
There are 1 comments in total
author
reply
Show 2 replies
Say something",LRT Kelana Jaya line had a signaling issue during peak hour and trains moved slowly at Kelana Jaya Passengers shared delay slip and crowding evidence during rush hour Rapid KL staff guided queue and temporary shuttle arrangement Malaysia transport update 2024 01 09 There are 1 comments in total author reply Show 2 replies Say something,1,incident_breakdown,synthetic_mock
mrt fault - 小红书搜索 - Google Chrome,2051,mock_post_2051.png,mrt fault - 小红书搜索 - Google Chrome,2026-02-23T18:11:00,"Ootashi store
focus on
No disruption observed and transfer between lines completed without waiting at KL Sentral.
People shared regular commute and station photos
No emergency notice was posted
Malaysia transport update 2025-04-21
There are 7 comments in total
author
reply
Show 2 replies
Say something",No disruption observed and transfer between lines completed without waiting at KL Sentral People shared regular commute and station photos No emergency notice was posted Malaysia transport update 2025 04 21 There are 7 comments in total author reply Show 2 replies Say something,0,normal_no_incident,synthetic_mock
lrt klcc - 小红书搜索 - Google Chrome,2052,mock_post_2052.png,lrt klcc - 小红书搜索 - Google Chrome,2026-02-23T18:12:00,"Rapid commuter diary
focus on
LRT Kelana Jaya line had a signaling issue during peak hour and trains moved slowly at Gombak.
Passengers shared delay slip and crowding evidence during rush hour
Rapid KL staff guided queue and temporary shuttle arrangement
There are 10 comments in total
author
reply
Show 1 replies
Say something",LRT Kelana Jaya line had a signaling issue during peak hour and trains moved slowly at Gombak Passengers shared delay slip and crowding evidence during rush hour Rapid KL staff guided queue and temporary shuttle arrangement There are 10 comments in total author reply Show 1 replies Say something,1,incident_breakdown,synthetic_mock
lrtkelanajaya故障 - 小红书搜索 - Google Chrome,2053,mock_post_2053.png,lrtkelanajaya故障 - 小红书搜索 - Google Chrome,2026-02-23T18:13:00,"Leisurely kitten
focus on
Commuting to work was smooth and station crowd level was manageable today at Pasar Seni.
People shared regular commute and station photos
No emergency notice was posted
Malaysia transport update 2024-02-21
There are 1 comments in total
author
reply
Show 2 replies
Say something",Commuting to work was smooth and station crowd level was manageable today at Pasar Seni People shared regular commute and station photos No emergency notice was posted Malaysia transport update 2024 02 21 There are 1 comments in total author reply Show 2 replies Say something,0,normal_commute,synthetic_mock
地铁 马来西亚 - 小红书搜索 - Google Chrome,2054,mock_post_2054.png,地铁 马来西亚 - 小红书搜索 - Google Chrome,2026-02-23T18:14:00,"Xiaoxuan Talk Malaysia Official
focus on
LRT Kelana Jaya line had a signaling issue during peak hour and trains moved slowly at KLCC.
Passengers shared delay slip and crowding evidence during rush hour
Rapid KL staff guided queue and temporary shuttle arrangement
There are 15 comments in total
author
reply
Show 3 replies
Say something",LRT Kelana Jaya line had a signaling issue during peak hour and trains moved slowly at KLCC Passengers shared delay slip and crowding evidence during rush hour Rapid KL staff guided queue and temporary shuttle arrangement There are 15 comments in total author reply Show 3 replies Say something,1,incident_breakdown,synthetic_mock
lrtkelanajaya故障 - 小红书搜索 - Google Chrome,2055,mock_post_2055.png,lrtkelanajaya故障 - 小红书搜索 - Google Chrome,2026-02-23T18:15:00,"Xiaoxuan Talk Malaysia Official
focus on
Commuting to work was smooth and station crowd level was manageable today at Gombak.
People shared regular commute and station photos
No emergency notice was posted
There are 16 comments in total
author
reply
Show 1 replies
Say something",Commuting to work was smooth and station crowd level was manageable today at Gombak People shared regular commute and station photos No emergency notice was posted There are 16 comments in total author reply Show 1 replies Say something,0,normal_commute,synthetic_mock
mrtkajang问题 - 小红书搜索 - Google Chrome,2056,mock_post_2056.png,mrtkajang问题 - 小红书搜索 - Google Chrome,2026-02-23T18:16:00,"Rapid commuter diary
focus on
Rapid KL announced temporary service disruption between KLCC and Gombak with shuttle support at KLCC.
Passengers shared delay slip and crowding evidence during rush hour
Rapid KL staff guided queue and temporary shuttle arrangement
There are 1 comments in total
author
reply
Show 1 replies
Say something",Rapid KL announced temporary service disruption between KLCC and Gombak with shuttle support at KLCC Passengers shared delay slip and crowding evidence during rush hour Rapid KL staff guided queue and temporary shuttle arrangement There are 1 comments in total author reply Show 1 replies Say something,1,incident_service_disruption,synthetic_mock
mrt - 小红书搜索 - Google Chrome,2057,mock_post_2057.png,mrt - 小红书搜索 - Google Chrome,2026-02-23T18:17:00,"Rapid commuter diary
focus on
No disruption observed and transfer between lines completed without waiting at Ampang Park.
People shared regular commute and station photos
No emergency notice was posted
Malaysia transport update 2024-10-02
There are 3 comments in total
author
reply
Show 2 replies
Say something",No disruption observed and transfer between lines completed without waiting at Ampang Park People shared regular commute and station photos No emergency notice was posted Malaysia transport update 2024 10 02 There are 3 comments in total author reply Show 2 replies Say something,0,normal_no_incident,synthetic_mock
mrt - 小红书搜索 - Google Chrome,2058,mock_post_2058.png,mrt - 小红书搜索 - Google Chrome,2026-02-23T18:18:00,"Ootashi store
focus on
Kelana Jaya line maintenance phase affected frequency and caused crowding at stations at Ampang Park.
Passengers shared delay slip and crowding evidence during rush hour
Rapid KL staff guided queue and temporary shuttle arrangement
There are 1 comments in total
author
reply
Show 3 replies
Say something",Kelana Jaya line maintenance phase affected frequency and caused crowding at stations at Ampang Park Passengers shared delay slip and crowding evidence during rush hour Rapid KL staff guided queue and temporary shuttle arrangement There are 1 comments in total author reply Show 3 replies Say something,1,incident_maintenance_impact,synthetic_mock
mrtkajang问题 - 小红书搜索 - Google Chrome,2059,mock_post_2059.png,mrtkajang问题 - 小红书搜索 - Google Chrome,2026-02-23T18:19:00,"City transit watcher
focus on
Service update says all lines are stable with no major delay this morning at Universiti.
People shared regular commute and station photos
No emergency notice was posted
Malaysia transport update 2024-11-02
There are 14 comments in total
author
reply
Show 3 replies
Say something",Service update says all lines are stable with no major delay this morning at Universiti People shared regular commute and station photos No emergency notice was posted Malaysia transport update 2024 11 02 There are 14 comments in total author reply Show 3 replies Say something,0,normal_update,synthetic_mock
lrtkelanajaya故障 - 小红书搜索 - Google Chrome,2060,mock_post_2060.png,lrtkelanajaya故障 - 小红书搜索 - Google Chrome,2026-02-23T18:20:00,"Leisurely kitten
focus on
Rapid KL announced temporary service disruption between KLCC and Gombak with shuttle support at Kelana Jaya.
Passengers shared delay slip and crowding evidence during rush hour
Rapid KL staff guided queue and temporary shuttle arrangement
Malaysia transport update 2026-06-15
There are 16 comments in total
author
reply
Show 3 replies
Say something",Rapid KL announced temporary service disruption between KLCC and Gombak with shuttle support at Kelana Jaya Passengers shared delay slip and crowding evidence during rush hour Rapid KL staff guided queue and temporary shuttle arrangement Malaysia transport update 2026 06 15 There are 16 comments in total author reply Show 3 replies Say something,1,incident_service_disruption,synthetic_mock
🇲🇾LRT停运 注意了‼️ - 小红书 - Google Chrome,2061,mock_post_2061.png,🇲🇾LRT停运 注意了‼️ - 小红书 - Google Chrome,2026-02-23T18:21:00,"City transit watcher
focus on
Commuting to work was smooth and station crowd level was manageable today at Putra Heights.
People shared regular commute and station photos
No emergency notice was posted
There are 5 comments in total
author
reply
Show 2 replies
Say something",Commuting to work was smooth and station crowd level was manageable today at Putra Heights People shared regular commute and station photos No emergency notice was posted There are 5 comments in total author reply Show 2 replies Say something,0,normal_commute,synthetic_mock
mrt fault - 小红书搜索 - Google Chrome,2062,mock_post_2062.png,mrt fault - 小红书搜索 - Google Chrome,2026-02-23T18:22:00,"Ootashi store
focus on
Commuters reported long queue and train delay after track maintenance at Universiti station at Wangsa Maju.
Passengers shared delay slip and crowding evidence during rush hour
Rapid KL staff guided queue and temporary shuttle arrangement
There are 12 comments in total
author
reply
Show 2 replies
Say something",Commuters reported long queue and train delay after track maintenance at Universiti station at Wangsa Maju Passengers shared delay slip and crowding evidence during rush hour Rapid KL staff guided queue and temporary shuttle arrangement There are 12 comments in total author reply Show 2 replies Say something,1,incident_delay,synthetic_mock
地铁 马来西亚 - 小红书搜索 - Google Chrome,2063,mock_post_2063.png,地铁 马来西亚 - 小红书搜索 - Google Chrome,2026-02-23T18:23:00,"KL daily commuter
focus on
Commuting to work was smooth and station crowd level was manageable today at Pasar Seni.
People shared regular commute and station photos
No emergency notice was posted
There are 16 comments in total
author
reply
Show 3 replies
Say something",Commuting to work was smooth and station crowd level was manageable today at Pasar Seni People shared regular commute and station photos No emergency notice was posted There are 16 comments in total author reply Show 3 replies Say something,0,normal_commute,synthetic_mock
mrtkajang问题 - 小红书搜索 - Google Chrome,2064,mock_post_2064.png,mrtkajang问题 - 小红书搜索 - Google Chrome,2026-02-23T18:24:00,"Rapid commuter diary
focus on
Power trip caused brief outage and service resumed after technicians completed repair at Putra Heights.
Passengers shared delay slip and crowding evidence during rush hour
Rapid KL staff guided queue and temporary shuttle arrangement
Malaysia transport update 2025-03-11
There are 12 comments in total
author
reply
Show 3 replies
Say something",Power trip caused brief outage and service resumed after technicians completed repair at Putra Heights Passengers shared delay slip and crowding evidence during rush hour Rapid KL staff guided queue and temporary shuttle arrangement Malaysia transport update 2025 03 11 There are 12 comments in total author reply Show 3 replies Say something,1,incident_power_outage,synthetic_mock
地铁 马来西亚 - 小红书搜索 - Google Chrome,2065,mock_post_2065.png,地铁 马来西亚 - 小红书搜索 - Google Chrome,2026-02-23T18:25:00,"KL daily commuter
focus on
No disruption observed and transfer between lines completed without waiting at Masjid Jamek.
People shared regular commute and station photos
No emergency notice was posted
There are 2 comments in total
author
reply
Show 2 replies
Say something",No disruption observed and transfer between lines completed without waiting at Masjid Jamek People shared regular commute and station photos No emergency notice was posted There are 2 comments in total author reply Show 2 replies Say something,0,normal_no_incident,synthetic_mock
mrt kajang - 小红书搜索 - Google Chrome,2066,mock_post_2066.png,mrt kajang - 小红书搜索 - Google Chrome,2026-02-23T18:26:00,"Little Red Potato 66A1
focus on
Kelana Jaya line maintenance phase affected frequency and caused crowding at stations at Pasar Seni.
Passengers shared delay slip and crowding evidence during rush hour
Rapid KL staff guided queue and temporary shuttle arrangement
Malaysia transport update 2026-12-06
There are 5 comments in total
author
reply
Show 1 replies
Say something",Kelana Jaya line maintenance phase affected frequency and caused crowding at stations at Pasar Seni Passengers shared delay slip and crowding evidence during rush hour Rapid KL staff guided queue and temporary shuttle arrangement Malaysia transport update 2026 12 06 There are 5 comments in total author reply Show 1 replies Say something,1,incident_maintenance_impact,synthetic_mock
地铁 马来西亚 - 小红书搜索 - Google Chrome,2067,mock_post_2067.png,地铁 马来西亚 - 小红书搜索 - Google Chrome,2026-02-23T18:27:00,"Xiaoxuan Talk Malaysia Official
focus on
Normal operation resumed and train intervals are back to schedule at Wangsa Maju.
People shared regular commute and station photos
No emergency notice was posted
There are 18 comments in total
author
reply
Show 1 replies
Say something",Normal operation resumed and train intervals are back to schedule at Wangsa Maju People shared regular commute and station photos No emergency notice was posted There are 18 comments in total author reply Show 1 replies Say something,0,normal_operation,synthetic_mock
mrt fault - 小红书搜索 - Google Chrome,2068,mock_post_2068.png,mrt fault - 小红书搜索 - Google Chrome,2026-02-23T18:28:00,"Xiaoxuan Talk Malaysia Official
focus on
LRT Kelana Jaya line had a signaling issue during peak hour and trains moved slowly at KL Sentral.
Passengers shared delay slip and crowding evidence during rush hour
Rapid KL staff guided queue and temporary shuttle arrangement
Malaysia transport update 2026-11-06
There are 8 comments in total
author
reply
Show 3 replies
Say something",LRT Kelana Jaya line had a signaling issue during peak hour and trains moved slowly at KL Sentral Passengers shared delay slip and crowding evidence during rush hour Rapid KL staff guided queue and temporary shuttle arrangement Malaysia transport update 2026 11 06 There are 8 comments in total author reply Show 3 replies Say something,1,incident_breakdown,synthetic_mock
mrt kajang - 小红书搜索 - Google Chrome,2069,mock_post_2069.png,mrt kajang - 小红书搜索 - Google Chrome,2026-02-23T18:29:00,"Leisurely kitten
focus on
No disruption observed and transfer between lines completed without waiting at KLCC.
People shared regular commute and station photos
No emergency notice was posted
There are 12 comments in total
author
reply
Show 3 replies
Say something",No disruption observed and transfer between lines completed without waiting at KLCC People shared regular commute and station photos No emergency notice was posted There are 12 comments in total author reply Show 3 replies Say something,0,normal_no_incident,synthetic_mock
lrt klcc - 小红书搜索 - Google Chrome,2070,mock_post_2070.png,lrt klcc - 小红书搜索 - Google Chrome,2026-02-23T18:30:00,"Ootashi store
focus on
Passengers were asked to get off at Pasar Seni due to train fault and wait for replacement at Wangsa Maju.
Passengers shared delay slip and crowding evidence during rush hour
Rapid KL staff guided queue and temporary shuttle arrangement
There are 14 comments in total
author
reply
Show 3 replies
Say something",Passengers were asked to get off at Pasar Seni due to train fault and wait for replacement at Wangsa Maju Passengers shared delay slip and crowding evidence during rush hour Rapid KL staff guided queue and temporary shuttle arrangement There are 14 comments in total author reply Show 3 replies Say something,1,incident_train_fault,synthetic_mock
lrt is bad again - Xiaohongshu search - Google Chrome,2071,mock_post_2071.png,lrt is bad again - Xiaohongshu search - Google Chrome,2026-02-23T18:31:00,"Ootashi store
focus on
Service update says all lines are stable with no major delay this morning at Ampang Park.
People shared regular commute and station photos
No emergency notice was posted
There are 7 comments in total
author
reply
Show 3 replies
Say something",Service update says all lines are stable with no major delay this morning at Ampang Park People shared regular commute and station photos No emergency notice was posted There are 7 comments in total author reply Show 3 replies Say something,0,normal_update,synthetic_mock
mrt - 小红书搜索 - Google Chrome,2072,mock_post_2072.png,mrt - 小红书搜索 - Google Chrome,2026-02-23T18:32:00,"Rapid commuter diary
focus on
Passengers were asked to get off at Pasar Seni due to train fault and wait for replacement at KLCC.
Passengers shared delay slip and crowding evidence during rush hour
Rapid KL staff guided queue and temporary shuttle arrangement
Malaysia transport update 2024-12-10
There are 8 comments in total
author
reply
Show 2 replies
Say something",Passengers were asked to get off at Pasar Seni due to train fault and wait for replacement at KLCC Passengers shared delay slip and crowding evidence during rush hour Rapid KL staff guided queue and temporary shuttle arrangement Malaysia transport update 2024 12 10 There are 8 comments in total author reply Show 2 replies Say something,1,incident_train_fault,synthetic_mock
lrt klcc - 小红书搜索 - Google Chrome,2073,mock_post_2073.png,lrt klcc - 小红书搜索 - Google Chrome,2026-02-23T18:33:00,"City transit watcher
focus on
Service update says all lines are stable with no major delay this morning at Masjid Jamek.
People shared regular commute and station photos
No emergency notice was posted
Malaysia transport update 2024-01-01
There are 1 comments in total
author
reply
Show 2 replies
Say something",Service update says all lines are stable with no major delay this morning at Masjid Jamek People shared regular commute and station photos No emergency notice was posted Malaysia transport update 2024 01 01 There are 1 comments in total author reply Show 2 replies Say something,0,normal_update,synthetic_mock
mrt - 小红书搜索 - Google Chrome,2074,mock_post_2074.png,mrt - 小红书搜索 - Google Chrome,2026-02-23T18:34:00,"KL daily commuter
focus on
Rapid KL announced temporary service disruption between KLCC and Gombak with shuttle support at Pasar Seni.
Passengers shared delay slip and crowding evidence during rush hour
Rapid KL staff guided queue and temporary shuttle arrangement
There are 3 comments in total
author
reply
Show 1 replies
Say something",Rapid KL announced temporary service disruption between KLCC and Gombak with shuttle support at Pasar Seni Passengers shared delay slip and crowding evidence during rush hour Rapid KL staff guided queue and temporary shuttle arrangement There are 3 comments in total author reply Show 1 replies Say something,1,incident_service_disruption,synthetic_mock
🇲🇾LRT KelanajayaLine通告，列车降速 - 小红书 - Google Chrome,2075,mock_post_2075.png,🇲🇾LRT KelanajayaLine通告，列车降速 - 小红书 - Google Chrome,2026-02-23T18:35:00,"Rapid commuter diary
focus on
No disruption observed and transfer between lines completed without waiting at KLCC.
People shared regular commute and station photos
No emergency notice was posted
There are 13 comments in total
author
reply
Show 1 replies
Say something",No disruption observed and transfer between lines completed without waiting at KLCC People shared regular commute and station photos No emergency notice was posted There are 13 comments in total author reply Show 1 replies Say something,0,normal_no_incident,synthetic_mock
🇲🇾LRT KelanajayaLine通告，列车降速 - 小红书 - Google Chrome,2076,mock_post_2076.png,🇲🇾LRT KelanajayaLine通告，列车降速 - 小红书 - Google Chrome,2026-02-23T18:36:00,"Rapid commuter diary
focus on
Commuters reported long queue and train delay after track maintenance at Universiti station at Putra Heights.
Passengers shared delay slip and crowding evidence during rush hour
Rapid KL staff guided queue and temporary shuttle arrangement
Malaysia transport update 2025-07-20
There are 16 comments in total
author
reply
Show 3 replies
Say something",Commuters reported long queue and train delay after track maintenance at Universiti station at Putra Heights Passengers shared delay slip and crowding evidence during rush hour Rapid KL staff guided queue and temporary shuttle arrangement Malaysia transport update 2025 07 20 There are 16 comments in total author reply Show 3 replies Say something,1,incident_delay,synthetic_mock
mrt - 小红书搜索 - Google Chrome,2077,mock_post_2077.png,mrt - 小红书搜索 - Google Chrome,2026-02-23T18:37:00,"City transit watcher
focus on
Routine travel post about route tips and fare sharing at Kelana Jaya.
People shared regular commute and station photos
No emergency notice was posted
Malaysia transport update 2024-08-11
There are 12 comments in total
author
reply
Show 1 replies
Say something",Routine travel post about route tips and fare sharing at Kelana Jaya People shared regular commute and station photos No emergency notice was posted Malaysia transport update 2024 08 11 There are 12 comments in total author reply Show 1 replies Say something,0,normal_travel_tip,synthetic_mock
mrt kajang - 小红书搜索 - Google Chrome,2078,mock_post_2078.png,mrt kajang - 小红书搜索 - Google Chrome,2026-02-23T18:38:00,"KL daily commuter
focus on
Kelana Jaya line maintenance phase affected frequency and caused crowding at stations at Ampang Park.
Passengers shared delay slip and crowding evidence during rush hour
Rapid KL staff guided queue and temporary shuttle arrangement
There are 18 comments in total
author
reply
Show 1 replies
Say something",Kelana Jaya line maintenance phase affected frequency and caused crowding at stations at Ampang Park Passengers shared delay slip and crowding evidence during rush hour Rapid KL staff guided queue and temporary shuttle arrangement There are 18 comments in total author reply Show 1 replies Say something,1,incident_maintenance_impact,synthetic_mock
mrt kajang - 小红书搜索 - Google Chrome,2079,mock_post_2079.png,mrt kajang - 小红书搜索 - Google Chrome,2026-02-23T18:39:00,"Little Red Potato 66A1
focus on
General city transport post not related to outage or malfunction at KL Sentral.
People shared regular commute and station photos
No emergency notice was posted
There are 16 comments in total
author
reply
Show 1 replies
Say something",General city transport post not related to outage or malfunction at KL Sentral People shared regular commute and station photos No emergency notice was posted There are 16 comments in total author reply Show 1 replies Say something,0,normal_general,synthetic_mock
地铁 马来西亚 - 小红书搜索 - Google Chrome,2080,mock_post_2080.png,地铁 马来西亚 - 小红书搜索 - Google Chrome,2026-02-23T18:40:00,"KL daily commuter
focus on
LRT Kelana Jaya line had a signaling issue during peak hour and trains moved slowly at Ampang Park.
Passengers shared delay slip and crowding evidence during rush hour
Rapid KL staff guided queue and temporary shuttle arrangement
There are 16 comments in total
author
reply
Show 2 replies
Say something",LRT Kelana Jaya line had a signaling issue during peak hour and trains moved slowly at Ampang Park Passengers shared delay slip and crowding evidence during rush hour Rapid KL staff guided queue and temporary shuttle arrangement There are 16 comments in total author reply Show 2 replies Say something,1,incident_breakdown,synthetic_mock
mrt kajang - 小红书搜索 - Google Chrome,2081,mock_post_2081.png,mrt kajang - 小红书搜索 - Google Chrome,2026-02-23T18:41:00,"Ootashi store
focus on
Normal operation resumed and train intervals are back to schedule at KLCC.
People shared regular commute and station photos
No emergency notice was posted
There are 4 comments in total
author
reply
Show 2 replies
Say something",Normal operation resumed and train intervals are back to schedule at KLCC People shared regular commute and station photos No emergency notice was posted There are 4 comments in total author reply Show 2 replies Say something,0,normal_operation,synthetic_mock
mrt fault - 小红书搜索 - Google Chrome,2082,mock_post_2082.png,mrt fault - 小红书搜索 - Google Chrome,2026-02-23T18:42:00,"Ootashi store
focus on
Kelana Jaya line maintenance phase affected frequency and caused crowding at stations at Putra Heights.
Passengers shared delay slip and crowding evidence during rush hour
Rapid KL staff guided queue and temporary shuttle arrangement
There are 16 comments in total
author
reply
Show 1 replies
Say something",Kelana Jaya line maintenance phase affected frequency and caused crowding at stations at Putra Heights Passengers shared delay slip and crowding evidence during rush hour Rapid KL staff guided queue and temporary shuttle arrangement There are 16 comments in total author reply Show 1 replies Say something,1,incident_maintenance_impact,synthetic_mock
🇲🇾LRT KelanajayaLine通告，列车降速 - 小红书 - Google Chrome,2083,mock_post_2083.png,🇲🇾LRT KelanajayaLine通告，列车降速 - 小红书 - Google Chrome,2026-02-23T18:43:00,"KL daily commuter
focus on
Commuting to work was smooth and station crowd level was manageable today at Masjid Jamek.
People shared regular commute and station photos
No emergency notice was posted
There are 15 comments in total
author
reply
Show 1 replies
Say something",Commuting to work was smooth and station crowd level was manageable today at Masjid Jamek People shared regular commute and station photos No emergency notice was posted There are 15 comments in total author reply Show 1 replies Say something,0,normal_commute,synthetic_mock
mrtkajang问题 - 小红书搜索 - Google Chrome,2084,mock_post_2084.png,mrtkajang问题 - 小红书搜索 - Google Chrome,2026-02-23T18:44:00,"Xiaoxuan Talk Malaysia Official
focus on
Power trip caused brief outage and service resumed after technicians completed repair at KLCC.
Passengers shared delay slip and crowding evidence during rush hour
Rapid KL staff guided queue and temporary shuttle arrangement
There are 1 comments in total
author
reply
Show 3 replies
Say something",Power trip caused brief outage and service resumed after technicians completed repair at KLCC Passengers shared delay slip and crowding evidence during rush hour Rapid KL staff guided queue and temporary shuttle arrangement There are 1 comments in total author reply Show 3 replies Say something,1,incident_power_outage,synthetic_mock
lrt is bad again - Xiaohongshu search - Google Chrome,2085,mock_post_2085.png,lrt is bad again - Xiaohongshu search - Google Chrome,2026-02-23T18:45:00,"Ootashi store
focus on
Normal operation resumed and train intervals are back to schedule at Masjid Jamek.
People shared regular commute and station photos
No emergency notice was posted
Malaysia transport update 2026-10-13
There are 18 comments in total
author
reply
Show 3 replies
Say something",Normal operation resumed and train intervals are back to schedule at Masjid Jamek People shared regular commute and station photos No emergency notice was posted Malaysia transport update 2026 10 13 There are 18 comments in total author reply Show 3 replies Say something,0,normal_operation,synthetic_mock
mrtkajang问题 - 小红书搜索 - Google Chrome,2086,mock_post_2086.png,mrtkajang问题 - 小红书搜索 - Google Chrome,2026-02-23T18:46:00,"Xiaoxuan Talk Malaysia Official
focus on
Commuters reported long queue and train delay after track maintenance at Universiti station at KL Sentral.
Passengers shared delay slip and crowding evidence during rush hour
Rapid KL staff guided queue and temporary shuttle arrangement
There are 16 comments in total
author
reply
Show 1 replies
Say something",Commuters reported long queue and train delay after track maintenance at Universiti station at KL Sentral Passengers shared delay slip and crowding evidence during rush hour Rapid KL staff guided queue and temporary shuttle arrangement There are 16 comments in total author reply Show 1 replies Say something,1,incident_delay,synthetic_mock
lrtkelanajaya线 - 小红书搜索 - Google Chrome,2087,mock_post_2087.png,lrtkelanajaya线 - 小红书搜索 - Google Chrome,2026-02-23T18:47:00,"Xiaoxuan Talk Malaysia Official
focus on
Commuting to work was smooth and station crowd level was manageable today at Pasar Seni.
People shared regular commute and station photos
No emergency notice was posted
Malaysia transport update 2025-07-04
There are 5 comments in total
author
reply
Show 1 replies
Say something",Commuting to work was smooth and station crowd level was manageable today at Pasar Seni People shared regular commute and station photos No emergency notice was posted Malaysia transport update 2025 07 04 There are 5 comments in total author reply Show 1 replies Say something,0,normal_commute,synthetic_mock
mrt - 小红书搜索 - Google Chrome,2088,mock_post_2088.png,mrt - 小红书搜索 - Google Chrome,2026-02-23T18:48:00,"Ootashi store
focus on
Power trip caused brief outage and service resumed after technicians completed repair at Ampang Park.
Passengers shared delay slip and crowding evidence during rush hour
Rapid KL staff guided queue and temporary shuttle arrangement
Malaysia transport update 2026-11-06
There are 13 comments in total
author
reply
Show 1 replies
Say something",Power trip caused brief outage and service resumed after technicians completed repair at Ampang Park Passengers shared delay slip and crowding evidence during rush hour Rapid KL staff guided queue and temporary shuttle arrangement Malaysia transport update 2026 11 06 There are 13 comments in total author reply Show 1 replies Say something,1,incident_power_outage,synthetic_mock
mrtkajang问题 - 小红书搜索 - Google Chrome,2089,mock_post_2089.png,mrtkajang问题 - 小红书搜索 - Google Chrome,2026-02-23T18:49:00,"Leisurely kitten
focus on
Service update says all lines are stable with no major delay this morning at Universiti.
People shared regular commute and station photos
No emergency notice was posted
There are 16 comments in total
author
reply
Show 1 replies
Say something",Service update says all lines are stable with no major delay this morning at Universiti People shared regular commute and station photos No emergency notice was posted There are 16 comments in total author reply Show 1 replies Say something,0,normal_update,synthetic_mock
mrtkajang问题 - 小红书搜索 - Google Chrome,2090,mock_post_2090.png,mrtkajang问题 - 小红书搜索 - Google Chrome,2026-02-23T18:50:00,"Xiaoxuan Talk Malaysia Official
focus on
Kelana Jaya line maintenance phase affected frequency and caused crowding at stations at KLCC.
Passengers shared delay slip and crowding evidence during rush hour
Rapid KL staff guided queue and temporary shuttle arrangement
Malaysia transport update 2024-12-20
There are 1 comments in total
author
reply
Show 2 replies
Say something",Kelana Jaya line maintenance phase affected frequency and caused crowding at stations at KLCC Passengers shared delay slip and crowding evidence during rush hour Rapid KL staff guided queue and temporary shuttle arrangement Malaysia transport update 2024 12 20 There are 1 comments in total author reply Show 2 replies Say something,1,incident_maintenance_impact,synthetic_mock
地铁 马来西亚 - 小红书搜索 - Google Chrome,2091,mock_post_2091.png,地铁 马来西亚 - 小红书搜索 - Google Chrome,2026-02-23T18:51:00,"Xiaoxuan Talk Malaysia Official
focus on
Commuting to work was smooth and station crowd level was manageable today at Wangsa Maju.
People shared regular commute and station photos
No emergency notice was posted
There are 12 comments in total
author
reply
Show 3 replies
Say something",Commuting to work was smooth and station crowd level was manageable today at Wangsa Maju People shared regular commute and station photos No emergency notice was posted There are 12 comments in total author reply Show 3 replies Say something,0,normal_commute,synthetic_mock
lrt klcc - 小红书搜索 - Google Chrome,2092,mock_post_2092.png,lrt klcc - 小红书搜索 - Google Chrome,2026-02-23T18:52:00,"Rapid commuter diary
focus on
LRT Kelana Jaya line had a signaling issue during peak hour and trains moved slowly at Wangsa Maju.
Passengers shared delay slip and crowding evidence during rush hour
Rapid KL staff guided queue and temporary shuttle arrangement
Malaysia transport update 2025-09-23
There are 14 comments in total
author
reply
Show 1 replies
Say something",LRT Kelana Jaya line had a signaling issue during peak hour and trains moved slowly at Wangsa Maju Passengers shared delay slip and crowding evidence during rush hour Rapid KL staff guided queue and temporary shuttle arrangement Malaysia transport update 2025 09 23 There are 14 comments in total author reply Show 1 replies Say something,1,incident_breakdown,synthetic_mock
lrt is bad again - Xiaohongshu search - Google Chrome,2093,mock_post_2093.png,lrt is bad again - Xiaohongshu search - Google Chrome,2026-02-23T18:53:00,"City transit watcher
focus on
Normal operation resumed and train intervals are back to schedule at Gombak.
People shared regular commute and station photos
No emergency notice was posted
Malaysia transport update 2025-09-08
There are 5 comments in total
author
reply
Show 1 replies
Say something",Normal operation resumed and train intervals are back to schedule at Gombak People shared regular commute and station photos No emergency notice was posted Malaysia transport update 2025 09 08 There are 5 comments in total author reply Show 1 replies Say something,0,normal_operation,synthetic_mock
地铁 马来西亚 - 小红书搜索 - Google Chrome,2094,mock_post_2094.png,地铁 马来西亚 - 小红书搜索 - Google Chrome,2026-02-23T18:54:00,"Little Red Potato 66A1
focus on
Rapid KL announced temporary service disruption between KLCC and Gombak with shuttle support at KLCC.
Passengers shared delay slip and crowding evidence during rush hour
Rapid KL staff guided queue and temporary shuttle arrangement
Malaysia transport update 2024-08-22
There are 18 comments in total
author
reply
Show 2 replies
Say something",Rapid KL announced temporary service disruption between KLCC and Gombak with shuttle support at KLCC Passengers shared delay slip and crowding evidence during rush hour Rapid KL staff guided queue and temporary shuttle arrangement Malaysia transport update 2024 08 22 There are 18 comments in total author reply Show 2 replies Say something,1,incident_service_disruption,synthetic_mock
mrt kajang - 小红书搜索 - Google Chrome,2095,mock_post_2095.png,mrt kajang - 小红书搜索 - Google Chrome,2026-02-23T18:55:00,"Xiaoxuan Talk Malaysia Official
focus on
Commuting to work was smooth and station crowd level was manageable today at Ampang Park.
People shared regular commute and station photos
No emergency notice was posted
There are 6 comments in total
author
reply
Show 3 replies
Say something",Commuting to work was smooth and station crowd level was manageable today at Ampang Park People shared regular commute and station photos No emergency notice was posted There are 6 comments in total author reply Show 3 replies Say something,0,normal_commute,synthetic_mock
mrt fault - 小红书搜索 - Google Chrome,2096,mock_post_2096.png,mrt fault - 小红书搜索 - Google Chrome,2026-02-23T18:56:00,"Xiaoxuan Talk Malaysia Official
focus on
LRT Kelana Jaya line had a signaling issue during peak hour and trains moved slowly at Masjid Jamek.
Passengers shared delay slip and crowding evidence during rush hour
Rapid KL staff guided queue and temporary shuttle arrangement
Malaysia transport update 2024-05-05
There are 13 comments in total
author
reply
Show 1 replies
Say something",LRT Kelana Jaya line had a signaling issue during peak hour and trains moved slowly at Masjid Jamek Passengers shared delay slip and crowding evidence during rush hour Rapid KL staff guided queue and temporary shuttle arrangement Malaysia transport update 2024 05 05 There are 13 comments in total author reply Show 1 replies Say something,1,incident_breakdown,synthetic_mock
mrt - 小红书搜索 - Google Chrome,2097,mock_post_2097.png,mrt - 小红书搜索 - Google Chrome,2026-02-23T18:57:00,"KL daily commuter
focus on
Normal operation resumed and train intervals are back to schedule at Masjid Jamek.
People shared regular commute and station photos
No emergency notice was posted
Malaysia transport update 2026-11-09
There are 17 comments in total
author
reply
Show 1 replies
Say something",Normal operation resumed and train intervals are back to schedule at Masjid Jamek People shared regular commute and station photos No emergency notice was posted Malaysia transport update 2026 11 09 There are 17 comments in total author reply Show 1 replies Say something,0,normal_operation,synthetic_mock
🇲🇾LRT停运 注意了‼️ - 小红书 - Google Chrome,2098,mock_post_2098.png,🇲🇾LRT停运 注意了‼️ - 小红书 - Google Chrome,2026-02-23T18:58:00,"Ootashi store
focus on
Rapid KL announced temporary service disruption between KLCC and Gombak with shuttle support at Putra Heights.
Passengers shared delay slip and crowding evidence during rush hour
Rapid KL staff guided queue and temporary shuttle arrangement
There are 7 comments in total
author
reply
Show 1 replies
Say something",Rapid KL announced temporary service disruption between KLCC and Gombak with shuttle support at Putra Heights Passengers shared delay slip and crowding evidence during rush hour Rapid KL staff guided queue and temporary shuttle arrangement There are 7 comments in total author reply Show 1 replies Say something,1,incident_service_disruption,synthetic_mock
lrtkelanajaya故障 - 小红书搜索 - Google Chrome,2099,mock_post_2099.png,lrtkelanajaya故障 - 小红书搜索 - Google Chrome,2026-02-23T18:59:00,"Rapid commuter diary
focus on
No disruption observed and transfer between lines completed without waiting at Ampang Park.
People shared regular commute and station photos
No emergency notice was posted
Malaysia transport update 2024-07-18
There are 18 comments in total
author
reply
Show 1 replies
Say something",No disruption observed and transfer between lines completed without waiting at Ampang Park People shared regular commute and station photos No emergency notice was posted Malaysia transport update 2024 07 18 There are 18 comments in total author reply Show 1 replies Say something,0,normal_no_incident,synthetic_mock
lrtkelanajaya故障 - 小红书搜索 - Google Chrome,2100,mock_post_2100.png,lrtkelanajaya故障 - 小红书搜索 - Google Chrome,2026-02-23T19:00:00,"KL daily commuter
focus on
Kelana Jaya line maintenance phase affected frequency and caused crowding at stations at Pasar Seni.
Passengers shared delay slip and crowding evidence during rush hour
Rapid KL staff guided queue and temporary shuttle arrangement
Malaysia transport update 2024-08-17
There are 3 comments in total
author
reply
Show 3 replies
Say something",Kelana Jaya line maintenance phase affected frequency and caused crowding at stations at Pasar Seni Passengers shared delay slip and crowding evidence during rush hour Rapid KL staff guided queue and temporary shuttle arrangement Malaysia transport update 2024 08 17 There are 3 comments in total author reply Show 3 replies Say something,1,incident_maintenance_impact,synthetic_mock
mrt kajang - 小红书搜索 - Google Chrome,2101,mock_post_2101.png,mrt kajang - 小红书搜索 - Google Chrome,2026-02-23T19:01:00,"KL daily commuter
focus on
Service update says all lines are stable with no major delay this morning at Wangsa Maju.
People shared regular commute and station photos
No emergency notice was posted
There are 8 comments in total
author
reply
Show 2 replies
Say something",Service update says all lines are stable with no major delay this morning at Wangsa Maju People shared regular commute and station photos No emergency notice was posted There are 8 comments in total author reply Show 2 replies Say something,0,normal_update,synthetic_mock
lrtkelanajaya线 - 小红书搜索 - Google Chrome,2102,mock_post_2102.png,lrtkelanajaya线 - 小红书搜索 - Google Chrome,2026-02-23T19:02:00,"Xiaoxuan Talk Malaysia Official
focus on
LRT Kelana Jaya line had a signaling issue during peak hour and trains moved slowly at Wangsa Maju.
Passengers shared delay slip and crowding evidence during rush hour
Rapid KL staff guided queue and temporary shuttle arrangement
There are 13 comments in total
author
reply
Show 1 replies
Say something",LRT Kelana Jaya line had a signaling issue during peak hour and trains moved slowly at Wangsa Maju Passengers shared delay slip and crowding evidence during rush hour Rapid KL staff guided queue and temporary shuttle arrangement There are 13 comments in total author reply Show 1 replies Say something,1,incident_breakdown,synthetic_mock
地铁 马来西亚 - 小红书搜索 - Google Chrome,2103,mock_post_2103.png,地铁 马来西亚 - 小红书搜索 - Google Chrome,2026-02-23T19:03:00,"Rapid commuter diary
focus on
General city transport post not related to outage or malfunction at Putra Heights.
People shared regular commute and station photos
No emergency notice was posted
Malaysia transport update 2024-12-05
There are 16 comments in total
author
reply
Show 3 replies
Say something",General city transport post not related to outage or malfunction at Putra Heights People shared regular commute and station photos No emergency notice was posted Malaysia transport update 2024 12 05 There are 16 comments in total author reply Show 3 replies Say something,0,normal_general,synthetic_mock
lrt klcc - 小红书搜索 - Google Chrome,2104,mock_post_2104.png,lrt klcc - 小红书搜索 - Google Chrome,2026-02-23T19:04:00,"Ootashi store
focus on
Power trip caused brief outage and service resumed after technicians completed repair at Pasar Seni.
Passengers shared delay slip and crowding evidence during rush hour
Rapid KL staff guided queue and temporary shuttle arrangement
There are 10 comments in total
author
reply
Show 2 replies
Say something",Power trip caused brief outage and service resumed after technicians completed repair at Pasar Seni Passengers shared delay slip and crowding evidence during rush hour Rapid KL staff guided queue and temporary shuttle arrangement There are 10 comments in total author reply Show 2 replies Say something,1,incident_power_outage,synthetic_mock
lrt is bad again - Xiaohongshu search - Google Chrome,2105,mock_post_2105.png,lrt is bad again - Xiaohongshu search - Google Chrome,2026-02-23T19:05:00,"Xiaoxuan Talk Malaysia Official
focus on
No disruption observed and transfer between lines completed without waiting at KL Sentral.
People shared regular commute and station photos
No emergency notice was posted
Malaysia transport update 2026-02-23
There are 5 comments in total
author
reply
Show 3 replies
Say something",No disruption observed and transfer between lines completed without waiting at KL Sentral People shared regular commute and station photos No emergency notice was posted Malaysia transport update 2026 02 23 There are 5 comments in total author reply Show 3 replies Say something,0,normal_no_incident,synthetic_mock
mrt fault - 小红书搜索 - Google Chrome,2106,mock_post_2106.png,mrt fault - 小红书搜索 - Google Chrome,2026-02-23T19:06:00,"Rapid commuter diary
focus on
Commuters reported long queue and train delay after track maintenance at Universiti station at Gombak.
Passengers shared delay slip and crowding evidence during rush hour
Rapid KL staff guided queue and temporary shuttle arrangement
Malaysia transport update 2026-06-10
There are 18 comments in total
author
reply
Show 3 replies
Say something",Commuters reported long queue and train delay after track maintenance at Universiti station at Gombak Passengers shared delay slip and crowding evidence during rush hour Rapid KL staff guided queue and temporary shuttle arrangement Malaysia transport update 2026 06 10 There are 18 comments in total author reply Show 3 replies Say something,1,incident_delay,synthetic_mock
🇲🇾LRT KelanajayaLine通告，列车降速 - 小红书 - Google Chrome,2107,mock_post_2107.png,🇲🇾LRT KelanajayaLine通告，列车降速 - 小红书 - Google Chrome,2026-02-23T19:07:00,"Little Red Potato 66A1
focus on
Commuting to work was smooth and station crowd level was manageable today at Ampang Park.
People shared regular commute and station photos
No emergency notice was posted
Malaysia transport update 2026-10-23
There are 18 comments in total
author
reply
Show 3 replies
Say something",Commuting to work was smooth and station crowd level was manageable today at Ampang Park People shared regular commute and station photos No emergency notice was posted Malaysia transport update 2026 10 23 There are 18 comments in total author reply Show 3 replies Say something,0,normal_commute,synthetic_mock
地铁 马来西亚 - 小红书搜索 - Google Chrome,2108,mock_post_2108.png,地铁 马来西亚 - 小红书搜索 - Google Chrome,2026-02-23T19:08:00,"Ootashi store
focus on
Passengers were asked to get off at Pasar Seni due to train fault and wait for replacement at KL Sentral.
Passengers shared delay slip and crowding evidence during rush hour
Rapid KL staff guided queue and temporary shuttle arrangement
Malaysia transport update 2024-12-16
There are 11 comments in total
author
reply
Show 3 replies
Say something",Passengers were asked to get off at Pasar Seni due to train fault and wait for replacement at KL Sentral Passengers shared delay slip and crowding evidence during rush hour Rapid KL staff guided queue and temporary shuttle arrangement Malaysia transport update 2024 12 16 There are 11 comments in total author reply Show 3 replies Say something,1,incident_train_fault,synthetic_mock
🇲🇾LRT KelanajayaLine通告，列车降速 - 小红书 - Google Chrome,2109,mock_post_2109.png,🇲🇾LRT KelanajayaLine通告，列车降速 - 小红书 - Google Chrome,2026-02-23T19:09:00,"Leisurely kitten
focus on
Routine travel post about route tips and fare sharing at KLCC.
People shared regular commute and station photos
No emergency notice was posted
There are 9 comments in total
author
reply
Show 2 replies
Say something",Routine travel post about route tips and fare sharing at KLCC People shared regular commute and station photos No emergency notice was posted There are 9 comments in total author reply Show 2 replies Say something,0,normal_travel_tip,synthetic_mock
🇲🇾LRT KelanajayaLine通告，列车降速 - 小红书 - Google Chrome,2110,mock_post_2110.png,🇲🇾LRT KelanajayaLine通告，列车降速 - 小红书 - Google Chrome,2026-02-23T19:10:00,"Leisurely kitten
focus on
Passengers were asked to get off at Pasar Seni due to train fault and wait for replacement at Universiti.
Passengers shared delay slip and crowding evidence during rush hour
Rapid KL staff guided queue and temporary shuttle arrangement
There are 11 comments in total
author
reply
Show 1 replies
Say something",Passengers were asked to get off at Pasar Seni due to train fault and wait for replacement at Universiti Passengers shared delay slip and crowding evidence during rush hour Rapid KL staff guided queue and temporary shuttle arrangement There are 11 comments in total author reply Show 1 replies Say something,1,incident_train_fault,synthetic_mock
mrt - 小红书搜索 - Google Chrome,2111,mock_post_2111.png,mrt - 小红书搜索 - Google Chrome,2026-02-23T19:11:00,"Leisurely kitten
focus on
Service update says all lines are stable with no major delay this morning at Putra Heights.
People shared regular commute and station photos
No emergency notice was posted
Malaysia transport update 2025-09-22
There are 14 comments in total
author
reply
Show 2 replies
Say something",Service update says all lines are stable with no major delay this morning at Putra Heights People shared regular commute and station photos No emergency notice was posted Malaysia transport update 2025 09 22 There are 14 comments in total author reply Show 2 replies Say something,0,normal_update,synthetic_mock
mrt - 小红书搜索 - Google Chrome,2112,mock_post_2112.png,mrt - 小红书搜索 - Google Chrome,2026-02-23T19:12:00,"City transit watcher
focus on
Passengers were asked to get off at Pasar Seni due to train fault and wait for replacement at Wangsa Maju.
Passengers shared delay slip and crowding evidence during rush hour
Rapid KL staff guided queue and temporary shuttle arrangement
There are 5 comments in total
author
reply
Show 3 replies
Say something",Passengers were asked to get off at Pasar Seni due to train fault and wait for replacement at Wangsa Maju Passengers shared delay slip and crowding evidence during rush hour Rapid KL staff guided queue and temporary shuttle arrangement There are 5 comments in total author reply Show 3 replies Say something,1,incident_train_fault,synthetic_mock
地铁 马来西亚 - 小红书搜索 - Google Chrome,2113,mock_post_2113.png,地铁 马来西亚 - 小红书搜索 - Google Chrome,2026-02-23T19:13:00,"City transit watcher
focus on
Service update says all lines are stable with no major delay this morning at Putra Heights.
People shared regular commute and station photos
No emergency notice was posted
Malaysia transport update 2025-04-26
There are 15 comments in total
author
reply
Show 3 replies
Say something",Service update says all lines are stable with no major delay this morning at Putra Heights People shared regular commute and station photos No emergency notice was posted Malaysia transport update 2025 04 26 There are 15 comments in total author reply Show 3 replies Say something,0,normal_update,synthetic_mock
lrtkelanajaya线 - 小红书搜索 - Google Chrome,2114,mock_post_2114.png,lrtkelanajaya线 - 小红书搜索 - Google Chrome,2026-02-23T19:14:00,"City transit watcher
focus on
Rapid KL announced temporary service disruption between KLCC and Gombak with shuttle support at KLCC.
Passengers shared delay slip and crowding evidence during rush hour
Rapid KL staff guided queue and temporary shuttle arrangement
There are 10 comments in total
author
reply
Show 3 replies
Say something",Rapid KL announced temporary service disruption between KLCC and Gombak with shuttle support at KLCC Passengers shared delay slip and crowding evidence during rush hour Rapid KL staff guided queue and temporary shuttle arrangement There are 10 comments in total author reply Show 3 replies Say something,1,incident_service_disruption,synthetic_mock
🇲🇾LRT停运 注意了‼️ - 小红书 - Google Chrome,2115,mock_post_2115.png,🇲🇾LRT停运 注意了‼️ - 小红书 - Google Chrome,2026-02-23T19:15:00,"KL daily commuter
focus on
Service update says all lines are stable with no major delay this morning at KL Sentral.
People shared regular commute and station photos
No emergency notice was posted
There are 11 comments in total
author
reply
Show 1 replies
Say something",Service update says all lines are stable with no major delay this morning at KL Sentral People shared regular commute and station photos No emergency notice was posted There are 11 comments in total author reply Show 1 replies Say something,0,normal_update,synthetic_mock
mrt fault - 小红书搜索 - Google Chrome,2116,mock_post_2116.png,mrt fault - 小红书搜索 - Google Chrome,2026-02-23T19:16:00,"Ootashi store
focus on
Power trip caused brief outage and service resumed after technicians completed repair at Putra Heights.
Passengers shared delay slip and crowding evidence during rush hour
Rapid KL staff guided queue and temporary shuttle arrangement
Malaysia transport update 2026-05-19
There are 15 comments in total
author
reply
Show 3 replies
Say something",Power trip caused brief outage and service resumed after technicians completed repair at Putra Heights Passengers shared delay slip and crowding evidence during rush hour Rapid KL staff guided queue and temporary shuttle arrangement Malaysia transport update 2026 05 19 There are 15 comments in total author reply Show 3 replies Say something,1,incident_power_outage,synthetic_mock
lrt is bad again - Xiaohongshu search - Google Chrome,2117,mock_post_2117.png,lrt is bad again - Xiaohongshu search - Google Chrome,2026-02-23T19:17:00,"Little Red Potato 66A1
focus on
Service update says all lines are stable with no major delay this morning at Gombak.
People shared regular commute and station photos
No emergency notice was posted
Malaysia transport update 2024-07-27
There are 18 comments in total
author
reply
Show 2 replies
Say something",Service update says all lines are stable with no major delay this morning at Gombak People shared regular commute and station photos No emergency notice was posted Malaysia transport update 2024 07 27 There are 18 comments in total author reply Show 2 replies Say something,0,normal_update,synthetic_mock
地铁 马来西亚 - 小红书搜索 - Google Chrome,2118,mock_post_2118.png,地铁 马来西亚 - 小红书搜索 - Google Chrome,2026-02-23T19:18:00,"KL daily commuter
focus on
LRT Kelana Jaya line had a signaling issue during peak hour and trains moved slowly at Universiti.
Passengers shared delay slip and crowding evidence during rush hour
Rapid KL staff guided queue and temporary shuttle arrangement
There are 16 comments in total
author
reply
Show 2 replies
Say something",LRT Kelana Jaya line had a signaling issue during peak hour and trains moved slowly at Universiti Passengers shared delay slip and crowding evidence during rush hour Rapid KL staff guided queue and temporary shuttle arrangement There are 16 comments in total author reply Show 2 replies Say something,1,incident_breakdown,synthetic_mock
lrt is bad again - Xiaohongshu search - Google Chrome,2119,mock_post_2119.png,lrt is bad again - Xiaohongshu search - Google Chrome,2026-02-23T19:19:00,"Little Red Potato 66A1
focus on
Routine travel post about route tips and fare sharing at Gombak.
People shared regular commute and station photos
No emergency notice was posted
There are 7 comments in total
author
reply
Show 2 replies
Say something",Routine travel post about route tips and fare sharing at Gombak People shared regular commute and station photos No emergency notice was posted There are 7 comments in total author reply Show 2 replies Say something,0,normal_travel_tip,synthetic_mock
lrtkelanajaya故障 - 小红书搜索 - Google Chrome,2120,mock_post_2120.png,lrtkelanajaya故障 - 小红书搜索 - Google Chrome,2026-02-23T19:20:00,"Little Red Potato 66A1
focus on
Power trip caused brief outage and service resumed after technicians completed repair at Ampang Park.
Passengers shared delay slip and crowding evidence during rush hour
Rapid KL staff guided queue and temporary shuttle arrangement
Malaysia transport update 2025-07-11
There are 4 comments in total
author
reply
Show 1 replies
Say something",Power trip caused brief outage and service resumed after technicians completed repair at Ampang Park Passengers shared delay slip and crowding evidence during rush hour Rapid KL staff guided queue and temporary shuttle arrangement Malaysia transport update 2025 07 11 There are 4 comments in total author reply Show 1 replies Say something,1,incident_power_outage,synthetic_mock
lrt klcc - 小红书搜索 - Google Chrome,2121,mock_post_2121.png,lrt klcc - 小红书搜索 - Google Chrome,2026-02-23T19:21:00,"KL daily commuter
focus on
Normal operation resumed and train intervals are back to schedule at Putra Heights.
People shared regular commute and station photos
No emergency notice was posted
There are 2 comments in total
author
reply
Show 1 replies
Say something",Normal operation resumed and train intervals are back to schedule at Putra Heights People shared regular commute and station photos No emergency notice was posted There are 2 comments in total author reply Show 1 replies Say something,0,normal_operation,synthetic_mock
lrt is bad again - Xiaohongshu search - Google Chrome,2122,mock_post_2122.png,lrt is bad again - Xiaohongshu search - Google Chrome,2026-02-23T19:22:00,"Little Red Potato 66A1
focus on
Commuters reported long queue and train delay after track maintenance at Universiti station at KLCC.
Passengers shared delay slip and crowding evidence during rush hour
Rapid KL staff guided queue and temporary shuttle arrangement
Malaysia transport update 2024-02-24
There are 14 comments in total
author
reply
Show 1 replies
Say something",Commuters reported long queue and train delay after track maintenance at Universiti station at KLCC Passengers shared delay slip and crowding evidence during rush hour Rapid KL staff guided queue and temporary shuttle arrangement Malaysia transport update 2024 02 24 There are 14 comments in total author reply Show 1 replies Say something,1,incident_delay,synthetic_mock
mrt kajang - 小红书搜索 - Google Chrome,2123,mock_post_2123.png,mrt kajang - 小红书搜索 - Google Chrome,2026-02-23T19:23:00,"Xiaoxuan Talk Malaysia Official
focus on
General city transport post not related to outage or malfunction at KL Sentral.
People shared regular commute and station photos
No emergency notice was posted
Malaysia transport update 2025-10-24
There are 9 comments in total
author
reply
Show 2 replies
Say something",General city transport post not related to outage or malfunction at KL Sentral People shared regular commute and station photos No emergency notice was posted Malaysia transport update 2025 10 24 There are 9 comments in total author reply Show 2 replies Say something,0,normal_general,synthetic_mock
mrt fault - 小红书搜索 - Google Chrome,2124,mock_post_2124.png,mrt fault - 小红书搜索 - Google Chrome,2026-02-23T19:24:00,"Ootashi store
focus on
Rapid KL announced temporary service disruption between KLCC and Gombak with shuttle support at Universiti.
Passengers shared delay slip and crowding evidence during rush hour
Rapid KL staff guided queue and temporary shuttle arrangement
There are 9 comments in total
author
reply
Show 3 replies
Say something",Rapid KL announced temporary service disruption between KLCC and Gombak with shuttle support at Universiti Passengers shared delay slip and crowding evidence during rush hour Rapid KL staff guided queue and temporary shuttle arrangement There are 9 comments in total author reply Show 3 replies Say something,1,incident_service_disruption,synthetic_mock
lrtkelanajaya故障 - 小红书搜索 - Google Chrome,2125,mock_post_2125.png,lrtkelanajaya故障 - 小红书搜索 - Google Chrome,2026-02-23T19:25:00,"Xiaoxuan Talk Malaysia Official
focus on
Service update says all lines are stable with no major delay this morning at Pasar Seni.
People shared regular commute and station photos
No emergency notice was posted
There are 11 comments in total
author
reply
Show 1 replies
Say something",Service update says all lines are stable with no major delay this morning at Pasar Seni People shared regular commute and station photos No emergency notice was posted There are 11 comments in total author reply Show 1 replies Say something,0,normal_update,synthetic_mock
🇲🇾LRT KelanajayaLine通告，列车降速 - 小红书 - Google Chrome,2126,mock_post_2126.png,🇲🇾LRT KelanajayaLine通告，列车降速 - 小红书 - Google Chrome,2026-02-23T19:26:00,"Little Red Potato 66A1
focus on
Power trip caused brief outage and service resumed after technicians completed repair at Universiti.
Passengers shared delay slip and crowding evidence during rush hour
Rapid KL staff guided queue and temporary shuttle arrangement
There are 6 comments in total
author
reply
Show 1 replies
Say something",Power trip caused brief outage and service resumed after technicians completed repair at Universiti Passengers shared delay slip and crowding evidence during rush hour Rapid KL staff guided queue and temporary shuttle arrangement There are 6 comments in total author reply Show 1 replies Say something,1,incident_power_outage,synthetic_mock
lrtkelanajaya线 - 小红书搜索 - Google Chrome,2127,mock_post_2127.png,lrtkelanajaya线 - 小红书搜索 - Google Chrome,2026-02-23T19:27:00,"Leisurely kitten
focus on
General city transport post not related to outage or malfunction at KL Sentral.
People shared regular commute and station photos
No emergency notice was posted
There are 4 comments in total
author
reply
Show 1 replies
Say something",General city transport post not related to outage or malfunction at KL Sentral People shared regular commute and station photos No emergency notice was posted There are 4 comments in total author reply Show 1 replies Say something,0,normal_general,synthetic_mock
lrt is bad again - Xiaohongshu search - Google Chrome,2128,mock_post_2128.png,lrt is bad again - Xiaohongshu search - Google Chrome,2026-02-23T19:28:00,"Ootashi store
focus on
Power trip caused brief outage and service resumed after technicians completed repair at Universiti.
Passengers shared delay slip and crowding evidence during rush hour
Rapid KL staff guided queue and temporary shuttle arrangement
Malaysia transport update 2024-03-08
There are 9 comments in total
author
reply
Show 1 replies
Say something",Power trip caused brief outage and service resumed after technicians completed repair at Universiti Passengers shared delay slip and crowding evidence during rush hour Rapid KL staff guided queue and temporary shuttle arrangement Malaysia transport update 2024 03 08 There are 9 comments in total author reply Show 1 replies Say something,1,incident_power_outage,synthetic_mock
lrtkelanajaya线 - 小红书搜索 - Google Chrome,2129,mock_post_2129.png,lrtkelanajaya线 - 小红书搜索 - Google Chrome,2026-02-23T19:29:00,"Rapid commuter diary
focus on
Service update says all lines are stable with no major delay this morning at Gombak.
People shared regular commute and station photos
No emergency notice was posted
There are 13 comments in total
author
reply
Show 2 replies
Say something",Service update says all lines are stable with no major delay this morning at Gombak People shared regular commute and station photos No emergency notice was posted There are 13 comments in total author reply Show 2 replies Say something,0,normal_update,synthetic_mock
mrt kajang - 小红书搜索 - Google Chrome,2130,mock_post_2130.png,mrt kajang - 小红书搜索 - Google Chrome,2026-02-23T19:30:00,"KL daily commuter
focus on
Rapid KL announced temporary service disruption between KLCC and Gombak with shuttle support at KLCC.
Passengers shared delay slip and crowding evidence during rush hour
Rapid KL staff guided queue and temporary shuttle arrangement
Malaysia transport update 2026-08-15
There are 5 comments in total
author
reply
Show 3 replies
Say something",Rapid KL announced temporary service disruption between KLCC and Gombak with shuttle support at KLCC Passengers shared delay slip and crowding evidence during rush hour Rapid KL staff guided queue and temporary shuttle arrangement Malaysia transport update 2026 08 15 There are 5 comments in total author reply Show 3 replies Say something,1,incident_service_disruption,synthetic_mock
地铁 马来西亚 - 小红书搜索 - Google Chrome,2131,mock_post_2131.png,地铁 马来西亚 - 小红书搜索 - Google Chrome,2026-02-23T19:31:00,"Xiaoxuan Talk Malaysia Official
focus on
Routine travel post about route tips and fare sharing at Wangsa Maju.
People shared regular commute and station photos
No emergency notice was posted
Malaysia transport update 2025-04-22
There are 16 comments in total
author
reply
Show 2 replies
Say something",Routine travel post about route tips and fare sharing at Wangsa Maju People shared regular commute and station photos No emergency notice was posted Malaysia transport update 2025 04 22 There are 16 comments in total author reply Show 2 replies Say something,0,normal_travel_tip,synthetic_mock
lrtkelanajaya线 - 小红书搜索 - Google Chrome,2132,mock_post_2132.png,lrtkelanajaya线 - 小红书搜索 - Google Chrome,2026-02-23T19:32:00,"Xiaoxuan Talk Malaysia Official
focus on
Commuters reported long queue and train delay after track maintenance at Universiti station at Putra Heights.
Passengers shared delay slip and crowding evidence during rush hour
Rapid KL staff guided queue and temporary shuttle arrangement
Malaysia transport update 2026-07-27
There are 15 comments in total
author
reply
Show 3 replies
Say something",Commuters reported long queue and train delay after track maintenance at Universiti station at Putra Heights Passengers shared delay slip and crowding evidence during rush hour Rapid KL staff guided queue and temporary shuttle arrangement Malaysia transport update 2026 07 27 There are 15 comments in total author reply Show 3 replies Say something,1,incident_delay,synthetic_mock
lrtkelanajaya线 - 小红书搜索 - Google Chrome,2133,mock_post_2133.png,lrtkelanajaya线 - 小红书搜索 - Google Chrome,2026-02-23T19:33:00,"City transit watcher
focus on
Commuting to work was smooth and station crowd level was manageable today at Pasar Seni.
People shared regular commute and station photos
No emergency notice was posted
Malaysia transport update 2026-11-13
There are 6 comments in total
author
reply
Show 2 replies
Say something",Commuting to work was smooth and station crowd level was manageable today at Pasar Seni People shared regular commute and station photos No emergency notice was posted Malaysia transport update 2026 11 13 There are 6 comments in total author reply Show 2 replies Say something,0,normal_commute,synthetic_mock
🇲🇾LRT KelanajayaLine通告，列车降速 - 小红书 - Google Chrome,2134,mock_post_2134.png,🇲🇾LRT KelanajayaLine通告，列车降速 - 小红书 - Google Chrome,2026-02-23T19:34:00,"Leisurely kitten
focus on
Rapid KL announced temporary service disruption between KLCC and Gombak with shuttle support at Putra Heights.
Passengers shared delay slip and crowding evidence during rush hour
Rapid KL staff guided queue and temporary shuttle arrangement
Malaysia transport update 2024-12-10
There are 8 comments in total
author
reply
Show 2 replies
Say something",Rapid KL announced temporary service disruption between KLCC and Gombak with shuttle support at Putra Heights Passengers shared delay slip and crowding evidence during rush hour Rapid KL staff guided queue and temporary shuttle arrangement Malaysia transport update 2024 12 10 There are 8 comments in total author reply Show 2 replies Say something,1,incident_service_disruption,synthetic_mock
lrt klcc - 小红书搜索 - Google Chrome,2135,mock_post_2135.png,lrt klcc - 小红书搜索 - Google Chrome,2026-02-23T19:35:00,"City transit watcher
focus on
No disruption observed and transfer between lines completed without waiting at Kelana Jaya.
People shared regular commute and station photos
No emergency notice was posted
There are 8 comments in total
author
reply
Show 3 replies
Say something",No disruption observed and transfer between lines completed without waiting at Kelana Jaya People shared regular commute and station photos No emergency notice was posted There are 8 comments in total author reply Show 3 replies Say something,0,normal_no_incident,synthetic_mock
lrt is bad again - Xiaohongshu search - Google Chrome,2136,mock_post_2136.png,lrt is bad again - Xiaohongshu search - Google Chrome,2026-02-23T19:36:00,"Rapid commuter diary
focus on
Power trip caused brief outage and service resumed after technicians completed repair at Kelana Jaya.
Passengers shared delay slip and crowding evidence during rush hour
Rapid KL staff guided queue and temporary shuttle arrangement
There are 12 comments in total
author
reply
Show 2 replies
Say something",Power trip caused brief outage and service resumed after technicians completed repair at Kelana Jaya Passengers shared delay slip and crowding evidence during rush hour Rapid KL staff guided queue and temporary shuttle arrangement There are 12 comments in total author reply Show 2 replies Say something,1,incident_power_outage,synthetic_mock
lrtkelanajaya线 - 小红书搜索 - Google Chrome,2137,mock_post_2137.png,lrtkelanajaya线 - 小红书搜索 - Google Chrome,2026-02-23T19:37:00,"City transit watcher
focus on
No disruption observed and transfer between lines completed without waiting at Wangsa Maju.
People shared regular commute and station photos
No emergency notice was posted
Malaysia transport update 2025-02-14
There are 9 comments in total
author
reply
Show 2 replies
Say something",No disruption observed and transfer between lines completed without waiting at Wangsa Maju People shared regular commute and station photos No emergency notice was posted Malaysia transport update 2025 02 14 There are 9 comments in total author reply Show 2 replies Say something,0,normal_no_incident,synthetic_mock
地铁 马来西亚 - 小红书搜索 - Google Chrome,2138,mock_post_2138.png,地铁 马来西亚 - 小红书搜索 - Google Chrome,2026-02-23T19:38:00,"Leisurely kitten
focus on
Commuters reported long queue and train delay after track maintenance at Universiti station at Putra Heights.
Passengers shared delay slip and crowding evidence during rush hour
Rapid KL staff guided queue and temporary shuttle arrangement
Malaysia transport update 2024-04-28
There are 17 comments in total
author
reply
Show 3 replies
Say something",Commuters reported long queue and train delay after track maintenance at Universiti station at Putra Heights Passengers shared delay slip and crowding evidence during rush hour Rapid KL staff guided queue and temporary shuttle arrangement Malaysia transport update 2024 04 28 There are 17 comments in total author reply Show 3 replies Say something,1,incident_delay,synthetic_mock
🇲🇾LRT KelanajayaLine通告，列车降速 - 小红书 - Google Chrome,2139,mock_post_2139.png,🇲🇾LRT KelanajayaLine通告，列车降速 - 小红书 - Google Chrome,2026-02-23T19:39:00,"Rapid commuter diary
focus on
Service update says all lines are stable with no major delay this morning at Kelana Jaya.
People shared regular commute and station photos
No emergency notice was posted
Malaysia transport update 2024-02-23
There are 6 comments in total
author
reply
Show 1 replies
Say something",Service update says all lines are stable with no major delay this morning at Kelana Jaya People shared regular commute and station photos No emergency notice was posted Malaysia transport update 2024 02 23 There are 6 comments in total author reply Show 1 replies Say something,0,normal_update,synthetic_mock
lrtkelanajaya故障 - 小红书搜索 - Google Chrome,2140,mock_post_2140.png,lrtkelanajaya故障 - 小红书搜索 - Google Chrome,2026-02-23T19:40:00,"Xiaoxuan Talk Malaysia Official
focus on
Kelana Jaya line maintenance phase affected frequency and caused crowding at stations at Masjid Jamek.
Passengers shared delay slip and crowding evidence during rush hour
Rapid KL staff guided queue and temporary shuttle arrangement
Malaysia transport update 2026-05-15
There are 5 comments in total
author
reply
Show 2 replies
Say something",Kelana Jaya line maintenance phase affected frequency and caused crowding at stations at Masjid Jamek Passengers shared delay slip and crowding evidence during rush hour Rapid KL staff guided queue and temporary shuttle arrangement Malaysia transport update 2026 05 15 There are 5 comments in total author reply Show 2 replies Say something,1,incident_maintenance_impact,synthetic_mock
mrt - 小红书搜索 - Google Chrome,2141,mock_post_2141.png,mrt - 小红书搜索 - Google Chrome,2026-02-23T19:41:00,"KL daily commuter
focus on
No disruption observed and transfer between lines completed without waiting at Gombak.
People shared regular commute and station photos
No emergency notice was posted
There are 8 comments in total
author
reply
Show 2 replies
Say something",No disruption observed and transfer between lines completed without waiting at Gombak People shared regular commute and station photos No emergency notice was posted There are 8 comments in total author reply Show 2 replies Say something,0,normal_no_incident,synthetic_mock
地铁 马来西亚 - 小红书搜索 - Google Chrome,2142,mock_post_2142.png,地铁 马来西亚 - 小红书搜索 - Google Chrome,2026-02-23T19:42:00,"Xiaoxuan Talk Malaysia Official
focus on
Rapid KL announced temporary service disruption between KLCC and Gombak with shuttle support at Masjid Jamek.
Passengers shared delay slip and crowding evidence during rush hour
Rapid KL staff guided queue and temporary shuttle arrangement
Malaysia transport update 2024-10-02
There are 6 comments in total
author
reply
Show 2 replies
Say something",Rapid KL announced temporary service disruption between KLCC and Gombak with shuttle support at Masjid Jamek Passengers shared delay slip and crowding evidence during rush hour Rapid KL staff guided queue and temporary shuttle arrangement Malaysia transport update 2024 10 02 There are 6 comments in total author reply Show 2 replies Say something,1,incident_service_disruption,synthetic_mock
lrt klcc - 小红书搜索 - Google Chrome,2143,mock_post_2143.png,lrt klcc - 小红书搜索 - Google Chrome,2026-02-23T19:43:00,"Ootashi store
focus on
No disruption observed and transfer between lines completed without waiting at Wangsa Maju.
People shared regular commute and station photos
No emergency notice was posted
Malaysia transport update 2024-10-23
There are 3 comments in total
author
reply
Show 1 replies
Say something",No disruption observed and transfer between lines completed without waiting at Wangsa Maju People shared regular commute and station photos No emergency notice was posted Malaysia transport update 2024 10 23 There are 3 comments in total author reply Show 1 replies Say something,0,normal_no_incident,synthetic_mock
lrtkelanajaya故障 - 小红书搜索 - Google Chrome,2144,mock_post_2144.png,lrtkelanajaya故障 - 小红书搜索 - Google Chrome,2026-02-23T19:44:00,"Little Red Potato 66A1
focus on
Commuters reported long queue and train delay after track maintenance at Universiti station at Pasar Seni.
Passengers shared delay slip and crowding evidence during rush hour
Rapid KL staff guided queue and temporary shuttle arrangement
Malaysia transport update 2025-09-25
There are 12 comments in total
author
reply
Show 3 replies
Say something",Commuters reported long queue and train delay after track maintenance at Universiti station at Pasar Seni Passengers shared delay slip and crowding evidence during rush hour Rapid KL staff guided queue and temporary shuttle arrangement Malaysia transport update 2025 09 25 There are 12 comments in total author reply Show 3 replies Say something,1,incident_delay,synthetic_mock
地铁 马来西亚 - 小红书搜索 - Google Chrome,2145,mock_post_2145.png,地铁 马来西亚 - 小红书搜索 - Google Chrome,2026-02-23T19:45:00,"Ootashi store
focus on
Service update says all lines are stable with no major delay this morning at Masjid Jamek.
People shared regular commute and station photos
No emergency notice was posted
Malaysia transport update 2024-06-28
There are 6 comments in total
author
reply
Show 2 replies
Say something",Service update says all lines are stable with no major delay this morning at Masjid Jamek People shared regular commute and station photos No emergency notice was posted Malaysia transport update 2024 06 28 There are 6 comments in total author reply Show 2 replies Say something,0,normal_update,synthetic_mock
lrtkelanajaya故障 - 小红书搜索 - Google Chrome,2146,mock_post_2146.png,lrtkelanajaya故障 - 小红书搜索 - Google Chrome,2026-02-23T19:46:00,"Little Red Potato 66A1
focus on
LRT Kelana Jaya line had a signaling issue during peak hour and trains moved slowly at Masjid Jamek.
Passengers shared delay slip and crowding evidence during rush hour
Rapid KL staff guided queue and temporary shuttle arrangement
There are 13 comments in total
author
reply
Show 1 replies
Say something",LRT Kelana Jaya line had a signaling issue during peak hour and trains moved slowly at Masjid Jamek Passengers shared delay slip and crowding evidence during rush hour Rapid KL staff guided queue and temporary shuttle arrangement There are 13 comments in total author reply Show 1 replies Say something,1,incident_breakdown,synthetic_mock
mrt fault - 小红书搜索 - Google Chrome,2147,mock_post_2147.png,mrt fault - 小红书搜索 - Google Chrome,2026-02-23T19:47:00,"Ootashi store
focus on
Normal operation resumed and train intervals are back to schedule at Ampang Park.
People shared regular commute and station photos
No emergency notice was posted
There are 8 comments in total
author
reply
Show 3 replies
Say something",Normal operation resumed and train intervals are back to schedule at Ampang Park People shared regular commute and station photos No emergency notice was posted There are 8 comments in total author reply Show 3 replies Say something,0,normal_operation,synthetic_mock
🇲🇾LRT停运 注意了‼️ - 小红书 - Google Chrome,2148,mock_post_2148.png,🇲🇾LRT停运 注意了‼️ - 小红书 - Google Chrome,2026-02-23T19:48:00,"Rapid commuter diary
focus on
Passengers were asked to get off at Pasar Seni due to train fault and wait for replacement at Gombak.
Passengers shared delay slip and crowding evidence during rush hour
Rapid KL staff guided queue and temporary shuttle arrangement
Malaysia transport update 2024-12-04
There are 8 comments in total
author
reply
Show 1 replies
Say something",Passengers were asked to get off at Pasar Seni due to train fault and wait for replacement at Gombak Passengers shared delay slip and crowding evidence during rush hour Rapid KL staff guided queue and temporary shuttle arrangement Malaysia transport update 2024 12 04 There are 8 comments in total author reply Show 1 replies Say something,1,incident_train_fault,synthetic_mock
mrt - 小红书搜索 - Google Chrome,2149,mock_post_2149.png,mrt - 小红书搜索 - Google Chrome,2026-02-23T19:49:00,"Xiaoxuan Talk Malaysia Official
focus on
Routine travel post about route tips and fare sharing at Kelana Jaya.
People shared regular commute and station photos
No emergency notice was posted
There are 5 comments in total
author
reply
Show 1 replies
Say something",Routine travel post about route tips and fare sharing at Kelana Jaya People shared regular commute and station photos No emergency notice was posted There are 5 comments in total author reply Show 1 replies Say something,0,normal_travel_tip,synthetic_mock
mrtkajang问题 - 小红书搜索 - Google Chrome,2150,mock_post_2150.png,mrtkajang问题 - 小红书搜索 - Google Chrome,2026-02-23T19:50:00,"KL daily commuter
focus on
Power trip caused brief outage and service resumed after technicians completed repair at Masjid Jamek.
Passengers shared delay slip and crowding evidence during rush hour
Rapid KL staff guided queue and temporary shuttle arrangement
Malaysia transport update 2025-09-18
There are 13 comments in total
author
reply
Show 3 replies
Say something",Power trip caused brief outage and service resumed after technicians completed repair at Masjid Jamek Passengers shared delay slip and crowding evidence during rush hour Rapid KL staff guided queue and temporary shuttle arrangement Malaysia transport update 2025 09 18 There are 13 comments in total author reply Show 3 replies Say something,1,incident_power_outage,synthetic_mock
地铁 马来西亚 - 小红书搜索 - Google Chrome,2151,mock_post_2151.png,地铁 马来西亚 - 小红书搜索 - Google Chrome,2026-02-23T19:51:00,"Leisurely kitten
focus on
General city transport post not related to outage or malfunction at Masjid Jamek.
People shared regular commute and station photos
No emergency notice was posted
There are 13 comments in total
author
reply
Show 2 replies
Say something",General city transport post not related to outage or malfunction at Masjid Jamek People shared regular commute and station photos No emergency notice was posted There are 13 comments in total author reply Show 2 replies Say something,0,normal_general,synthetic_mock
lrtkelanajaya线 - 小红书搜索 - Google Chrome,2152,mock_post_2152.png,lrtkelanajaya线 - 小红书搜索 - Google Chrome,2026-02-23T19:52:00,"Little Red Potato 66A1
focus on
Power trip caused brief outage and service resumed after technicians completed repair at Pasar Seni.
Passengers shared delay slip and crowding evidence during rush hour
Rapid KL staff guided queue and temporary shuttle arrangement
There are 5 comments in total
author
reply
Show 1 replies
Say something",Power trip caused brief outage and service resumed after technicians completed repair at Pasar Seni Passengers shared delay slip and crowding evidence during rush hour Rapid KL staff guided queue and temporary shuttle arrangement There are 5 comments in total author reply Show 1 replies Say something,1,incident_power_outage,synthetic_mock
mrt kajang - 小红书搜索 - Google Chrome,2153,mock_post_2153.png,mrt kajang - 小红书搜索 - Google Chrome,2026-02-23T19:53:00,"Leisurely kitten
focus on
Normal operation resumed and train intervals are back to schedule at KL Sentral.
People shared regular commute and station photos
No emergency notice was posted
There are 4 comments in total
author
reply
Show 3 replies
Say something",Normal operation resumed and train intervals are back to schedule at KL Sentral People shared regular commute and station photos No emergency notice was posted There are 4 comments in total author reply Show 3 replies Say something,0,normal_operation,synthetic_mock
mrt kajang - 小红书搜索 - Google Chrome,2154,mock_post_2154.png,mrt kajang - 小红书搜索 - Google Chrome,2026-02-23T19:54:00,"Leisurely kitten
focus on
Power trip caused brief outage and service resumed after technicians completed repair at Wangsa Maju.
Passengers shared delay slip and crowding evidence during rush hour
Rapid KL staff guided queue and temporary shuttle arrangement
Malaysia transport update 2025-08-07
There are 1 comments in total
author
reply
Show 1 replies
Say something",Power trip caused brief outage and service resumed after technicians completed repair at Wangsa Maju Passengers shared delay slip and crowding evidence during rush hour Rapid KL staff guided queue and temporary shuttle arrangement Malaysia transport update 2025 08 07 There are 1 comments in total author reply Show 1 replies Say something,1,incident_power_outage,synthetic_mock
mrt - 小红书搜索 - Google Chrome,2155,mock_post_2155.png,mrt - 小红书搜索 - Google Chrome,2026-02-23T19:55:00,"Rapid commuter diary
focus on
General city transport post not related to outage or malfunction at Pasar Seni.
People shared regular commute and station photos
No emergency notice was posted
There are 5 comments in total
author
reply
Show 3 replies
Say something",General city transport post not related to outage or malfunction at Pasar Seni People shared regular commute and station photos No emergency notice was posted There are 5 comments in total author reply Show 3 replies Say something,0,normal_general,synthetic_mock
mrtkajang问题 - 小红书搜索 - Google Chrome,2156,mock_post_2156.png,mrtkajang问题 - 小红书搜索 - Google Chrome,2026-02-23T19:56:00,"Ootashi store
focus on
Power trip caused brief outage and service resumed after technicians completed repair at Universiti.
Passengers shared delay slip and crowding evidence during rush hour
Rapid KL staff guided queue and temporary shuttle arrangement
Malaysia transport update 2024-08-09
There are 16 comments in total
author
reply
Show 2 replies
Say something",Power trip caused brief outage and service resumed after technicians completed repair at Universiti Passengers shared delay slip and crowding evidence during rush hour Rapid KL staff guided queue and temporary shuttle arrangement Malaysia transport update 2024 08 09 There are 16 comments in total author reply Show 2 replies Say something,1,incident_power_outage,synthetic_mock
mrt kajang - 小红书搜索 - Google Chrome,2157,mock_post_2157.png,mrt kajang - 小红书搜索 - Google Chrome,2026-02-23T19:57:00,"Leisurely kitten
focus on
General city transport post not related to outage or malfunction at Ampang Park.
People shared regular commute and station photos
No emergency notice was posted
There are 15 comments in total
author
reply
Show 1 replies
Say something",General city transport post not related to outage or malfunction at Ampang Park People shared regular commute and station photos No emergency notice was posted There are 15 comments in total author reply Show 1 replies Say something,0,normal_general,synthetic_mock
mrt fault - 小红书搜索 - Google Chrome,2158,mock_post_2158.png,mrt fault - 小红书搜索 - Google Chrome,2026-02-23T19:58:00,"Ootashi store
focus on
LRT Kelana Jaya line had a signaling issue during peak hour and trains moved slowly at Universiti.
Passengers shared delay slip and crowding evidence during rush hour
Rapid KL staff guided queue and temporary shuttle arrangement
There are 4 comments in total
author
reply
Show 2 replies
Say something",LRT Kelana Jaya line had a signaling issue during peak hour and trains moved slowly at Universiti Passengers shared delay slip and crowding evidence during rush hour Rapid KL staff guided queue and temporary shuttle arrangement There are 4 comments in total author reply Show 2 replies Say something,1,incident_breakdown,synthetic_mock
🇲🇾LRT KelanajayaLine通告，列车降速 - 小红书 - Google Chrome,2159,mock_post_2159.png,🇲🇾LRT KelanajayaLine通告，列车降速 - 小红书 - Google Chrome,2026-02-23T19:59:00,"Rapid commuter diary
focus on
Normal operation resumed and train intervals are back to schedule at Putra Heights.
People shared regular commute and station photos
No emergency notice was posted
There are 14 comments in total
author
reply
Show 1 replies
Say something",Normal operation resumed and train intervals are back to schedule at Putra Heights People shared regular commute and station photos No emergency notice was posted There are 14 comments in total author reply Show 1 replies Say something,0,normal_operation,synthetic_mock
mrt fault - 小红书搜索 - Google Chrome,2160,mock_post_2160.png,mrt fault - 小红书搜索 - Google Chrome,2026-02-23T20:00:00,"KL daily commuter
focus on
Commuters reported long queue and train delay after track maintenance at Universiti station at Putra Heights.
Passengers shared delay slip and crowding evidence during rush hour
Rapid KL staff guided queue and temporary shuttle arrangement
Malaysia transport update 2025-01-28
There are 16 comments in total
author
reply
Show 1 replies
Say something",Commuters reported long queue and train delay after track maintenance at Universiti station at Putra Heights Passengers shared delay slip and crowding evidence during rush hour Rapid KL staff guided queue and temporary shuttle arrangement Malaysia transport update 2025 01 28 There are 16 comments in total author reply Show 1 replies Say something,1,incident_delay,synthetic_mock
lrt klcc - 小红书搜索 - Google Chrome,2161,mock_post_2161.png,lrt klcc - 小红书搜索 - Google Chrome,2026-02-23T20:01:00,"Leisurely kitten
focus on
Commuting to work was smooth and station crowd level was manageable today at Universiti.
People shared regular commute and station photos
No emergency notice was posted
There are 6 comments in total
author
reply
Show 1 replies
Say something",Commuting to work was smooth and station crowd level was manageable today at Universiti People shared regular commute and station photos No emergency notice was posted There are 6 comments in total author reply Show 1 replies Say something,0,normal_commute,synthetic_mock
lrt is bad again - Xiaohongshu search - Google Chrome,2162,mock_post_2162.png,lrt is bad again - Xiaohongshu search - Google Chrome,2026-02-23T20:02:00,"Leisurely kitten
focus on
Rapid KL announced temporary service disruption between KLCC and Gombak with shuttle support at Masjid Jamek.
Passengers shared delay slip and crowding evidence during rush hour
Rapid KL staff guided queue and temporary shuttle arrangement
Malaysia transport update 2026-04-21
There are 17 comments in total
author
reply
Show 2 replies
Say something",Rapid KL announced temporary service disruption between KLCC and Gombak with shuttle support at Masjid Jamek Passengers shared delay slip and crowding evidence during rush hour Rapid KL staff guided queue and temporary shuttle arrangement Malaysia transport update 2026 04 21 There are 17 comments in total author reply Show 2 replies Say something,1,incident_service_disruption,synthetic_mock
🇲🇾LRT KelanajayaLine通告，列车降速 - 小红书 - Google Chrome,2163,mock_post_2163.png,🇲🇾LRT KelanajayaLine通告，列车降速 - 小红书 - Google Chrome,2026-02-23T20:03:00,"Leisurely kitten
focus on
No disruption observed and transfer between lines completed without waiting at Wangsa Maju.
People shared regular commute and station photos
No emergency notice was posted
There are 15 comments in total
author
reply
Show 2 replies
Say something",No disruption observed and transfer between lines completed without waiting at Wangsa Maju People shared regular commute and station photos No emergency notice was posted There are 15 comments in total author reply Show 2 replies Say something,0,normal_no_incident,synthetic_mock
mrt kajang - 小红书搜索 - Google Chrome,2164,mock_post_2164.png,mrt kajang - 小红书搜索 - Google Chrome,2026-02-23T20:04:00,"Leisurely kitten
focus on
Commuters reported long queue and train delay after track maintenance at Universiti station at Gombak.
Passengers shared delay slip and crowding evidence during rush hour
Rapid KL staff guided queue and temporary shuttle arrangement
Malaysia transport update 2026-10-04
There are 15 comments in total
author
reply
Show 2 replies
Say something",Commuters reported long queue and train delay after track maintenance at Universiti station at Gombak Passengers shared delay slip and crowding evidence during rush hour Rapid KL staff guided queue and temporary shuttle arrangement Malaysia transport update 2026 10 04 There are 15 comments in total author reply Show 2 replies Say something,1,incident_delay,synthetic_mock
lrtkelanajaya故障 - 小红书搜索 - Google Chrome,2165,mock_post_2165.png,lrtkelanajaya故障 - 小红书搜索 - Google Chrome,2026-02-23T20:05:00,"City transit watcher
focus on
Routine travel post about route tips and fare sharing at Kelana Jaya.
People shared regular commute and station photos
No emergency notice was posted
There are 17 comments in total
author
reply
Show 1 replies
Say something",Routine travel post about route tips and fare sharing at Kelana Jaya People shared regular commute and station photos No emergency notice was posted There are 17 comments in total author reply Show 1 replies Say something,0,normal_travel_tip,synthetic_mock
lrtkelanajaya故障 - 小红书搜索 - Google Chrome,2166,mock_post_2166.png,lrtkelanajaya故障 - 小红书搜索 - Google Chrome,2026-02-23T20:06:00,"City transit watcher
focus on
Power trip caused brief outage and service resumed after technicians completed repair at Putra Heights.
Passengers shared delay slip and crowding evidence during rush hour
Rapid KL staff guided queue and temporary shuttle arrangement
There are 9 comments in total
author
reply
Show 1 replies
Say something",Power trip caused brief outage and service resumed after technicians completed repair at Putra Heights Passengers shared delay slip and crowding evidence during rush hour Rapid KL staff guided queue and temporary shuttle arrangement There are 9 comments in total author reply Show 1 replies Say something,1,incident_power_outage,synthetic_mock
lrt is bad again - Xiaohongshu search - Google Chrome,2167,mock_post_2167.png,lrt is bad again - Xiaohongshu search - Google Chrome,2026-02-23T20:07:00,"Little Red Potato 66A1
focus on
Service update says all lines are stable with no major delay this morning at KLCC.
People shared regular commute and station photos
No emergency notice was posted
Malaysia transport update 2025-04-02
There are 2 comments in total
author
reply
Show 2 replies
Say something",Service update says all lines are stable with no major delay this morning at KLCC People shared regular commute and station photos No emergency notice was posted Malaysia transport update 2025 04 02 There are 2 comments in total author reply Show 2 replies Say something,0,normal_update,synthetic_mock
mrt kajang - 小红书搜索 - Google Chrome,2168,mock_post_2168.png,mrt kajang - 小红书搜索 - Google Chrome,2026-02-23T20:08:00,"Rapid commuter diary
focus on
Rapid KL announced temporary service disruption between KLCC and Gombak with shuttle support at Universiti.
Passengers shared delay slip and crowding evidence during rush hour
Rapid KL staff guided queue and temporary shuttle arrangement
There are 14 comments in total
author
reply
Show 1 replies
Say something",Rapid KL announced temporary service disruption between KLCC and Gombak with shuttle support at Universiti Passengers shared delay slip and crowding evidence during rush hour Rapid KL staff guided queue and temporary shuttle arrangement There are 14 comments in total author reply Show 1 replies Say something,1,incident_service_disruption,synthetic_mock
lrt klcc - 小红书搜索 - Google Chrome,2169,mock_post_2169.png,lrt klcc - 小红书搜索 - Google Chrome,2026-02-23T20:09:00,"Leisurely kitten
focus on
Routine travel post about route tips and fare sharing at KL Sentral.
People shared regular commute and station photos
No emergency notice was posted
There are 7 comments in total
author
reply
Show 1 replies
Say something",Routine travel post about route tips and fare sharing at KL Sentral People shared regular commute and station photos No emergency notice was posted There are 7 comments in total author reply Show 1 replies Say something,0,normal_travel_tip,synthetic_mock
mrtkajang问题 - 小红书搜索 - Google Chrome,2170,mock_post_2170.png,mrtkajang问题 - 小红书搜索 - Google Chrome,2026-02-23T20:10:00,"Leisurely kitten
focus on
Rapid KL announced temporary service disruption between KLCC and Gombak with shuttle support at Kelana Jaya.
Passengers shared delay slip and crowding evidence during rush hour
Rapid KL staff guided queue and temporary shuttle arrangement
There are 3 comments in total
author
reply
Show 1 replies
Say something",Rapid KL announced temporary service disruption between KLCC and Gombak with shuttle support at Kelana Jaya Passengers shared delay slip and crowding evidence during rush hour Rapid KL staff guided queue and temporary shuttle arrangement There are 3 comments in total author reply Show 1 replies Say something,1,incident_service_disruption,synthetic_mock
mrt - 小红书搜索 - Google Chrome,2171,mock_post_2171.png,mrt - 小红书搜索 - Google Chrome,2026-02-23T20:11:00,"Xiaoxuan Talk Malaysia Official
focus on
Service update says all lines are stable with no major delay this morning at Ampang Park.
People shared regular commute and station photos
No emergency notice was posted
Malaysia transport update 2025-06-20
There are 12 comments in total
author
reply
Show 2 replies
Say something",Service update says all lines are stable with no major delay this morning at Ampang Park People shared regular commute and station photos No emergency notice was posted Malaysia transport update 2025 06 20 There are 12 comments in total author reply Show 2 replies Say something,0,normal_update,synthetic_mock
🇲🇾LRT停运 注意了‼️ - 小红书 - Google Chrome,2172,mock_post_2172.png,🇲🇾LRT停运 注意了‼️ - 小红书 - Google Chrome,2026-02-23T20:12:00,"Little Red Potato 66A1
focus on
Passengers were asked to get off at Pasar Seni due to train fault and wait for replacement at Masjid Jamek.
Passengers shared delay slip and crowding evidence during rush hour
Rapid KL staff guided queue and temporary shuttle arrangement
There are 11 comments in total
author
reply
Show 3 replies
Say something",Passengers were asked to get off at Pasar Seni due to train fault and wait for replacement at Masjid Jamek Passengers shared delay slip and crowding evidence during rush hour Rapid KL staff guided queue and temporary shuttle arrangement There are 11 comments in total author reply Show 3 replies Say something,1,incident_train_fault,synthetic_mock
mrt - 小红书搜索 - Google Chrome,2173,mock_post_2173.png,mrt - 小红书搜索 - Google Chrome,2026-02-23T20:13:00,"Ootashi store
focus on
Commuting to work was smooth and station crowd level was manageable today at Masjid Jamek.
People shared regular commute and station photos
No emergency notice was posted
There are 17 comments in total
author
reply
Show 3 replies
Say something",Commuting to work was smooth and station crowd level was manageable today at Masjid Jamek People shared regular commute and station photos No emergency notice was posted There are 17 comments in total author reply Show 3 replies Say something,0,normal_commute,synthetic_mock
mrt - 小红书搜索 - Google Chrome,2174,mock_post_2174.png,mrt - 小红书搜索 - Google Chrome,2026-02-23T20:14:00,"Ootashi store
focus on
Passengers were asked to get off at Pasar Seni due to train fault and wait for replacement at Universiti.
Passengers shared delay slip and crowding evidence during rush hour
Rapid KL staff guided queue and temporary shuttle arrangement
There are 14 comments in total
author
reply
Show 2 replies
Say something",Passengers were asked to get off at Pasar Seni due to train fault and wait for replacement at Universiti Passengers shared delay slip and crowding evidence during rush hour Rapid KL staff guided queue and temporary shuttle arrangement There are 14 comments in total author reply Show 2 replies Say something,1,incident_train_fault,synthetic_mock
lrt klcc - 小红书搜索 - Google Chrome,2175,mock_post_2175.png,lrt klcc - 小红书搜索 - Google Chrome,2026-02-23T20:15:00,"Leisurely kitten
focus on
Commuting to work was smooth and station crowd level was manageable today at Masjid Jamek.
People shared regular commute and station photos
No emergency notice was posted
Malaysia transport update 2026-07-02
There are 10 comments in total
author
reply
Show 2 replies
Say something",Commuting to work was smooth and station crowd level was manageable today at Masjid Jamek People shared regular commute and station photos No emergency notice was posted Malaysia transport update 2026 07 02 There are 10 comments in total author reply Show 2 replies Say something,0,normal_commute,synthetic_mock
mrtkajang问题 - 小红书搜索 - Google Chrome,2176,mock_post_2176.png,mrtkajang问题 - 小红书搜索 - Google Chrome,2026-02-23T20:16:00,"Ootashi store
focus on
Rapid KL announced temporary service disruption between KLCC and Gombak with shuttle support at Masjid Jamek.
Passengers shared delay slip and crowding evidence during rush hour
Rapid KL staff guided queue and temporary shuttle arrangement
There are 8 comments in total
author
reply
Show 1 replies
Say something",Rapid KL announced temporary service disruption between KLCC and Gombak with shuttle support at Masjid Jamek Passengers shared delay slip and crowding evidence during rush hour Rapid KL staff guided queue and temporary shuttle arrangement There are 8 comments in total author reply Show 1 replies Say something,1,incident_service_disruption,synthetic_mock
🇲🇾LRT KelanajayaLine通告，列车降速 - 小红书 - Google Chrome,2177,mock_post_2177.png,🇲🇾LRT KelanajayaLine通告，列车降速 - 小红书 - Google Chrome,2026-02-23T20:17:00,"City transit watcher
focus on
Service update says all lines are stable with no major delay this morning at KLCC.
People shared regular commute and station photos
No emergency notice was posted
Malaysia transport update 2025-07-24
There are 13 comments in total
author
reply
Show 2 replies
Say something",Service update says all lines are stable with no major delay this morning at KLCC People shared regular commute and station photos No emergency notice was posted Malaysia transport update 2025 07 24 There are 13 comments in total author reply Show 2 replies Say something,0,normal_update,synthetic_mock
lrt is bad again - Xiaohongshu search - Google Chrome,2178,mock_post_2178.png,lrt is bad again - Xiaohongshu search - Google Chrome,2026-02-23T20:18:00,"Xiaoxuan Talk Malaysia Official
focus on
Commuters reported long queue and train delay after track maintenance at Universiti station at Gombak.
Passengers shared delay slip and crowding evidence during rush hour
Rapid KL staff guided queue and temporary shuttle arrangement
Malaysia transport update 2026-08-22
There are 3 comments in total
author
reply
Show 2 replies
Say something",Commuters reported long queue and train delay after track maintenance at Universiti station at Gombak Passengers shared delay slip and crowding evidence during rush hour Rapid KL staff guided queue and temporary shuttle arrangement Malaysia transport update 2026 08 22 There are 3 comments in total author reply Show 2 replies Say something,1,incident_delay,synthetic_mock
lrt klcc - 小红书搜索 - Google Chrome,2179,mock_post_2179.png,lrt klcc - 小红书搜索 - Google Chrome,2026-02-23T20:19:00,"KL daily commuter
focus on
No disruption observed and transfer between lines completed without waiting at Wangsa Maju.
People shared regular commute and station photos
No emergency notice was posted
Malaysia transport update 2025-08-01
There are 11 comments in total
author
reply
Show 2 replies
Say something",No disruption observed and transfer between lines completed without waiting at Wangsa Maju People shared regular commute and station photos No emergency notice was posted Malaysia transport update 2025 08 01 There are 11 comments in total author reply Show 2 replies Say something,0,normal_no_incident,synthetic_mock
🇲🇾LRT KelanajayaLine通告，列车降速 - 小红书 - Google Chrome,2180,mock_post_2180.png,🇲🇾LRT KelanajayaLine通告，列车降速 - 小红书 - Google Chrome,2026-02-23T20:20:00,"Rapid commuter diary
focus on
Commuters reported long queue and train delay after track maintenance at Universiti station at Universiti.
Passengers shared delay slip and crowding evidence during rush hour
Rapid KL staff guided queue and temporary shuttle arrangement
There are 16 comments in total
author
reply
Show 2 replies
Say something",Commuters reported long queue and train delay after track maintenance at Universiti station at Universiti Passengers shared delay slip and crowding evidence during rush hour Rapid KL staff guided queue and temporary shuttle arrangement There are 16 comments in total author reply Show 2 replies Say something,1,incident_delay,synthetic_mock
🇲🇾LRT KelanajayaLine通告，列车降速 - 小红书 - Google Chrome,2181,mock_post_2181.png,🇲🇾LRT KelanajayaLine通告，列车降速 - 小红书 - Google Chrome,2026-02-23T20:21:00,"Rapid commuter diary
focus on
Service update says all lines are stable with no major delay this morning at Wangsa Maju.
People shared regular commute and station photos
No emergency notice was posted
There are 10 comments in total
author
reply
Show 1 replies
Say something",Service update says all lines are stable with no major delay this morning at Wangsa Maju People shared regular commute and station photos No emergency notice was posted There are 10 comments in total author reply Show 1 replies Say something,0,normal_update,synthetic_mock
lrt klcc - 小红书搜索 - Google Chrome,2182,mock_post_2182.png,lrt klcc - 小红书搜索 - Google Chrome,2026-02-23T20:22:00,"Ootashi store
focus on
Rapid KL announced temporary service disruption between KLCC and Gombak with shuttle support at Putra Heights.
Passengers shared delay slip and crowding evidence during rush hour
Rapid KL staff guided queue and temporary shuttle arrangement
There are 13 comments in total
author
reply
Show 1 replies
Say something",Rapid KL announced temporary service disruption between KLCC and Gombak with shuttle support at Putra Heights Passengers shared delay slip and crowding evidence during rush hour Rapid KL staff guided queue and temporary shuttle arrangement There are 13 comments in total author reply Show 1 replies Say something,1,incident_service_disruption,synthetic_mock
mrt kajang - 小红书搜索 - Google Chrome,2183,mock_post_2183.png,mrt kajang - 小红书搜索 - Google Chrome,2026-02-23T20:23:00,"KL daily commuter
focus on
Normal operation resumed and train intervals are back to schedule at KLCC.
People shared regular commute and station photos
No emergency notice was posted
There are 5 comments in total
author
reply
Show 3 replies
Say something",Normal operation resumed and train intervals are back to schedule at KLCC People shared regular commute and station photos No emergency notice was posted There are 5 comments in total author reply Show 3 replies Say something,0,normal_operation,synthetic_mock
lrt is bad again - Xiaohongshu search - Google Chrome,2184,mock_post_2184.png,lrt is bad again - Xiaohongshu search - Google Chrome,2026-02-23T20:24:00,"KL daily commuter
focus on
Power trip caused brief outage and service resumed after technicians completed repair at KLCC.
Passengers shared delay slip and crowding evidence during rush hour
Rapid KL staff guided queue and temporary shuttle arrangement
There are 5 comments in total
author
reply
Show 1 replies
Say something",Power trip caused brief outage and service resumed after technicians completed repair at KLCC Passengers shared delay slip and crowding evidence during rush hour Rapid KL staff guided queue and temporary shuttle arrangement There are 5 comments in total author reply Show 1 replies Say something,1,incident_power_outage,synthetic_mock
🇲🇾LRT KelanajayaLine通告，列车降速 - 小红书 - Google Chrome,2185,mock_post_2185.png,🇲🇾LRT KelanajayaLine通告，列车降速 - 小红书 - Google Chrome,2026-02-23T20:25:00,"Xiaoxuan Talk Malaysia Official
focus on
No disruption observed and transfer between lines completed without waiting at Pasar Seni.
People shared regular commute and station photos
No emergency notice was posted
Malaysia transport update 2025-11-22
There are 12 comments in total
author
reply
Show 3 replies
Say something",No disruption observed and transfer between lines completed without waiting at Pasar Seni People shared regular commute and station photos No emergency notice was posted Malaysia transport update 2025 11 22 There are 12 comments in total author reply Show 3 replies Say something,0,normal_no_incident,synthetic_mock
lrt is bad again - Xiaohongshu search - Google Chrome,2186,mock_post_2186.png,lrt is bad again - Xiaohongshu search - Google Chrome,2026-02-23T20:26:00,"Ootashi store
focus on
LRT Kelana Jaya line had a signaling issue during peak hour and trains moved slowly at Kelana Jaya.
Passengers shared delay slip and crowding evidence during rush hour
Rapid KL staff guided queue and temporary shuttle arrangement
There are 11 comments in total
author
reply
Show 1 replies
Say something",LRT Kelana Jaya line had a signaling issue during peak hour and trains moved slowly at Kelana Jaya Passengers shared delay slip and crowding evidence during rush hour Rapid KL staff guided queue and temporary shuttle arrangement There are 11 comments in total author reply Show 1 replies Say something,1,incident_breakdown,synthetic_mock
mrt kajang - 小红书搜索 - Google Chrome,2187,mock_post_2187.png,mrt kajang - 小红书搜索 - Google Chrome,2026-02-23T20:27:00,"Xiaoxuan Talk Malaysia Official
focus on
Routine travel post about route tips and fare sharing at KLCC.
People shared regular commute and station photos
No emergency notice was posted
There are 7 comments in total
author
reply
Show 1 replies
Say something",Routine travel post about route tips and fare sharing at KLCC People shared regular commute and station photos No emergency notice was posted There are 7 comments in total author reply Show 1 replies Say something,0,normal_travel_tip,synthetic_mock
🇲🇾LRT KelanajayaLine通告，列车降速 - 小红书 - Google Chrome,2188,mock_post_2188.png,🇲🇾LRT KelanajayaLine通告，列车降速 - 小红书 - Google Chrome,2026-02-23T20:28:00,"Leisurely kitten
focus on
Power trip caused brief outage and service resumed after technicians completed repair at KLCC.
Passengers shared delay slip and crowding evidence during rush hour
Rapid KL staff guided queue and temporary shuttle arrangement
There are 17 comments in total
author
reply
Show 1 replies
Say something",Power trip caused brief outage and service resumed after technicians completed repair at KLCC Passengers shared delay slip and crowding evidence during rush hour Rapid KL staff guided queue and temporary shuttle arrangement There are 17 comments in total author reply Show 1 replies Say something,1,incident_power_outage,synthetic_mock
mrtkajang问题 - 小红书搜索 - Google Chrome,2189,mock_post_2189.png,mrtkajang问题 - 小红书搜索 - Google Chrome,2026-02-23T20:29:00,"Xiaoxuan Talk Malaysia Official
focus on
Commuting to work was smooth and station crowd level was manageable today at Pasar Seni.
People shared regular commute and station photos
No emergency notice was posted
Malaysia transport update 2025-03-21
There are 17 comments in total
author
reply
Show 1 replies
Say something",Commuting to work was smooth and station crowd level was manageable today at Pasar Seni People shared regular commute and station photos No emergency notice was posted Malaysia transport update 2025 03 21 There are 17 comments in total author reply Show 1 replies Say something,0,normal_commute,synthetic_mock
mrtkajang问题 - 小红书搜索 - Google Chrome,2190,mock_post_2190.png,mrtkajang问题 - 小红书搜索 - Google Chrome,2026-02-23T20:30:00,"City transit watcher
focus on
Passengers were asked to get off at Pasar Seni due to train fault and wait for replacement at Universiti.
Passengers shared delay slip and crowding evidence during rush hour
Rapid KL staff guided queue and temporary shuttle arrangement
Malaysia transport update 2025-06-22
There are 6 comments in total
author
reply
Show 3 replies
Say something",Passengers were asked to get off at Pasar Seni due to train fault and wait for replacement at Universiti Passengers shared delay slip and crowding evidence during rush hour Rapid KL staff guided queue and temporary shuttle arrangement Malaysia transport update 2025 06 22 There are 6 comments in total author reply Show 3 replies Say something,1,incident_train_fault,synthetic_mock
lrtkelanajaya线 - 小红书搜索 - Google Chrome,2191,mock_post_2191.png,lrtkelanajaya线 - 小红书搜索 - Google Chrome,2026-02-23T20:31:00,"Little Red Potato 66A1
focus on
No disruption observed and transfer between lines completed without waiting at Putra Heights.
People shared regular commute and station photos
No emergency notice was posted
Malaysia transport update 2026-12-27
There are 13 comments in total
author
reply
Show 2 replies
Say something",No disruption observed and transfer between lines completed without waiting at Putra Heights People shared regular commute and station photos No emergency notice was posted Malaysia transport update 2026 12 27 There are 13 comments in total author reply Show 2 replies Say something,0,normal_no_incident,synthetic_mock
lrt is bad again - Xiaohongshu search - Google Chrome,2192,mock_post_2192.png,lrt is bad again - Xiaohongshu search - Google Chrome,2026-02-23T20:32:00,"Ootashi store
focus on
Commuters reported long queue and train delay after track maintenance at Universiti station at Putra Heights.
Passengers shared delay slip and crowding evidence during rush hour
Rapid KL staff guided queue and temporary shuttle arrangement
Malaysia transport update 2024-12-05
There are 2 comments in total
author
reply
Show 1 replies
Say something",Commuters reported long queue and train delay after track maintenance at Universiti station at Putra Heights Passengers shared delay slip and crowding evidence during rush hour Rapid KL staff guided queue and temporary shuttle arrangement Malaysia transport update 2024 12 05 There are 2 comments in total author reply Show 1 replies Say something,1,incident_delay,synthetic_mock
mrt fault - 小红书搜索 - Google Chrome,2193,mock_post_2193.png,mrt fault - 小红书搜索 - Google Chrome,2026-02-23T20:33:00,"Ootashi store
focus on
Routine travel post about route tips and fare sharing at KLCC.
People shared regular commute and station photos
No emergency notice was posted
Malaysia transport update 2025-03-05
There are 3 comments in total
author
reply
Show 2 replies
Say something",Routine travel post about route tips and fare sharing at KLCC People shared regular commute and station photos No emergency notice was posted Malaysia transport update 2025 03 05 There are 3 comments in total author reply Show 2 replies Say something,0,normal_travel_tip,synthetic_mock
🇲🇾LRT停运 注意了‼️ - 小红书 - Google Chrome,2194,mock_post_2194.png,🇲🇾LRT停运 注意了‼️ - 小红书 - Google Chrome,2026-02-23T20:34:00,"Little Red Potato 66A1
focus on
Kelana Jaya line maintenance phase affected frequency and caused crowding at stations at Putra Heights.
Passengers shared delay slip and crowding evidence during rush hour
Rapid KL staff guided queue and temporary shuttle arrangement
Malaysia transport update 2025-07-14
There are 4 comments in total
author
reply
Show 3 replies
Say something",Kelana Jaya line maintenance phase affected frequency and caused crowding at stations at Putra Heights Passengers shared delay slip and crowding evidence during rush hour Rapid KL staff guided queue and temporary shuttle arrangement Malaysia transport update 2025 07 14 There are 4 comments in total author reply Show 3 replies Say something,1,incident_maintenance_impact,synthetic_mock
🇲🇾LRT停运 注意了‼️ - 小红书 - Google Chrome,2195,mock_post_2195.png,🇲🇾LRT停运 注意了‼️ - 小红书 - Google Chrome,2026-02-23T20:35:00,"City transit watcher
focus on
General city transport post not related to outage or malfunction at Masjid Jamek.
People shared regular commute and station photos
No emergency notice was posted
There are 7 comments in total
author
reply
Show 2 replies
Say something",General city transport post not related to outage or malfunction at Masjid Jamek People shared regular commute and station photos No emergency notice was posted There are 7 comments in total author reply Show 2 replies Say something,0,normal_general,synthetic_mock
mrt kajang - 小红书搜索 - Google Chrome,2196,mock_post_2196.png,mrt kajang - 小红书搜索 - Google Chrome,2026-02-23T20:36:00,"Ootashi store
focus on
LRT Kelana Jaya line had a signaling issue during peak hour and trains moved slowly at Putra Heights.
Passengers shared delay slip and crowding evidence during rush hour
Rapid KL staff guided queue and temporary shuttle arrangement
Malaysia transport update 2025-02-02
There are 2 comments in total
author
reply
Show 2 replies
Say something",LRT Kelana Jaya line had a signaling issue during peak hour and trains moved slowly at Putra Heights Passengers shared delay slip and crowding evidence during rush hour Rapid KL staff guided queue and temporary shuttle arrangement Malaysia transport update 2025 02 02 There are 2 comments in total author reply Show 2 replies Say something,1,incident_breakdown,synthetic_mock
mrt fault - 小红书搜索 - Google Chrome,2197,mock_post_2197.png,mrt fault - 小红书搜索 - Google Chrome,2026-02-23T20:37:00,"Rapid commuter diary
focus on
Service update says all lines are stable with no major delay this morning at Ampang Park.
People shared regular commute and station photos
No emergency notice was posted
There are 13 comments in total
author
reply
Show 3 replies
Say something",Service update says all lines are stable with no major delay this morning at Ampang Park People shared regular commute and station photos No emergency notice was posted There are 13 comments in total author reply Show 3 replies Say something,0,normal_update,synthetic_mock
lrtkelanajaya故障 - 小红书搜索 - Google Chrome,2198,mock_post_2198.png,lrtkelanajaya故障 - 小红书搜索 - Google Chrome,2026-02-23T20:38:00,"KL daily commuter
focus on
Power trip caused brief outage and service resumed after technicians completed repair at Pasar Seni.
Passengers shared delay slip and crowding evidence during rush hour
Rapid KL staff guided queue and temporary shuttle arrangement
Malaysia transport update 2026-07-22
There are 11 comments in total
author
reply
Show 3 replies
Say something",Power trip caused brief outage and service resumed after technicians completed repair at Pasar Seni Passengers shared delay slip and crowding evidence during rush hour Rapid KL staff guided queue and temporary shuttle arrangement Malaysia transport update 2026 07 22 There are 11 comments in total author reply Show 3 replies Say something,1,incident_power_outage,synthetic_mock
lrtkelanajaya线 - 小红书搜索 - Google Chrome,2199,mock_post_2199.png,lrtkelanajaya线 - 小红书搜索 - Google Chrome,2026-02-23T20:39:00,"Leisurely kitten
focus on
Normal operation resumed and train intervals are back to schedule at Pasar Seni.
People shared regular commute and station photos
No emergency notice was posted
Malaysia transport update 2025-06-05
There are 2 comments in total
author
reply
Show 1 replies
Say something",Normal operation resumed and train intervals are back to schedule at Pasar Seni People shared regular commute and station photos No emergency notice was posted Malaysia transport update 2025 06 05 There are 2 comments in total author reply Show 1 replies Say something,0,normal_operation,synthetic_mock
lrtkelanajaya故障 - 小红书搜索 - Google Chrome,2200,mock_post_2200.png,lrtkelanajaya故障 - 小红书搜索 - Google Chrome,2026-02-23T20:40:00,"Rapid commuter diary
focus on
Passengers were asked to get off at Pasar Seni due to train fault and wait for replacement at KL Sentral.
Passengers shared delay slip and crowding evidence during rush hour
Rapid KL staff guided queue and temporary shuttle arrangement
There are 7 comments in total
author
reply
Show 3 replies
Say something",Passengers were asked to get off at Pasar Seni due to train fault and wait for replacement at KL Sentral Passengers shared delay slip and crowding evidence during rush hour Rapid KL staff guided queue and temporary shuttle arrangement There are 7 comments in total author reply Show 3 replies Say something,1,incident_train_fault,synthetic_mock
lrt is bad again - Xiaohongshu search - Google Chrome,2201,mock_post_2201.png,lrt is bad again - Xiaohongshu search - Google Chrome,2026-02-23T20:41:00,"KL daily commuter
focus on
No disruption observed and transfer between lines completed without waiting at Kelana Jaya.
People shared regular commute and station photos
No emergency notice was posted
Malaysia transport update 2025-12-11
There are 12 comments in total
author
reply
Show 2 replies
Say something",No disruption observed and transfer between lines completed without waiting at Kelana Jaya People shared regular commute and station photos No emergency notice was posted Malaysia transport update 2025 12 11 There are 12 comments in total author reply Show 2 replies Say something,0,normal_no_incident,synthetic_mock
lrtkelanajaya线 - 小红书搜索 - Google Chrome,2202,mock_post_2202.png,lrtkelanajaya线 - 小红书搜索 - Google Chrome,2026-02-23T20:42:00,"KL daily commuter
focus on
LRT Kelana Jaya line had a signaling issue during peak hour and trains moved slowly at Ampang Park.
Passengers shared delay slip and crowding evidence during rush hour
Rapid KL staff guided queue and temporary shuttle arrangement
There are 17 comments in total
author
reply
Show 1 replies
Say something",LRT Kelana Jaya line had a signaling issue during peak hour and trains moved slowly at Ampang Park Passengers shared delay slip and crowding evidence during rush hour Rapid KL staff guided queue and temporary shuttle arrangement There are 17 comments in total author reply Show 1 replies Say something,1,incident_breakdown,synthetic_mock
地铁 马来西亚 - 小红书搜索 - Google Chrome,2203,mock_post_2203.png,地铁 马来西亚 - 小红书搜索 - Google Chrome,2026-02-23T20:43:00,"City transit watcher
focus on
Service update says all lines are stable with no major delay this morning at Putra Heights.
People shared regular commute and station photos
No emergency notice was posted
There are 17 comments in total
author
reply
Show 2 replies
Say something",Service update says all lines are stable with no major delay this morning at Putra Heights People shared regular commute and station photos No emergency notice was posted There are 17 comments in total author reply Show 2 replies Say something,0,normal_update,synthetic_mock
lrt is bad again - Xiaohongshu search - Google Chrome,2204,mock_post_2204.png,lrt is bad again - Xiaohongshu search - Google Chrome,2026-02-23T20:44:00,"Little Red Potato 66A1
focus on
Power trip caused brief outage and service resumed after technicians completed repair at Masjid Jamek.
Passengers shared delay slip and crowding evidence during rush hour
Rapid KL staff guided queue and temporary shuttle arrangement
There are 7 comments in total
author
reply
Show 2 replies
Say something",Power trip caused brief outage and service resumed after technicians completed repair at Masjid Jamek Passengers shared delay slip and crowding evidence during rush hour Rapid KL staff guided queue and temporary shuttle arrangement There are 7 comments in total author reply Show 2 replies Say something,1,incident_power_outage,synthetic_mock
mrt kajang - 小红书搜索 - Google Chrome,2205,mock_post_2205.png,mrt kajang - 小红书搜索 - Google Chrome,2026-02-23T20:45:00,"Little Red Potato 66A1
focus on
No disruption observed and transfer between lines completed without waiting at KL Sentral.
People shared regular commute and station photos
No emergency notice was posted
Malaysia transport update 2025-01-10
There are 11 comments in total
author
reply
Show 1 replies
Say something",No disruption observed and transfer between lines completed without waiting at KL Sentral People shared regular commute and station photos No emergency notice was posted Malaysia transport update 2025 01 10 There are 11 comments in total author reply Show 1 replies Say something,0,normal_no_incident,synthetic_mock
🇲🇾LRT KelanajayaLine通告，列车降速 - 小红书 - Google Chrome,2206,mock_post_2206.png,🇲🇾LRT KelanajayaLine通告，列车降速 - 小红书 - Google Chrome,2026-02-23T20:46:00,"Rapid commuter diary
focus on
Passengers were asked to get off at Pasar Seni due to train fault and wait for replacement at KLCC.
Passengers shared delay slip and crowding evidence during rush hour
Rapid KL staff guided queue and temporary shuttle arrangement
There are 14 comments in total
author
reply
Show 2 replies
Say something",Passengers were asked to get off at Pasar Seni due to train fault and wait for replacement at KLCC Passengers shared delay slip and crowding evidence during rush hour Rapid KL staff guided queue and temporary shuttle arrangement There are 14 comments in total author reply Show 2 replies Say something,1,incident_train_fault,synthetic_mock
mrt - 小红书搜索 - Google Chrome,2207,mock_post_2207.png,mrt - 小红书搜索 - Google Chrome,2026-02-23T20:47:00,"Leisurely kitten
focus on
Routine travel post about route tips and fare sharing at Universiti.
People shared regular commute and station photos
No emergency notice was posted
There are 8 comments in total
author
reply
Show 2 replies
Say something",Routine travel post about route tips and fare sharing at Universiti People shared regular commute and station photos No emergency notice was posted There are 8 comments in total author reply Show 2 replies Say something,0,normal_travel_tip,synthetic_mock
地铁 马来西亚 - 小红书搜索 - Google Chrome,2208,mock_post_2208.png,地铁 马来西亚 - 小红书搜索 - Google Chrome,2026-02-23T20:48:00,"KL daily commuter
focus on
Commuters reported long queue and train delay after track maintenance at Universiti station at Kelana Jaya.
Passengers shared delay slip and crowding evidence during rush hour
Rapid KL staff guided queue and temporary shuttle arrangement
Malaysia transport update 2026-05-13
There are 9 comments in total
author
reply
Show 1 replies
Say something",Commuters reported long queue and train delay after track maintenance at Universiti station at Kelana Jaya Passengers shared delay slip and crowding evidence during rush hour Rapid KL staff guided queue and temporary shuttle arrangement Malaysia transport update 2026 05 13 There are 9 comments in total author reply Show 1 replies Say something,1,incident_delay,synthetic_mock
mrt kajang - 小红书搜索 - Google Chrome,2209,mock_post_2209.png,mrt kajang - 小红书搜索 - Google Chrome,2026-02-23T20:49:00,"Ootashi store
focus on
Service update says all lines are stable with no major delay this morning at Kelana Jaya.
People shared regular commute and station photos
No emergency notice was posted
There are 15 comments in total
author
reply
Show 1 replies
Say something",Service update says all lines are stable with no major delay this morning at Kelana Jaya People shared regular commute and station photos No emergency notice was posted There are 15 comments in total author reply Show 1 replies Say something,0,normal_update,synthetic_mock
地铁 马来西亚 - 小红书搜索 - Google Chrome,2210,mock_post_2210.png,地铁 马来西亚 - 小红书搜索 - Google Chrome,2026-02-23T20:50:00,"Xiaoxuan Talk Malaysia Official
focus on
LRT Kelana Jaya line had a signaling issue during peak hour and trains moved slowly at Wangsa Maju.
Passengers shared delay slip and crowding evidence during rush hour
Rapid KL staff guided queue and temporary shuttle arrangement
There are 9 comments in total
author
reply
Show 3 replies
Say something",LRT Kelana Jaya line had a signaling issue during peak hour and trains moved slowly at Wangsa Maju Passengers shared delay slip and crowding evidence during rush hour Rapid KL staff guided queue and temporary shuttle arrangement There are 9 comments in total author reply Show 3 replies Say something,1,incident_breakdown,synthetic_mock
🇲🇾LRT停运 注意了‼️ - 小红书 - Google Chrome,2211,mock_post_2211.png,🇲🇾LRT停运 注意了‼️ - 小红书 - Google Chrome,2026-02-23T20:51:00,"Little Red Potato 66A1
focus on
No disruption observed and transfer between lines completed without waiting at Kelana Jaya.
People shared regular commute and station photos
No emergency notice was posted
There are 10 comments in total
author
reply
Show 3 replies
Say something",No disruption observed and transfer between lines completed without waiting at Kelana Jaya People shared regular commute and station photos No emergency notice was posted There are 10 comments in total author reply Show 3 replies Say something,0,normal_no_incident,synthetic_mock
mrt kajang - 小红书搜索 - Google Chrome,2212,mock_post_2212.png,mrt kajang - 小红书搜索 - Google Chrome,2026-02-23T20:52:00,"Little Red Potato 66A1
focus on
LRT Kelana Jaya line had a signaling issue during peak hour and trains moved slowly at Ampang Park.
Passengers shared delay slip and crowding evidence during rush hour
Rapid KL staff guided queue and temporary shuttle arrangement
Malaysia transport update 2026-09-10
There are 4 comments in total
author
reply
Show 1 replies
Say something",LRT Kelana Jaya line had a signaling issue during peak hour and trains moved slowly at Ampang Park Passengers shared delay slip and crowding evidence during rush hour Rapid KL staff guided queue and temporary shuttle arrangement Malaysia transport update 2026 09 10 There are 4 comments in total author reply Show 1 replies Say something,1,incident_breakdown,synthetic_mock
mrt fault - 小红书搜索 - Google Chrome,2213,mock_post_2213.png,mrt fault - 小红书搜索 - Google Chrome,2026-02-23T20:53:00,"Ootashi store
focus on
Routine travel post about route tips and fare sharing at Putra Heights.
People shared regular commute and station photos
No emergency notice was posted
Malaysia transport update 2024-01-22
There are 14 comments in total
author
reply
Show 1 replies
Say something",Routine travel post about route tips and fare sharing at Putra Heights People shared regular commute and station photos No emergency notice was posted Malaysia transport update 2024 01 22 There are 14 comments in total author reply Show 1 replies Say something,0,normal_travel_tip,synthetic_mock
🇲🇾LRT停运 注意了‼️ - 小红书 - Google Chrome,2214,mock_post_2214.png,🇲🇾LRT停运 注意了‼️ - 小红书 - Google Chrome,2026-02-23T20:54:00,"Rapid commuter diary
focus on
Kelana Jaya line maintenance phase affected frequency and caused crowding at stations at Universiti.
Passengers shared delay slip and crowding evidence during rush hour
Rapid KL staff guided queue and temporary shuttle arrangement
Malaysia transport update 2024-12-24
There are 9 comments in total
author
reply
Show 1 replies
Say something",Kelana Jaya line maintenance phase affected frequency and caused crowding at stations at Universiti Passengers shared delay slip and crowding evidence during rush hour Rapid KL staff guided queue and temporary shuttle arrangement Malaysia transport update 2024 12 24 There are 9 comments in total author reply Show 1 replies Say something,1,incident_maintenance_impact,synthetic_mock
lrt klcc - 小红书搜索 - Google Chrome,2215,mock_post_2215.png,lrt klcc - 小红书搜索 - Google Chrome,2026-02-23T20:55:00,"Rapid commuter diary
focus on
Commuting to work was smooth and station crowd level was manageable today at Gombak.
People shared regular commute and station photos
No emergency notice was posted
Malaysia transport update 2025-04-24
There are 6 comments in total
author
reply
Show 2 replies
Say something",Commuting to work was smooth and station crowd level was manageable today at Gombak People shared regular commute and station photos No emergency notice was posted Malaysia transport update 2025 04 24 There are 6 comments in total author reply Show 2 replies Say something,0,normal_commute,synthetic_mock
lrtkelanajaya故障 - 小红书搜索 - Google Chrome,2216,mock_post_2216.png,lrtkelanajaya故障 - 小红书搜索 - Google Chrome,2026-02-23T20:56:00,"Little Red Potato 66A1
focus on
Commuters reported long queue and train delay after track maintenance at Universiti station at Gombak.
Passengers shared delay slip and crowding evidence during rush hour
Rapid KL staff guided queue and temporary shuttle arrangement
There are 3 comments in total
author
reply
Show 1 replies
Say something",Commuters reported long queue and train delay after track maintenance at Universiti station at Gombak Passengers shared delay slip and crowding evidence during rush hour Rapid KL staff guided queue and temporary shuttle arrangement There are 3 comments in total author reply Show 1 replies Say something,1,incident_delay,synthetic_mock
lrt klcc - 小红书搜索 - Google Chrome,2217,mock_post_2217.png,lrt klcc - 小红书搜索 - Google Chrome,2026-02-23T20:57:00,"Ootashi store
focus on
Normal operation resumed and train intervals are back to schedule at Kelana Jaya.
People shared regular commute and station photos
No emergency notice was posted
Malaysia transport update 2025-03-04
There are 15 comments in total
author
reply
Show 2 replies
Say something",Normal operation resumed and train intervals are back to schedule at Kelana Jaya People shared regular commute and station photos No emergency notice was posted Malaysia transport update 2025 03 04 There are 15 comments in total author reply Show 2 replies Say something,0,normal_operation,synthetic_mock
mrt fault - 小红书搜索 - Google Chrome,2218,mock_post_2218.png,mrt fault - 小红书搜索 - Google Chrome,2026-02-23T20:58:00,"Rapid commuter diary
focus on
Passengers were asked to get off at Pasar Seni due to train fault and wait for replacement at Masjid Jamek.
Passengers shared delay slip and crowding evidence during rush hour
Rapid KL staff guided queue and temporary shuttle arrangement
Malaysia transport update 2025-11-20
There are 9 comments in total
author
reply
Show 1 replies
Say something",Passengers were asked to get off at Pasar Seni due to train fault and wait for replacement at Masjid Jamek Passengers shared delay slip and crowding evidence during rush hour Rapid KL staff guided queue and temporary shuttle arrangement Malaysia transport update 2025 11 20 There are 9 comments in total author reply Show 1 replies Say something,1,incident_train_fault,synthetic_mock
lrt klcc - 小红书搜索 - Google Chrome,2219,mock_post_2219.png,lrt klcc - 小红书搜索 - Google Chrome,2026-02-23T20:59:00,"Ootashi store
focus on
Normal operation resumed and train intervals are back to schedule at Putra Heights.
People shared regular commute and station photos
No emergency notice was posted
Malaysia transport update 2024-09-09
There are 1 comments in total
author
reply
Show 3 replies
Say something",Normal operation resumed and train intervals are back to schedule at Putra Heights People shared regular commute and station photos No emergency notice was posted Malaysia transport update 2024 09 09 There are 1 comments in total author reply Show 3 replies Say something,0,normal_operation,synthetic_mock
🇲🇾LRT停运 注意了‼️ - 小红书 - Google Chrome,2220,mock_post_2220.png,🇲🇾LRT停运 注意了‼️ - 小红书 - Google Chrome,2026-02-23T21:00:00,"Ootashi store
focus on
LRT Kelana Jaya line had a signaling issue during peak hour and trains moved slowly at Pasar Seni.
Passengers shared delay slip and crowding evidence during rush hour
Rapid KL staff guided queue and temporary shuttle arrangement
Malaysia transport update 2026-12-18
There are 7 comments in total
author
reply
Show 2 replies
Say something",LRT Kelana Jaya line had a signaling issue during peak hour and trains moved slowly at Pasar Seni Passengers shared delay slip and crowding evidence during rush hour Rapid KL staff guided queue and temporary shuttle arrangement Malaysia transport update 2026 12 18 There are 7 comments in total author reply Show 2 replies Say something,1,incident_breakdown,synthetic_mock
地铁 马来西亚 - 小红书搜索 - Google Chrome,2221,mock_post_2221.png,地铁 马来西亚 - 小红书搜索 - Google Chrome,2026-02-23T21:01:00,"Leisurely kitten
focus on
Commuting to work was smooth and station crowd level was manageable today at Kelana Jaya.
People shared regular commute and station photos
No emergency notice was posted
There are 14 comments in total
author
reply
Show 1 replies
Say something",Commuting to work was smooth and station crowd level was manageable today at Kelana Jaya People shared regular commute and station photos No emergency notice was posted There are 14 comments in total author reply Show 1 replies Say something,0,normal_commute,synthetic_mock
lrtkelanajaya线 - 小红书搜索 - Google Chrome,2222,mock_post_2222.png,lrtkelanajaya线 - 小红书搜索 - Google Chrome,2026-02-23T21:02:00,"Ootashi store
focus on
Power trip caused brief outage and service resumed after technicians completed repair at Universiti.
Passengers shared delay slip and crowding evidence during rush hour
Rapid KL staff guided queue and temporary shuttle arrangement
Malaysia transport update 2026-08-25
There are 3 comments in total
author
reply
Show 3 replies
Say something",Power trip caused brief outage and service resumed after technicians completed repair at Universiti Passengers shared delay slip and crowding evidence during rush hour Rapid KL staff guided queue and temporary shuttle arrangement Malaysia transport update 2026 08 25 There are 3 comments in total author reply Show 3 replies Say something,1,incident_power_outage,synthetic_mock
🇲🇾LRT停运 注意了‼️ - 小红书 - Google Chrome,2223,mock_post_2223.png,🇲🇾LRT停运 注意了‼️ - 小红书 - Google Chrome,2026-02-23T21:03:00,"Little Red Potato 66A1
focus on
General city transport post not related to outage or malfunction at Ampang Park.
People shared regular commute and station photos
No emergency notice was posted
There are 13 comments in total
author
reply
Show 2 replies
Say something",General city transport post not related to outage or malfunction at Ampang Park People shared regular commute and station photos No emergency notice was posted There are 13 comments in total author reply Show 2 replies Say something,0,normal_general,synthetic_mock
🇲🇾LRT停运 注意了‼️ - 小红书 - Google Chrome,2224,mock_post_2224.png,🇲🇾LRT停运 注意了‼️ - 小红书 - Google Chrome,2026-02-23T21:04:00,"Xiaoxuan Talk Malaysia Official
focus on
Commuters reported long queue and train delay after track maintenance at Universiti station at Universiti.
Passengers shared delay slip and crowding evidence during rush hour
Rapid KL staff guided queue and temporary shuttle arrangement
Malaysia transport update 2024-01-19
There are 12 comments in total
author
reply
Show 1 replies
Say something",Commuters reported long queue and train delay after track maintenance at Universiti station at Universiti Passengers shared delay slip and crowding evidence during rush hour Rapid KL staff guided queue and temporary shuttle arrangement Malaysia transport update 2024 01 19 There are 12 comments in total author reply Show 1 replies Say something,1,incident_delay,synthetic_mock
mrtkajang问题 - 小红书搜索 - Google Chrome,2225,mock_post_2225.png,mrtkajang问题 - 小红书搜索 - Google Chrome,2026-02-23T21:05:00,"Rapid commuter diary
focus on
Commuting to work was smooth and station crowd level was manageable today at Putra Heights.
People shared regular commute and station photos
No emergency notice was posted
There are 1 comments in total
author
reply
Show 2 replies
Say something",Commuting to work was smooth and station crowd level was manageable today at Putra Heights People shared regular commute and station photos No emergency notice was posted There are 1 comments in total author reply Show 2 replies Say something,0,normal_commute,synthetic_mock
lrtkelanajaya故障 - 小红书搜索 - Google Chrome,2226,mock_post_2226.png,lrtkelanajaya故障 - 小红书搜索 - Google Chrome,2026-02-23T21:06:00,"KL daily commuter
focus on
LRT Kelana Jaya line had a signaling issue during peak hour and trains moved slowly at Pasar Seni.
Passengers shared delay slip and crowding evidence during rush hour
Rapid KL staff guided queue and temporary shuttle arrangement
Malaysia transport update 2026-09-25
There are 4 comments in total
author
reply
Show 3 replies
Say something",LRT Kelana Jaya line had a signaling issue during peak hour and trains moved slowly at Pasar Seni Passengers shared delay slip and crowding evidence during rush hour Rapid KL staff guided queue and temporary shuttle arrangement Malaysia transport update 2026 09 25 There are 4 comments in total author reply Show 3 replies Say something,1,incident_breakdown,synthetic_mock
🇲🇾LRT KelanajayaLine通告，列车降速 - 小红书 - Google Chrome,2227,mock_post_2227.png,🇲🇾LRT KelanajayaLine通告，列车降速 - 小红书 - Google Chrome,2026-02-23T21:07:00,"Little Red Potato 66A1
focus on
No disruption observed and transfer between lines completed without waiting at Ampang Park.
People shared regular commute and station photos
No emergency notice was posted
There are 11 comments in total
author
reply
Show 1 replies
Say something",No disruption observed and transfer between lines completed without waiting at Ampang Park People shared regular commute and station photos No emergency notice was posted There are 11 comments in total author reply Show 1 replies Say something,0,normal_no_incident,synthetic_mock
mrt - 小红书搜索 - Google Chrome,2228,mock_post_2228.png,mrt - 小红书搜索 - Google Chrome,2026-02-23T21:08:00,"Ootashi store
focus on
LRT Kelana Jaya line had a signaling issue during peak hour and trains moved slowly at Putra Heights.
Passengers shared delay slip and crowding evidence during rush hour
Rapid KL staff guided queue and temporary shuttle arrangement
Malaysia transport update 2025-05-02
There are 4 comments in total
author
reply
Show 1 replies
Say something",LRT Kelana Jaya line had a signaling issue during peak hour and trains moved slowly at Putra Heights Passengers shared delay slip and crowding evidence during rush hour Rapid KL staff guided queue and temporary shuttle arrangement Malaysia transport update 2025 05 02 There are 4 comments in total author reply Show 1 replies Say something,1,incident_breakdown,synthetic_mock
lrt klcc - 小红书搜索 - Google Chrome,2229,mock_post_2229.png,lrt klcc - 小红书搜索 - Google Chrome,2026-02-23T21:09:00,"City transit watcher
focus on
General city transport post not related to outage or malfunction at Pasar Seni.
People shared regular commute and station photos
No emergency notice was posted
Malaysia transport update 2025-03-09
There are 11 comments in total
author
reply
Show 2 replies
Say something",General city transport post not related to outage or malfunction at Pasar Seni People shared regular commute and station photos No emergency notice was posted Malaysia transport update 2025 03 09 There are 11 comments in total author reply Show 2 replies Say something,0,normal_general,synthetic_mock
mrt - 小红书搜索 - Google Chrome,2230,mock_post_2230.png,mrt - 小红书搜索 - Google Chrome,2026-02-23T21:10:00,"Xiaoxuan Talk Malaysia Official
focus on
Passengers were asked to get off at Pasar Seni due to train fault and wait for replacement at Putra Heights.
Passengers shared delay slip and crowding evidence during rush hour
Rapid KL staff guided queue and temporary shuttle arrangement
Malaysia transport update 2026-05-14
There are 1 comments in total
author
reply
Show 1 replies
Say something",Passengers were asked to get off at Pasar Seni due to train fault and wait for replacement at Putra Heights Passengers shared delay slip and crowding evidence during rush hour Rapid KL staff guided queue and temporary shuttle arrangement Malaysia transport update 2026 05 14 There are 1 comments in total author reply Show 1 replies Say something,1,incident_train_fault,synthetic_mock
lrt klcc - 小红书搜索 - Google Chrome,2231,mock_post_2231.png,lrt klcc - 小红书搜索 - Google Chrome,2026-02-23T21:11:00,"City transit watcher
focus on
Commuting to work was smooth and station crowd level was manageable today at Pasar Seni.
People shared regular commute and station photos
No emergency notice was posted
Malaysia transport update 2024-09-20
There are 4 comments in total
author
reply
Show 2 replies
Say something",Commuting to work was smooth and station crowd level was manageable today at Pasar Seni People shared regular commute and station photos No emergency notice was posted Malaysia transport update 2024 09 20 There are 4 comments in total author reply Show 2 replies Say something,0,normal_commute,synthetic_mock
lrt klcc - 小红书搜索 - Google Chrome,2232,mock_post_2232.png,lrt klcc - 小红书搜索 - Google Chrome,2026-02-23T21:12:00,"KL daily commuter
focus on
LRT Kelana Jaya line had a signaling issue during peak hour and trains moved slowly at Gombak.
Passengers shared delay slip and crowding evidence during rush hour
Rapid KL staff guided queue and temporary shuttle arrangement
Malaysia transport update 2024-03-19
There are 7 comments in total
author
reply
Show 3 replies
Say something",LRT Kelana Jaya line had a signaling issue during peak hour and trains moved slowly at Gombak Passengers shared delay slip and crowding evidence during rush hour Rapid KL staff guided queue and temporary shuttle arrangement Malaysia transport update 2024 03 19 There are 7 comments in total author reply Show 3 replies Say something,1,incident_breakdown,synthetic_mock
地铁 马来西亚 - 小红书搜索 - Google Chrome,2233,mock_post_2233.png,地铁 马来西亚 - 小红书搜索 - Google Chrome,2026-02-23T21:13:00,"Leisurely kitten
focus on
Service update says all lines are stable with no major delay this morning at Kelana Jaya.
People shared regular commute and station photos
No emergency notice was posted
Malaysia transport update 2026-09-28
There are 3 comments in total
author
reply
Show 3 replies
Say something",Service update says all lines are stable with no major delay this morning at Kelana Jaya People shared regular commute and station photos No emergency notice was posted Malaysia transport update 2026 09 28 There are 3 comments in total author reply Show 3 replies Say something,0,normal_update,synthetic_mock
mrt kajang - 小红书搜索 - Google Chrome,2234,mock_post_2234.png,mrt kajang - 小红书搜索 - Google Chrome,2026-02-23T21:14:00,"Leisurely kitten
focus on
Passengers were asked to get off at Pasar Seni due to train fault and wait for replacement at Masjid Jamek.
Passengers shared delay slip and crowding evidence during rush hour
Rapid KL staff guided queue and temporary shuttle arrangement
There are 10 comments in total
author
reply
Show 1 replies
Say something",Passengers were asked to get off at Pasar Seni due to train fault and wait for replacement at Masjid Jamek Passengers shared delay slip and crowding evidence during rush hour Rapid KL staff guided queue and temporary shuttle arrangement There are 10 comments in total author reply Show 1 replies Say something,1,incident_train_fault,synthetic_mock
lrt klcc - 小红书搜索 - Google Chrome,2235,mock_post_2235.png,lrt klcc - 小红书搜索 - Google Chrome,2026-02-23T21:15:00,"Rapid commuter diary
focus on
Normal operation resumed and train intervals are back to schedule at Gombak.
People shared regular commute and station photos
No emergency notice was posted
Malaysia transport update 2025-05-24
There are 2 comments in total
author
reply
Show 1 replies
Say something",Normal operation resumed and train intervals are back to schedule at Gombak People shared regular commute and station photos No emergency notice was posted Malaysia transport update 2025 05 24 There are 2 comments in total author reply Show 1 replies Say something,0,normal_operation,synthetic_mock
地铁 马来西亚 - 小红书搜索 - Google Chrome,2236,mock_post_2236.png,地铁 马来西亚 - 小红书搜索 - Google Chrome,2026-02-23T21:16:00,"Xiaoxuan Talk Malaysia Official
focus on
LRT Kelana Jaya line had a signaling issue during peak hour and trains moved slowly at KL Sentral.
Passengers shared delay slip and crowding evidence during rush hour
Rapid KL staff guided queue and temporary shuttle arrangement
Malaysia transport update 2025-01-16
There are 12 comments in total
author
reply
Show 2 replies
Say something",LRT Kelana Jaya line had a signaling issue during peak hour and trains moved slowly at KL Sentral Passengers shared delay slip and crowding evidence during rush hour Rapid KL staff guided queue and temporary shuttle arrangement Malaysia transport update 2025 01 16 There are 12 comments in total author reply Show 2 replies Say something,1,incident_breakdown,synthetic_mock
lrt klcc - 小红书搜索 - Google Chrome,2237,mock_post_2237.png,lrt klcc - 小红书搜索 - Google Chrome,2026-02-23T21:17:00,"Ootashi store
focus on
Normal operation resumed and train intervals are back to schedule at Gombak.
People shared regular commute and station photos
No emergency notice was posted
There are 18 comments in total
author
reply
Show 1 replies
Say something",Normal operation resumed and train intervals are back to schedule at Gombak People shared regular commute and station photos No emergency notice was posted There are 18 comments in total author reply Show 1 replies Say something,0,normal_operation,synthetic_mock
lrt is bad again - Xiaohongshu search - Google Chrome,2238,mock_post_2238.png,lrt is bad again - Xiaohongshu search - Google Chrome,2026-02-23T21:18:00,"Ootashi store
focus on
Commuters reported long queue and train delay after track maintenance at Universiti station at Pasar Seni.
Passengers shared delay slip and crowding evidence during rush hour
Rapid KL staff guided queue and temporary shuttle arrangement
There are 4 comments in total
author
reply
Show 3 replies
Say something",Commuters reported long queue and train delay after track maintenance at Universiti station at Pasar Seni Passengers shared delay slip and crowding evidence during rush hour Rapid KL staff guided queue and temporary shuttle arrangement There are 4 comments in total author reply Show 3 replies Say something,1,incident_delay,synthetic_mock
🇲🇾LRT停运 注意了‼️ - 小红书 - Google Chrome,2239,mock_post_2239.png,🇲🇾LRT停运 注意了‼️ - 小红书 - Google Chrome,2026-02-23T21:19:00,"City transit watcher
focus on
No disruption observed and transfer between lines completed without waiting at Universiti.
People shared regular commute and station photos
No emergency notice was posted
There are 6 comments in total
author
reply
Show 3 replies
Say something",No disruption observed and transfer between lines completed without waiting at Universiti People shared regular commute and station photos No emergency notice was posted There are 6 comments in total author reply Show 3 replies Say something,0,normal_no_incident,synthetic_mock
地铁 马来西亚 - 小红书搜索 - Google Chrome,2240,mock_post_2240.png,地铁 马来西亚 - 小红书搜索 - Google Chrome,2026-02-23T21:20:00,"Rapid commuter diary
focus on
Passengers were asked to get off at Pasar Seni due to train fault and wait for replacement at Universiti.
Passengers shared delay slip and crowding evidence during rush hour
Rapid KL staff guided queue and temporary shuttle arrangement
Malaysia transport update 2026-05-19
There are 7 comments in total
author
reply
Show 2 replies
Say something",Passengers were asked to get off at Pasar Seni due to train fault and wait for replacement at Universiti Passengers shared delay slip and crowding evidence during rush hour Rapid KL staff guided queue and temporary shuttle arrangement Malaysia transport update 2026 05 19 There are 7 comments in total author reply Show 2 replies Say something,1,incident_train_fault,synthetic_mock
mrt fault - 小红书搜索 - Google Chrome,2241,mock_post_2241.png,mrt fault - 小红书搜索 - Google Chrome,2026-02-23T21:21:00,"Rapid commuter diary
focus on
Service update says all lines are stable with no major delay this morning at Kelana Jaya.
People shared regular commute and station photos
No emergency notice was posted
Malaysia transport update 2026-07-07
There are 17 comments in total
author
reply
Show 2 replies
Say something",Service update says all lines are stable with no major delay this morning at Kelana Jaya People shared regular commute and station photos No emergency notice was posted Malaysia transport update 2026 07 07 There are 17 comments in total author reply Show 2 replies Say something,0,normal_update,synthetic_mock
lrt klcc - 小红书搜索 - Google Chrome,2242,mock_post_2242.png,lrt klcc - 小红书搜索 - Google Chrome,2026-02-23T21:22:00,"Little Red Potato 66A1
focus on
Rapid KL announced temporary service disruption between KLCC and Gombak with shuttle support at Wangsa Maju.
Passengers shared delay slip and crowding evidence during rush hour
Rapid KL staff guided queue and temporary shuttle arrangement
Malaysia transport update 2026-05-09
There are 8 comments in total
author
reply
Show 3 replies
Say something",Rapid KL announced temporary service disruption between KLCC and Gombak with shuttle support at Wangsa Maju Passengers shared delay slip and crowding evidence during rush hour Rapid KL staff guided queue and temporary shuttle arrangement Malaysia transport update 2026 05 09 There are 8 comments in total author reply Show 3 replies Say something,1,incident_service_disruption,synthetic_mock
lrt klcc - 小红书搜索 - Google Chrome,2243,mock_post_2243.png,lrt klcc - 小红书搜索 - Google Chrome,2026-02-23T21:23:00,"Leisurely kitten
focus on
General city transport post not related to outage or malfunction at Wangsa Maju.
People shared regular commute and station photos
No emergency notice was posted
There are 16 comments in total
author
reply
Show 1 replies
Say something",General city transport post not related to outage or malfunction at Wangsa Maju People shared regular commute and station photos No emergency notice was posted There are 16 comments in total author reply Show 1 replies Say something,0,normal_general,synthetic_mock
lrtkelanajaya故障 - 小红书搜索 - Google Chrome,2244,mock_post_2244.png,lrtkelanajaya故障 - 小红书搜索 - Google Chrome,2026-02-23T21:24:00,"Ootashi store
focus on
Power trip caused brief outage and service resumed after technicians completed repair at KL Sentral.
Passengers shared delay slip and crowding evidence during rush hour
Rapid KL staff guided queue and temporary shuttle arrangement
There are 5 comments in total
author
reply
Show 3 replies
Say something",Power trip caused brief outage and service resumed after technicians completed repair at KL Sentral Passengers shared delay slip and crowding evidence during rush hour Rapid KL staff guided queue and temporary shuttle arrangement There are 5 comments in total author reply Show 3 replies Say something,1,incident_power_outage,synthetic_mock
lrt is bad again - Xiaohongshu search - Google Chrome,2245,mock_post_2245.png,lrt is bad again - Xiaohongshu search - Google Chrome,2026-02-23T21:25:00,"Xiaoxuan Talk Malaysia Official
focus on
General city transport post not related to outage or malfunction at KL Sentral.
People shared regular commute and station photos
No emergency notice was posted
There are 8 comments in total
author
reply
Show 1 replies
Say something",General city transport post not related to outage or malfunction at KL Sentral People shared regular commute and station photos No emergency notice was posted There are 8 comments in total author reply Show 1 replies Say something,0,normal_general,synthetic_mock
mrt - 小红书搜索 - Google Chrome,2246,mock_post_2246.png,mrt - 小红书搜索 - Google Chrome,2026-02-23T21:26:00,"City transit watcher
focus on
Rapid KL announced temporary service disruption between KLCC and Gombak with shuttle support at Universiti.
Passengers shared delay slip and crowding evidence during rush hour
Rapid KL staff guided queue and temporary shuttle arrangement
Malaysia transport update 2024-11-13
There are 5 comments in total
author
reply
Show 1 replies
Say something",Rapid KL announced temporary service disruption between KLCC and Gombak with shuttle support at Universiti Passengers shared delay slip and crowding evidence during rush hour Rapid KL staff guided queue and temporary shuttle arrangement Malaysia transport update 2024 11 13 There are 5 comments in total author reply Show 1 replies Say something,1,incident_service_disruption,synthetic_mock
lrt is bad again - Xiaohongshu search - Google Chrome,2247,mock_post_2247.png,lrt is bad again - Xiaohongshu search - Google Chrome,2026-02-23T21:27:00,"Xiaoxuan Talk Malaysia Official
focus on
Normal operation resumed and train intervals are back to schedule at KL Sentral.
People shared regular commute and station photos
No emergency notice was posted
There are 4 comments in total
author
reply
Show 3 replies
Say something",Normal operation resumed and train intervals are back to schedule at KL Sentral People shared regular commute and station photos No emergency notice was posted There are 4 comments in total author reply Show 3 replies Say something,0,normal_operation,synthetic_mock
mrt fault - 小红书搜索 - Google Chrome,2248,mock_post_2248.png,mrt fault - 小红书搜索 - Google Chrome,2026-02-23T21:28:00,"Leisurely kitten
focus on
Power trip caused brief outage and service resumed after technicians completed repair at KLCC.
Passengers shared delay slip and crowding evidence during rush hour
Rapid KL staff guided queue and temporary shuttle arrangement
Malaysia transport update 2024-03-24
There are 4 comments in total
author
reply
Show 2 replies
Say something",Power trip caused brief outage and service resumed after technicians completed repair at KLCC Passengers shared delay slip and crowding evidence during rush hour Rapid KL staff guided queue and temporary shuttle arrangement Malaysia transport update 2024 03 24 There are 4 comments in total author reply Show 2 replies Say something,1,incident_power_outage,synthetic_mock
lrtkelanajaya故障 - 小红书搜索 - Google Chrome,2249,mock_post_2249.png,lrtkelanajaya故障 - 小红书搜索 - Google Chrome,2026-02-23T21:29:00,"City transit watcher
focus on
No disruption observed and transfer between lines completed without waiting at Wangsa Maju.
People shared regular commute and station photos
No emergency notice was posted
Malaysia transport update 2025-08-22
There are 7 comments in total
author
reply
Show 3 replies
Say something",No disruption observed and transfer between lines completed without waiting at Wangsa Maju People shared regular commute and station photos No emergency notice was posted Malaysia transport update 2025 08 22 There are 7 comments in total author reply Show 3 replies Say something,0,normal_no_incident,synthetic_mock
mrt - 小红书搜索 - Google Chrome,2250,mock_post_2250.png,mrt - 小红书搜索 - Google Chrome,2026-02-23T21:30:00,"Leisurely kitten
focus on
Rapid KL announced temporary service disruption between KLCC and Gombak with shuttle support at Wangsa Maju.
Passengers shared delay slip and crowding evidence during rush hour
Rapid KL staff guided queue and temporary shuttle arrangement
Malaysia transport update 2026-11-08
There are 16 comments in total
author
reply
Show 2 replies
Say something",Rapid KL announced temporary service disruption between KLCC and Gombak with shuttle support at Wangsa Maju Passengers shared delay slip and crowding evidence during rush hour Rapid KL staff guided queue and temporary shuttle arrangement Malaysia transport update 2026 11 08 There are 16 comments in total author reply Show 2 replies Say something,1,incident_service_disruption,synthetic_mock
mrtkajang问题 - 小红书搜索 - Google Chrome,2251,mock_post_2251.png,mrtkajang问题 - 小红书搜索 - Google Chrome,2026-02-23T21:31:00,"Leisurely kitten
focus on
No disruption observed and transfer between lines completed without waiting at Kelana Jaya.
People shared regular commute and station photos
No emergency notice was posted
Malaysia transport update 2025-03-02
There are 2 comments in total
author
reply
Show 3 replies
Say something",No disruption observed and transfer between lines completed without waiting at Kelana Jaya People shared regular commute and station photos No emergency notice was posted Malaysia transport update 2025 03 02 There are 2 comments in total author reply Show 3 replies Say something,0,normal_no_incident,synthetic_mock
mrt kajang - 小红书搜索 - Google Chrome,2252,mock_post_2252.png,mrt kajang - 小红书搜索 - Google Chrome,2026-02-23T21:32:00,"Ootashi store
focus on
Passengers were asked to get off at Pasar Seni due to train fault and wait for replacement at Gombak.
Passengers shared delay slip and crowding evidence during rush hour
Rapid KL staff guided queue and temporary shuttle arrangement
Malaysia transport update 2025-03-10
There are 9 comments in total
author
reply
Show 1 replies
Say something",Passengers were asked to get off at Pasar Seni due to train fault and wait for replacement at Gombak Passengers shared delay slip and crowding evidence during rush hour Rapid KL staff guided queue and temporary shuttle arrangement Malaysia transport update 2025 03 10 There are 9 comments in total author reply Show 1 replies Say something,1,incident_train_fault,synthetic_mock
mrtkajang问题 - 小红书搜索 - Google Chrome,2253,mock_post_2253.png,mrtkajang问题 - 小红书搜索 - Google Chrome,2026-02-23T21:33:00,"KL daily commuter
focus on
Normal operation resumed and train intervals are back to schedule at Ampang Park.
People shared regular commute and station photos
No emergency notice was posted
There are 3 comments in total
author
reply
Show 3 replies
Say something",Normal operation resumed and train intervals are back to schedule at Ampang Park People shared regular commute and station photos No emergency notice was posted There are 3 comments in total author reply Show 3 replies Say something,0,normal_operation,synthetic_mock
mrt kajang - 小红书搜索 - Google Chrome,2254,mock_post_2254.png,mrt kajang - 小红书搜索 - Google Chrome,2026-02-23T21:34:00,"City transit watcher
focus on
Commuters reported long queue and train delay after track maintenance at Universiti station at Gombak.
Passengers shared delay slip and crowding evidence during rush hour
Rapid KL staff guided queue and temporary shuttle arrangement
Malaysia transport update 2024-12-28
There are 9 comments in total
author
reply
Show 2 replies
Say something",Commuters reported long queue and train delay after track maintenance at Universiti station at Gombak Passengers shared delay slip and crowding evidence during rush hour Rapid KL staff guided queue and temporary shuttle arrangement Malaysia transport update 2024 12 28 There are 9 comments in total author reply Show 2 replies Say something,1,incident_delay,synthetic_mock
mrtkajang问题 - 小红书搜索 - Google Chrome,2255,mock_post_2255.png,mrtkajang问题 - 小红书搜索 - Google Chrome,2026-02-23T21:35:00,"Rapid commuter diary
focus on
Commuting to work was smooth and station crowd level was manageable today at Pasar Seni.
People shared regular commute and station photos
No emergency notice was posted
Malaysia transport update 2024-01-25
There are 8 comments in total
author
reply
Show 3 replies
Say something",Commuting to work was smooth and station crowd level was manageable today at Pasar Seni People shared regular commute and station photos No emergency notice was posted Malaysia transport update 2024 01 25 There are 8 comments in total author reply Show 3 replies Say something,0,normal_commute,synthetic_mock
mrt - 小红书搜索 - Google Chrome,2256,mock_post_2256.png,mrt - 小红书搜索 - Google Chrome,2026-02-23T21:36:00,"Little Red Potato 66A1
focus on
Power trip caused brief outage and service resumed after technicians completed repair at Universiti.
Passengers shared delay slip and crowding evidence during rush hour
Rapid KL staff guided queue and temporary shuttle arrangement
Malaysia transport update 2024-02-09
There are 12 comments in total
author
reply
Show 3 replies
Say something",Power trip caused brief outage and service resumed after technicians completed repair at Universiti Passengers shared delay slip and crowding evidence during rush hour Rapid KL staff guided queue and temporary shuttle arrangement Malaysia transport update 2024 02 09 There are 12 comments in total author reply Show 3 replies Say something,1,incident_power_outage,synthetic_mock
mrt kajang - 小红书搜索 - Google Chrome,2257,mock_post_2257.png,mrt kajang - 小红书搜索 - Google Chrome,2026-02-23T21:37:00,"Leisurely kitten
focus on
General city transport post not related to outage or malfunction at KLCC.
People shared regular commute and station photos
No emergency notice was posted
There are 17 comments in total
author
reply
Show 2 replies
Say something",General city transport post not related to outage or malfunction at KLCC People shared regular commute and station photos No emergency notice was posted There are 17 comments in total author reply Show 2 replies Say something,0,normal_general,synthetic_mock
mrt - 小红书搜索 - Google Chrome,2258,mock_post_2258.png,mrt - 小红书搜索 - Google Chrome,2026-02-23T21:38:00,"Little Red Potato 66A1
focus on
LRT Kelana Jaya line had a signaling issue during peak hour and trains moved slowly at KLCC.
Passengers shared delay slip and crowding evidence during rush hour
Rapid KL staff guided queue and temporary shuttle arrangement
There are 4 comments in total
author
reply
Show 1 replies
Say something",LRT Kelana Jaya line had a signaling issue during peak hour and trains moved slowly at KLCC Passengers shared delay slip and crowding evidence during rush hour Rapid KL staff guided queue and temporary shuttle arrangement There are 4 comments in total author reply Show 1 replies Say something,1,incident_breakdown,synthetic_mock
🇲🇾LRT KelanajayaLine通告，列车降速 - 小红书 - Google Chrome,2259,mock_post_2259.png,🇲🇾LRT KelanajayaLine通告，列车降速 - 小红书 - Google Chrome,2026-02-23T21:39:00,"KL daily commuter
focus on
Commuting to work was smooth and station crowd level was manageable today at Universiti.
People shared regular commute and station photos
No emergency notice was posted
There are 18 comments in total
author
reply
Show 3 replies
Say something",Commuting to work was smooth and station crowd level was manageable today at Universiti People shared regular commute and station photos No emergency notice was posted There are 18 comments in total author reply Show 3 replies Say something,0,normal_commute,synthetic_mock
地铁 马来西亚 - 小红书搜索 - Google Chrome,2260,mock_post_2260.png,地铁 马来西亚 - 小红书搜索 - Google Chrome,2026-02-23T21:40:00,"City transit watcher
focus on
Passengers were asked to get off at Pasar Seni due to train fault and wait for replacement at Pasar Seni.
Passengers shared delay slip and crowding evidence during rush hour
Rapid KL staff guided queue and temporary shuttle arrangement
Malaysia transport update 2026-01-05
There are 1 comments in total
author
reply
Show 2 replies
Say something",Passengers were asked to get off at Pasar Seni due to train fault and wait for replacement at Pasar Seni Passengers shared delay slip and crowding evidence during rush hour Rapid KL staff guided queue and temporary shuttle arrangement Malaysia transport update 2026 01 05 There are 1 comments in total author reply Show 2 replies Say something,1,incident_train_fault,synthetic_mock
mrt kajang - 小红书搜索 - Google Chrome,2261,mock_post_2261.png,mrt kajang - 小红书搜索 - Google Chrome,2026-02-23T21:41:00,"Leisurely kitten
focus on
No disruption observed and transfer between lines completed without waiting at KL Sentral.
People shared regular commute and station photos
No emergency notice was posted
Malaysia transport update 2024-03-04
There are 10 comments in total
author
reply
Show 3 replies
Say something",No disruption observed and transfer between lines completed without waiting at KL Sentral People shared regular commute and station photos No emergency notice was posted Malaysia transport update 2024 03 04 There are 10 comments in total author reply Show 3 replies Say something,0,normal_no_incident,synthetic_mock
mrt kajang - 小红书搜索 - Google Chrome,2262,mock_post_2262.png,mrt kajang - 小红书搜索 - Google Chrome,2026-02-23T21:42:00,"Little Red Potato 66A1
focus on
Commuters reported long queue and train delay after track maintenance at Universiti station at Gombak.
Passengers shared delay slip and crowding evidence during rush hour
Rapid KL staff guided queue and temporary shuttle arrangement
Malaysia transport update 2025-11-27
There are 12 comments in total
author
reply
Show 1 replies
Say something",Commuters reported long queue and train delay after track maintenance at Universiti station at Gombak Passengers shared delay slip and crowding evidence during rush hour Rapid KL staff guided queue and temporary shuttle arrangement Malaysia transport update 2025 11 27 There are 12 comments in total author reply Show 1 replies Say something,1,incident_delay,synthetic_mock
mrt fault - 小红书搜索 - Google Chrome,2263,mock_post_2263.png,mrt fault - 小红书搜索 - Google Chrome,2026-02-23T21:43:00,"Ootashi store
focus on
No disruption observed and transfer between lines completed without waiting at KL Sentral.
People shared regular commute and station photos
No emergency notice was posted
There are 11 comments in total
author
reply
Show 1 replies
Say something",No disruption observed and transfer between lines completed without waiting at KL Sentral People shared regular commute and station photos No emergency notice was posted There are 11 comments in total author reply Show 1 replies Say something,0,normal_no_incident,synthetic_mock
lrt is bad again - Xiaohongshu search - Google Chrome,2264,mock_post_2264.png,lrt is bad again - Xiaohongshu search - Google Chrome,2026-02-23T21:44:00,"KL daily commuter
focus on
Commuters reported long queue and train delay after track maintenance at Universiti station at Ampang Park.
Passengers shared delay slip and crowding evidence during rush hour
Rapid KL staff guided queue and temporary shuttle arrangement
Malaysia transport update 2025-08-08
There are 14 comments in total
author
reply
Show 3 replies
Say something",Commuters reported long queue and train delay after track maintenance at Universiti station at Ampang Park Passengers shared delay slip and crowding evidence during rush hour Rapid KL staff guided queue and temporary shuttle arrangement Malaysia transport update 2025 08 08 There are 14 comments in total author reply Show 3 replies Say something,1,incident_delay,synthetic_mock
mrt kajang - 小红书搜索 - Google Chrome,2265,mock_post_2265.png,mrt kajang - 小红书搜索 - Google Chrome,2026-02-23T21:45:00,"Xiaoxuan Talk Malaysia Official
focus on
General city transport post not related to outage or malfunction at KLCC.
People shared regular commute and station photos
No emergency notice was posted
There are 5 comments in total
author
reply
Show 1 replies
Say something",General city transport post not related to outage or malfunction at KLCC People shared regular commute and station photos No emergency notice was posted There are 5 comments in total author reply Show 1 replies Say something,0,normal_general,synthetic_mock
lrtkelanajaya故障 - 小红书搜索 - Google Chrome,2266,mock_post_2266.png,lrtkelanajaya故障 - 小红书搜索 - Google Chrome,2026-02-23T21:46:00,"Rapid commuter diary
focus on
LRT Kelana Jaya line had a signaling issue during peak hour and trains moved slowly at Universiti.
Passengers shared delay slip and crowding evidence during rush hour
Rapid KL staff guided queue and temporary shuttle arrangement
Malaysia transport update 2026-02-04
There are 18 comments in total
author
reply
Show 2 replies
Say something",LRT Kelana Jaya line had a signaling issue during peak hour and trains moved slowly at Universiti Passengers shared delay slip and crowding evidence during rush hour Rapid KL staff guided queue and temporary shuttle arrangement Malaysia transport update 2026 02 04 There are 18 comments in total author reply Show 2 replies Say something,1,incident_breakdown,synthetic_mock
mrt - 小红书搜索 - Google Chrome,2267,mock_post_2267.png,mrt - 小红书搜索 - Google Chrome,2026-02-23T21:47:00,"Ootashi store
focus on
Service update says all lines are stable with no major delay this morning at Universiti.
People shared regular commute and station photos
No emergency notice was posted
Malaysia transport update 2024-05-01
There are 14 comments in total
author
reply
Show 1 replies
Say something",Service update says all lines are stable with no major delay this morning at Universiti People shared regular commute and station photos No emergency notice was posted Malaysia transport update 2024 05 01 There are 14 comments in total author reply Show 1 replies Say something,0,normal_update,synthetic_mock
lrtkelanajaya线 - 小红书搜索 - Google Chrome,2268,mock_post_2268.png,lrtkelanajaya线 - 小红书搜索 - Google Chrome,2026-02-23T21:48:00,"Rapid commuter diary
focus on
Kelana Jaya line maintenance phase affected frequency and caused crowding at stations at KL Sentral.
Passengers shared delay slip and crowding evidence during rush hour
Rapid KL staff guided queue and temporary shuttle arrangement
There are 3 comments in total
author
reply
Show 2 replies
Say something",Kelana Jaya line maintenance phase affected frequency and caused crowding at stations at KL Sentral Passengers shared delay slip and crowding evidence during rush hour Rapid KL staff guided queue and temporary shuttle arrangement There are 3 comments in total author reply Show 2 replies Say something,1,incident_maintenance_impact,synthetic_mock
🇲🇾LRT停运 注意了‼️ - 小红书 - Google Chrome,2269,mock_post_2269.png,🇲🇾LRT停运 注意了‼️ - 小红书 - Google Chrome,2026-02-23T21:49:00,"Xiaoxuan Talk Malaysia Official
focus on
Routine travel post about route tips and fare sharing at KLCC.
People shared regular commute and station photos
No emergency notice was posted
There are 18 comments in total
author
reply
Show 3 replies
Say something",Routine travel post about route tips and fare sharing at KLCC People shared regular commute and station photos No emergency notice was posted There are 18 comments in total author reply Show 3 replies Say something,0,normal_travel_tip,synthetic_mock
🇲🇾LRT停运 注意了‼️ - 小红书 - Google Chrome,2270,mock_post_2270.png,🇲🇾LRT停运 注意了‼️ - 小红书 - Google Chrome,2026-02-23T21:50:00,"Rapid commuter diary
focus on
Rapid KL announced temporary service disruption between KLCC and Gombak with shuttle support at Kelana Jaya.
Passengers shared delay slip and crowding evidence during rush hour
Rapid KL staff guided queue and temporary shuttle arrangement
There are 18 comments in total
author
reply
Show 1 replies
Say something",Rapid KL announced temporary service disruption between KLCC and Gombak with shuttle support at Kelana Jaya Passengers shared delay slip and crowding evidence during rush hour Rapid KL staff guided queue and temporary shuttle arrangement There are 18 comments in total author reply Show 1 replies Say something,1,incident_service_disruption,synthetic_mock
地铁 马来西亚 - 小红书搜索 - Google Chrome,2271,mock_post_2271.png,地铁 马来西亚 - 小红书搜索 - Google Chrome,2026-02-23T21:51:00,"KL daily commuter
focus on
General city transport post not related to outage or malfunction at Kelana Jaya.
People shared regular commute and station photos
No emergency notice was posted
Malaysia transport update 2024-07-11
There are 4 comments in total
author
reply
Show 1 replies
Say something",General city transport post not related to outage or malfunction at Kelana Jaya People shared regular commute and station photos No emergency notice was posted Malaysia transport update 2024 07 11 There are 4 comments in total author reply Show 1 replies Say something,0,normal_general,synthetic_mock
地铁 马来西亚 - 小红书搜索 - Google Chrome,2272,mock_post_2272.png,地铁 马来西亚 - 小红书搜索 - Google Chrome,2026-02-23T21:52:00,"Little Red Potato 66A1
focus on
Passengers were asked to get off at Pasar Seni due to train fault and wait for replacement at Universiti.
Passengers shared delay slip and crowding evidence during rush hour
Rapid KL staff guided queue and temporary shuttle arrangement
Malaysia transport update 2025-12-12
There are 12 comments in total
author
reply
Show 2 replies
Say something",Passengers were asked to get off at Pasar Seni due to train fault and wait for replacement at Universiti Passengers shared delay slip and crowding evidence during rush hour Rapid KL staff guided queue and temporary shuttle arrangement Malaysia transport update 2025 12 12 There are 12 comments in total author reply Show 2 replies Say something,1,incident_train_fault,synthetic_mock
mrt - 小红书搜索 - Google Chrome,2273,mock_post_2273.png,mrt - 小红书搜索 - Google Chrome,2026-02-23T21:53:00,"Xiaoxuan Talk Malaysia Official
focus on
General city transport post not related to outage or malfunction at Pasar Seni.
People shared regular commute and station photos
No emergency notice was posted
There are 1 comments in total
author
reply
Show 3 replies
Say something",General city transport post not related to outage or malfunction at Pasar Seni People shared regular commute and station photos No emergency notice was posted There are 1 comments in total author reply Show 3 replies Say something,0,normal_general,synthetic_mock
lrtkelanajaya线 - 小红书搜索 - Google Chrome,2274,mock_post_2274.png,lrtkelanajaya线 - 小红书搜索 - Google Chrome,2026-02-23T21:54:00,"KL daily commuter
focus on
Rapid KL announced temporary service disruption between KLCC and Gombak with shuttle support at Pasar Seni.
Passengers shared delay slip and crowding evidence during rush hour
Rapid KL staff guided queue and temporary shuttle arrangement
Malaysia transport update 2026-01-24
There are 6 comments in total
author
reply
Show 1 replies
Say something",Rapid KL announced temporary service disruption between KLCC and Gombak with shuttle support at Pasar Seni Passengers shared delay slip and crowding evidence during rush hour Rapid KL staff guided queue and temporary shuttle arrangement Malaysia transport update 2026 01 24 There are 6 comments in total author reply Show 1 replies Say something,1,incident_service_disruption,synthetic_mock
lrt klcc - 小红书搜索 - Google Chrome,2275,mock_post_2275.png,lrt klcc - 小红书搜索 - Google Chrome,2026-02-23T21:55:00,"Leisurely kitten
focus on
Service update says all lines are stable with no major delay this morning at Pasar Seni.
People shared regular commute and station photos
No emergency notice was posted
Malaysia transport update 2026-08-08
There are 5 comments in total
author
reply
Show 1 replies
Say something",Service update says all lines are stable with no major delay this morning at Pasar Seni People shared regular commute and station photos No emergency notice was posted Malaysia transport update 2026 08 08 There are 5 comments in total author reply Show 1 replies Say something,0,normal_update,synthetic_mock
mrt kajang - 小红书搜索 - Google Chrome,2276,mock_post_2276.png,mrt kajang - 小红书搜索 - Google Chrome,2026-02-23T21:56:00,"Leisurely kitten
focus on
Kelana Jaya line maintenance phase affected frequency and caused crowding at stations at Universiti.
Passengers shared delay slip and crowding evidence during rush hour
Rapid KL staff guided queue and temporary shuttle arrangement
There are 10 comments in total
author
reply
Show 3 replies
Say something",Kelana Jaya line maintenance phase affected frequency and caused crowding at stations at Universiti Passengers shared delay slip and crowding evidence during rush hour Rapid KL staff guided queue and temporary shuttle arrangement There are 10 comments in total author reply Show 3 replies Say something,1,incident_maintenance_impact,synthetic_mock
lrt is bad again - Xiaohongshu search - Google Chrome,2277,mock_post_2277.png,lrt is bad again - Xiaohongshu search - Google Chrome,2026-02-23T21:57:00,"KL daily commuter
focus on
Service update says all lines are stable with no major delay this morning at KLCC.
People shared regular commute and station photos
No emergency notice was posted
There are 16 comments in total
author
reply
Show 2 replies
Say something",Service update says all lines are stable with no major delay this morning at KLCC People shared regular commute and station photos No emergency notice was posted There are 16 comments in total author reply Show 2 replies Say something,0,normal_update,synthetic_mock
lrtkelanajaya线 - 小红书搜索 - Google Chrome,2278,mock_post_2278.png,lrtkelanajaya线 - 小红书搜索 - Google Chrome,2026-02-23T21:58:00,"Xiaoxuan Talk Malaysia Official
focus on
Rapid KL announced temporary service disruption between KLCC and Gombak with shuttle support at Putra Heights.
Passengers shared delay slip and crowding evidence during rush hour
Rapid KL staff guided queue and temporary shuttle arrangement
Malaysia transport update 2026-07-04
There are 3 comments in total
author
reply
Show 1 replies
Say something",Rapid KL announced temporary service disruption between KLCC and Gombak with shuttle support at Putra Heights Passengers shared delay slip and crowding evidence during rush hour Rapid KL staff guided queue and temporary shuttle arrangement Malaysia transport update 2026 07 04 There are 3 comments in total author reply Show 1 replies Say something,1,incident_service_disruption,synthetic_mock
地铁 马来西亚 - 小红书搜索 - Google Chrome,2279,mock_post_2279.png,地铁 马来西亚 - 小红书搜索 - Google Chrome,2026-02-23T21:59:00,"Rapid commuter diary
focus on
Normal operation resumed and train intervals are back to schedule at Pasar Seni.
People shared regular commute and station photos
No emergency notice was posted
Malaysia transport update 2024-12-27
There are 6 comments in total
author
reply
Show 2 replies
Say something",Normal operation resumed and train intervals are back to schedule at Pasar Seni People shared regular commute and station photos No emergency notice was posted Malaysia transport update 2024 12 27 There are 6 comments in total author reply Show 2 replies Say something,0,normal_operation,synthetic_mock
🇲🇾LRT KelanajayaLine通告，列车降速 - 小红书 - Google Chrome,2280,mock_post_2280.png,🇲🇾LRT KelanajayaLine通告，列车降速 - 小红书 - Google Chrome,2026-02-23T22:00:00,"City transit watcher
focus on
Kelana Jaya line maintenance phase affected frequency and caused crowding at stations at Masjid Jamek.
Passengers shared delay slip and crowding evidence during rush hour
Rapid KL staff guided queue and temporary shuttle arrangement
Malaysia transport update 2026-10-11
There are 15 comments in total
author
reply
Show 1 replies
Say something",Kelana Jaya line maintenance phase affected frequency and caused crowding at stations at Masjid Jamek Passengers shared delay slip and crowding evidence during rush hour Rapid KL staff guided queue and temporary shuttle arrangement Malaysia transport update 2026 10 11 There are 15 comments in total author reply Show 1 replies Say something,1,incident_maintenance_impact,synthetic_mock
🇲🇾LRT KelanajayaLine通告，列车降速 - 小红书 - Google Chrome,2281,mock_post_2281.png,🇲🇾LRT KelanajayaLine通告，列车降速 - 小红书 - Google Chrome,2026-02-23T22:01:00,"Ootashi store
focus on
Routine travel post about route tips and fare sharing at KL Sentral.
People shared regular commute and station photos
No emergency notice was posted
There are 14 comments in total
author
reply
Show 1 replies
Say something",Routine travel post about route tips and fare sharing at KL Sentral People shared regular commute and station photos No emergency notice was posted There are 14 comments in total author reply Show 1 replies Say something,0,normal_travel_tip,synthetic_mock
mrt kajang - 小红书搜索 - Google Chrome,2282,mock_post_2282.png,mrt kajang - 小红书搜索 - Google Chrome,2026-02-23T22:02:00,"Leisurely kitten
focus on
Power trip caused brief outage and service resumed after technicians completed repair at Gombak.
Passengers shared delay slip and crowding evidence during rush hour
Rapid KL staff guided queue and temporary shuttle arrangement
Malaysia transport update 2024-12-26
There are 1 comments in total
author
reply
Show 1 replies
Say something",Power trip caused brief outage and service resumed after technicians completed repair at Gombak Passengers shared delay slip and crowding evidence during rush hour Rapid KL staff guided queue and temporary shuttle arrangement Malaysia transport update 2024 12 26 There are 1 comments in total author reply Show 1 replies Say something,1,incident_power_outage,synthetic_mock
lrtkelanajaya线 - 小红书搜索 - Google Chrome,2283,mock_post_2283.png,lrtkelanajaya线 - 小红书搜索 - Google Chrome,2026-02-23T22:03:00,"KL daily commuter
focus on
Commuting to work was smooth and station crowd level was manageable today at Wangsa Maju.
People shared regular commute and station photos
No emergency notice was posted
Malaysia transport update 2024-10-04
There are 5 comments in total
author
reply
Show 1 replies
Say something",Commuting to work was smooth and station crowd level was manageable today at Wangsa Maju People shared regular commute and station photos No emergency notice was posted Malaysia transport update 2024 10 04 There are 5 comments in total author reply Show 1 replies Say something,0,normal_commute,synthetic_mock
地铁 马来西亚 - 小红书搜索 - Google Chrome,2284,mock_post_2284.png,地铁 马来西亚 - 小红书搜索 - Google Chrome,2026-02-23T22:04:00,"KL daily commuter
focus on
Kelana Jaya line maintenance phase affected frequency and caused crowding at stations at Masjid Jamek.
Passengers shared delay slip and crowding evidence during rush hour
Rapid KL staff guided queue and temporary shuttle arrangement
Malaysia transport update 2025-07-21
There are 5 comments in total
author
reply
Show 1 replies
Say something",Kelana Jaya line maintenance phase affected frequency and caused crowding at stations at Masjid Jamek Passengers shared delay slip and crowding evidence during rush hour Rapid KL staff guided queue and temporary shuttle arrangement Malaysia transport update 2025 07 21 There are 5 comments in total author reply Show 1 replies Say something,1,incident_maintenance_impact,synthetic_mock
地铁 马来西亚 - 小红书搜索 - Google Chrome,2285,mock_post_2285.png,地铁 马来西亚 - 小红书搜索 - Google Chrome,2026-02-23T22:05:00,"Ootashi store
focus on
Service update says all lines are stable with no major delay this morning at Masjid Jamek.
People shared regular commute and station photos
No emergency notice was posted
There are 8 comments in total
author
reply
Show 1 replies
Say something",Service update says all lines are stable with no major delay this morning at Masjid Jamek People shared regular commute and station photos No emergency notice was posted There are 8 comments in total author reply Show 1 replies Say something,0,normal_update,synthetic_mock
lrt klcc - 小红书搜索 - Google Chrome,2286,mock_post_2286.png,lrt klcc - 小红书搜索 - Google Chrome,2026-02-23T22:06:00,"Xiaoxuan Talk Malaysia Official
focus on
Passengers were asked to get off at Pasar Seni due to train fault and wait for replacement at Masjid Jamek.
Passengers shared delay slip and crowding evidence during rush hour
Rapid KL staff guided queue and temporary shuttle arrangement
Malaysia transport update 2026-02-11
There are 17 comments in total
author
reply
Show 3 replies
Say something",Passengers were asked to get off at Pasar Seni due to train fault and wait for replacement at Masjid Jamek Passengers shared delay slip and crowding evidence during rush hour Rapid KL staff guided queue and temporary shuttle arrangement Malaysia transport update 2026 02 11 There are 17 comments in total author reply Show 3 replies Say something,1,incident_train_fault,synthetic_mock
lrtkelanajaya故障 - 小红书搜索 - Google Chrome,2287,mock_post_2287.png,lrtkelanajaya故障 - 小红书搜索 - Google Chrome,2026-02-23T22:07:00,"Leisurely kitten
focus on
Commuting to work was smooth and station crowd level was manageable today at Gombak.
People shared regular commute and station photos
No emergency notice was posted
Malaysia transport update 2024-01-14
There are 16 comments in total
author
reply
Show 1 replies
Say something",Commuting to work was smooth and station crowd level was manageable today at Gombak People shared regular commute and station photos No emergency notice was posted Malaysia transport update 2024 01 14 There are 16 comments in total author reply Show 1 replies Say something,0,normal_commute,synthetic_mock
mrt fault - 小红书搜索 - Google Chrome,2288,mock_post_2288.png,mrt fault - 小红书搜索 - Google Chrome,2026-02-23T22:08:00,"Little Red Potato 66A1
focus on
Rapid KL announced temporary service disruption between KLCC and Gombak with shuttle support at KLCC.
Passengers shared delay slip and crowding evidence during rush hour
Rapid KL staff guided queue and temporary shuttle arrangement
Malaysia transport update 2025-02-14
There are 18 comments in total
author
reply
Show 1 replies
Say something",Rapid KL announced temporary service disruption between KLCC and Gombak with shuttle support at KLCC Passengers shared delay slip and crowding evidence during rush hour Rapid KL staff guided queue and temporary shuttle arrangement Malaysia transport update 2025 02 14 There are 18 comments in total author reply Show 1 replies Say something,1,incident_service_disruption,synthetic_mock
🇲🇾LRT停运 注意了‼️ - 小红书 - Google Chrome,2289,mock_post_2289.png,🇲🇾LRT停运 注意了‼️ - 小红书 - Google Chrome,2026-02-23T22:09:00,"City transit watcher
focus on
No disruption observed and transfer between lines completed without waiting at Pasar Seni.
People shared regular commute and station photos
No emergency notice was posted
Malaysia transport update 2025-01-02
There are 1 comments in total
author
reply
Show 1 replies
Say something",No disruption observed and transfer between lines completed without waiting at Pasar Seni People shared regular commute and station photos No emergency notice was posted Malaysia transport update 2025 01 02 There are 1 comments in total author reply Show 1 replies Say something,0,normal_no_incident,synthetic_mock
mrt fault - 小红书搜索 - Google Chrome,2290,mock_post_2290.png,mrt fault - 小红书搜索 - Google Chrome,2026-02-23T22:10:00,"KL daily commuter
focus on
Kelana Jaya line maintenance phase affected frequency and caused crowding at stations at Kelana Jaya.
Passengers shared delay slip and crowding evidence during rush hour
Rapid KL staff guided queue and temporary shuttle arrangement
There are 1 comments in total
author
reply
Show 1 replies
Say something",Kelana Jaya line maintenance phase affected frequency and caused crowding at stations at Kelana Jaya Passengers shared delay slip and crowding evidence during rush hour Rapid KL staff guided queue and temporary shuttle arrangement There are 1 comments in total author reply Show 1 replies Say something,1,incident_maintenance_impact,synthetic_mock
地铁 马来西亚 - 小红书搜索 - Google Chrome,2291,mock_post_2291.png,地铁 马来西亚 - 小红书搜索 - Google Chrome,2026-02-23T22:11:00,"Xiaoxuan Talk Malaysia Official
focus on
Service update says all lines are stable with no major delay this morning at KL Sentral.
People shared regular commute and station photos
No emergency notice was posted
Malaysia transport update 2024-08-26
There are 4 comments in total
author
reply
Show 2 replies
Say something",Service update says all lines are stable with no major delay this morning at KL Sentral People shared regular commute and station photos No emergency notice was posted Malaysia transport update 2024 08 26 There are 4 comments in total author reply Show 2 replies Say something,0,normal_update,synthetic_mock
lrtkelanajaya故障 - 小红书搜索 - Google Chrome,2292,mock_post_2292.png,lrtkelanajaya故障 - 小红书搜索 - Google Chrome,2026-02-23T22:12:00,"Xiaoxuan Talk Malaysia Official
focus on
Kelana Jaya line maintenance phase affected frequency and caused crowding at stations at Putra Heights.
Passengers shared delay slip and crowding evidence during rush hour
Rapid KL staff guided queue and temporary shuttle arrangement
There are 1 comments in total
author
reply
Show 3 replies
Say something",Kelana Jaya line maintenance phase affected frequency and caused crowding at stations at Putra Heights Passengers shared delay slip and crowding evidence during rush hour Rapid KL staff guided queue and temporary shuttle arrangement There are 1 comments in total author reply Show 3 replies Say something,1,incident_maintenance_impact,synthetic_mock
mrt - 小红书搜索 - Google Chrome,2293,mock_post_2293.png,mrt - 小红书搜索 - Google Chrome,2026-02-23T22:13:00,"Rapid commuter diary
focus on
Commuting to work was smooth and station crowd level was manageable today at Putra Heights.
People shared regular commute and station photos
No emergency notice was posted
There are 17 comments in total
author
reply
Show 3 replies
Say something",Commuting to work was smooth and station crowd level was manageable today at Putra Heights People shared regular commute and station photos No emergency notice was posted There are 17 comments in total author reply Show 3 replies Say something,0,normal_commute,synthetic_mock
mrt - 小红书搜索 - Google Chrome,2294,mock_post_2294.png,mrt - 小红书搜索 - Google Chrome,2026-02-23T22:14:00,"Ootashi store
focus on
Commuters reported long queue and train delay after track maintenance at Universiti station at Gombak.
Passengers shared delay slip and crowding evidence during rush hour
Rapid KL staff guided queue and temporary shuttle arrangement
Malaysia transport update 2024-10-22
There are 18 comments in total
author
reply
Show 2 replies
Say something",Commuters reported long queue and train delay after track maintenance at Universiti station at Gombak Passengers shared delay slip and crowding evidence during rush hour Rapid KL staff guided queue and temporary shuttle arrangement Malaysia transport update 2024 10 22 There are 18 comments in total author reply Show 2 replies Say something,1,incident_delay,synthetic_mock
mrt kajang - 小红书搜索 - Google Chrome,2295,mock_post_2295.png,mrt kajang - 小红书搜索 - Google Chrome,2026-02-23T22:15:00,"KL daily commuter
focus on
No disruption observed and transfer between lines completed without waiting at Masjid Jamek.
People shared regular commute and station photos
No emergency notice was posted
Malaysia transport update 2024-05-17
There are 2 comments in total
author
reply
Show 2 replies
Say something",No disruption observed and transfer between lines completed without waiting at Masjid Jamek People shared regular commute and station photos No emergency notice was posted Malaysia transport update 2024 05 17 There are 2 comments in total author reply Show 2 replies Say something,0,normal_no_incident,synthetic_mock
🇲🇾LRT停运 注意了‼️ - 小红书 - Google Chrome,2296,mock_post_2296.png,🇲🇾LRT停运 注意了‼️ - 小红书 - Google Chrome,2026-02-23T22:16:00,"Little Red Potato 66A1
focus on
Power trip caused brief outage and service resumed after technicians completed repair at Kelana Jaya.
Passengers shared delay slip and crowding evidence during rush hour
Rapid KL staff guided queue and temporary shuttle arrangement
Malaysia transport update 2024-01-20
There are 2 comments in total
author
reply
Show 1 replies
Say something",Power trip caused brief outage and service resumed after technicians completed repair at Kelana Jaya Passengers shared delay slip and crowding evidence during rush hour Rapid KL staff guided queue and temporary shuttle arrangement Malaysia transport update 2024 01 20 There are 2 comments in total author reply Show 1 replies Say something,1,incident_power_outage,synthetic_mock
地铁 马来西亚 - 小红书搜索 - Google Chrome,2297,mock_post_2297.png,地铁 马来西亚 - 小红书搜索 - Google Chrome,2026-02-23T22:17:00,"Rapid commuter diary
focus on
Commuting to work was smooth and station crowd level was manageable today at Universiti.
People shared regular commute and station photos
No emergency notice was posted
Malaysia transport update 2025-02-12
There are 17 comments in total
author
reply
Show 2 replies
Say something",Commuting to work was smooth and station crowd level was manageable today at Universiti People shared regular commute and station photos No emergency notice was posted Malaysia transport update 2025 02 12 There are 17 comments in total author reply Show 2 replies Say something,0,normal_commute,synthetic_mock
lrtkelanajaya故障 - 小红书搜索 - Google Chrome,2298,mock_post_2298.png,lrtkelanajaya故障 - 小红书搜索 - Google Chrome,2026-02-23T22:18:00,"Rapid commuter diary
focus on
Rapid KL announced temporary service disruption between KLCC and Gombak with shuttle support at Wangsa Maju.
Passengers shared delay slip and crowding evidence during rush hour
Rapid KL staff guided queue and temporary shuttle arrangement
There are 8 comments in total
author
reply
Show 2 replies
Say something",Rapid KL announced temporary service disruption between KLCC and Gombak with shuttle support at Wangsa Maju Passengers shared delay slip and crowding evidence during rush hour Rapid KL staff guided queue and temporary shuttle arrangement There are 8 comments in total author reply Show 2 replies Say something,1,incident_service_disruption,synthetic_mock
lrt is bad again - Xiaohongshu search - Google Chrome,2299,mock_post_2299.png,lrt is bad again - Xiaohongshu search - Google Chrome,2026-02-23T22:19:00,"Ootashi store
focus on
Commuting to work was smooth and station crowd level was manageable today at Masjid Jamek.
People shared regular commute and station photos
No emergency notice was posted
There are 12 comments in total
author
reply
Show 3 replies
Say something",Commuting to work was smooth and station crowd level was manageable today at Masjid Jamek People shared regular commute and station photos No emergency notice was posted There are 12 comments in total author reply Show 3 replies Say something,0,normal_commute,synthetic_mock
lrt is bad again - Xiaohongshu search - Google Chrome,2300,mock_post_2300.png,lrt is bad again - Xiaohongshu search - Google Chrome,2026-02-23T22:20:00,"KL daily commuter
focus on
Commuters reported long queue and train delay after track maintenance at Universiti station at Gombak.
Passengers shared delay slip and crowding evidence during rush hour
Rapid KL staff guided queue and temporary shuttle arrangement
Malaysia transport update 2026-07-24
There are 2 comments in total
author
reply
Show 3 replies
Say something",Commuters reported long queue and train delay after track maintenance at Universiti station at Gombak Passengers shared delay slip and crowding evidence during rush hour Rapid KL staff guided queue and temporary shuttle arrangement Malaysia transport update 2026 07 24 There are 2 comments in total author reply Show 3 replies Say something,1,incident_delay,synthetic_mock
🇲🇾LRT KelanajayaLine通告，列车降速 - 小红书 - Google Chrome,2301,mock_post_2301.png,🇲🇾LRT KelanajayaLine通告，列车降速 - 小红书 - Google Chrome,2026-02-23T22:21:00,"Xiaoxuan Talk Malaysia Official
focus on
General city transport post not related to outage or malfunction at Ampang Park.
People shared regular commute and station photos
No emergency notice was posted
Malaysia transport update 2024-07-20
There are 18 comments in total
author
reply
Show 2 replies
Say something",General city transport post not related to outage or malfunction at Ampang Park People shared regular commute and station photos No emergency notice was posted Malaysia transport update 2024 07 20 There are 18 comments in total author reply Show 2 replies Say something,0,normal_general,synthetic_mock
lrtkelanajaya故障 - 小红书搜索 - Google Chrome,2302,mock_post_2302.png,lrtkelanajaya故障 - 小红书搜索 - Google Chrome,2026-02-23T22:22:00,"KL daily commuter
focus on
Commuters reported long queue and train delay after track maintenance at Universiti station at Kelana Jaya.
Passengers shared delay slip and crowding evidence during rush hour
Rapid KL staff guided queue and temporary shuttle arrangement
There are 17 comments in total
author
reply
Show 1 replies
Say something",Commuters reported long queue and train delay after track maintenance at Universiti station at Kelana Jaya Passengers shared delay slip and crowding evidence during rush hour Rapid KL staff guided queue and temporary shuttle arrangement There are 17 comments in total author reply Show 1 replies Say something,1,incident_delay,synthetic_mock
mrt - 小红书搜索 - Google Chrome,2303,mock_post_2303.png,mrt - 小红书搜索 - Google Chrome,2026-02-23T22:23:00,"Leisurely kitten
focus on
Normal operation resumed and train intervals are back to schedule at Kelana Jaya.
People shared regular commute and station photos
No emergency notice was posted
There are 4 comments in total
author
reply
Show 2 replies
Say something",Normal operation resumed and train intervals are back to schedule at Kelana Jaya People shared regular commute and station photos No emergency notice was posted There are 4 comments in total author reply Show 2 replies Say something,0,normal_operation,synthetic_mock
🇲🇾LRT停运 注意了‼️ - 小红书 - Google Chrome,2304,mock_post_2304.png,🇲🇾LRT停运 注意了‼️ - 小红书 - Google Chrome,2026-02-23T22:24:00,"Little Red Potato 66A1
focus on
Passengers were asked to get off at Pasar Seni due to train fault and wait for replacement at KLCC.
Passengers shared delay slip and crowding evidence during rush hour
Rapid KL staff guided queue and temporary shuttle arrangement
There are 1 comments in total
author
reply
Show 2 replies
Say something",Passengers were asked to get off at Pasar Seni due to train fault and wait for replacement at KLCC Passengers shared delay slip and crowding evidence during rush hour Rapid KL staff guided queue and temporary shuttle arrangement There are 1 comments in total author reply Show 2 replies Say something,1,incident_train_fault,synthetic_mock
mrtkajang问题 - 小红书搜索 - Google Chrome,2305,mock_post_2305.png,mrtkajang问题 - 小红书搜索 - Google Chrome,2026-02-23T22:25:00,"KL daily commuter
focus on
General city transport post not related to outage or malfunction at Gombak.
People shared regular commute and station photos
No emergency notice was posted
There are 18 comments in total
author
reply
Show 2 replies
Say something",General city transport post not related to outage or malfunction at Gombak People shared regular commute and station photos No emergency notice was posted There are 18 comments in total author reply Show 2 replies Say something,0,normal_general,synthetic_mock
mrt - 小红书搜索 - Google Chrome,2306,mock_post_2306.png,mrt - 小红书搜索 - Google Chrome,2026-02-23T22:26:00,"Ootashi store
focus on
Rapid KL announced temporary service disruption between KLCC and Gombak with shuttle support at Masjid Jamek.
Passengers shared delay slip and crowding evidence during rush hour
Rapid KL staff guided queue and temporary shuttle arrangement
Malaysia transport update 2024-09-21
There are 3 comments in total
author
reply
Show 2 replies
Say something",Rapid KL announced temporary service disruption between KLCC and Gombak with shuttle support at Masjid Jamek Passengers shared delay slip and crowding evidence during rush hour Rapid KL staff guided queue and temporary shuttle arrangement Malaysia transport update 2024 09 21 There are 3 comments in total author reply Show 2 replies Say something,1,incident_service_disruption,synthetic_mock
lrtkelanajaya故障 - 小红书搜索 - Google Chrome,2307,mock_post_2307.png,lrtkelanajaya故障 - 小红书搜索 - Google Chrome,2026-02-23T22:27:00,"City transit watcher
focus on
Service update says all lines are stable with no major delay this morning at Pasar Seni.
People shared regular commute and station photos
No emergency notice was posted
Malaysia transport update 2026-07-20
There are 10 comments in total
author
reply
Show 3 replies
Say something",Service update says all lines are stable with no major delay this morning at Pasar Seni People shared regular commute and station photos No emergency notice was posted Malaysia transport update 2026 07 20 There are 10 comments in total author reply Show 3 replies Say something,0,normal_update,synthetic_mock
mrt - 小红书搜索 - Google Chrome,2308,mock_post_2308.png,mrt - 小红书搜索 - Google Chrome,2026-02-23T22:28:00,"City transit watcher
focus on
Passengers were asked to get off at Pasar Seni due to train fault and wait for replacement at KL Sentral.
Passengers shared delay slip and crowding evidence during rush hour
Rapid KL staff guided queue and temporary shuttle arrangement
There are 10 comments in total
author
reply
Show 2 replies
Say something",Passengers were asked to get off at Pasar Seni due to train fault and wait for replacement at KL Sentral Passengers shared delay slip and crowding evidence during rush hour Rapid KL staff guided queue and temporary shuttle arrangement There are 10 comments in total author reply Show 2 replies Say something,1,incident_train_fault,synthetic_mock
地铁 马来西亚 - 小红书搜索 - Google Chrome,2309,mock_post_2309.png,地铁 马来西亚 - 小红书搜索 - Google Chrome,2026-02-23T22:29:00,"Ootashi store
focus on
Service update says all lines are stable with no major delay this morning at Kelana Jaya.
People shared regular commute and station photos
No emergency notice was posted
There are 5 comments in total
author
reply
Show 2 replies
Say something",Service update says all lines are stable with no major delay this morning at Kelana Jaya People shared regular commute and station photos No emergency notice was posted There are 5 comments in total author reply Show 2 replies Say something,0,normal_update,synthetic_mock
mrt - 小红书搜索 - Google Chrome,2310,mock_post_2310.png,mrt - 小红书搜索 - Google Chrome,2026-02-23T22:30:00,"Xiaoxuan Talk Malaysia Official
focus on
Power trip caused brief outage and service resumed after technicians completed repair at Universiti.
Passengers shared delay slip and crowding evidence during rush hour
Rapid KL staff guided queue and temporary shuttle arrangement
Malaysia transport update 2025-02-15
There are 2 comments in total
author
reply
Show 2 replies
Say something",Power trip caused brief outage and service resumed after technicians completed repair at Universiti Passengers shared delay slip and crowding evidence during rush hour Rapid KL staff guided queue and temporary shuttle arrangement Malaysia transport update 2025 02 15 There are 2 comments in total author reply Show 2 replies Say something,1,incident_power_outage,synthetic_mock
mrt kajang - 小红书搜索 - Google Chrome,2311,mock_post_2311.png,mrt kajang - 小红书搜索 - Google Chrome,2026-02-23T22:31:00,"Ootashi store
focus on
General city transport post not related to outage or malfunction at Wangsa Maju.
People shared regular commute and station photos
No emergency notice was posted
Malaysia transport update 2025-05-28
There are 2 comments in total
author
reply
Show 1 replies
Say something",General city transport post not related to outage or malfunction at Wangsa Maju People shared regular commute and station photos No emergency notice was posted Malaysia transport update 2025 05 28 There are 2 comments in total author reply Show 1 replies Say something,0,normal_general,synthetic_mock
lrt klcc - 小红书搜索 - Google Chrome,2312,mock_post_2312.png,lrt klcc - 小红书搜索 - Google Chrome,2026-02-23T22:32:00,"Leisurely kitten
focus on
Rapid KL announced temporary service disruption between KLCC and Gombak with shuttle support at Putra Heights.
Passengers shared delay slip and crowding evidence during rush hour
Rapid KL staff guided queue and temporary shuttle arrangement
Malaysia transport update 2024-05-07
There are 1 comments in total
author
reply
Show 3 replies
Say something",Rapid KL announced temporary service disruption between KLCC and Gombak with shuttle support at Putra Heights Passengers shared delay slip and crowding evidence during rush hour Rapid KL staff guided queue and temporary shuttle arrangement Malaysia transport update 2024 05 07 There are 1 comments in total author reply Show 3 replies Say something,1,incident_service_disruption,synthetic_mock
lrt is bad again - Xiaohongshu search - Google Chrome,2313,mock_post_2313.png,lrt is bad again - Xiaohongshu search - Google Chrome,2026-02-23T22:33:00,"Leisurely kitten
focus on
No disruption observed and transfer between lines completed without waiting at Wangsa Maju.
People shared regular commute and station photos
No emergency notice was posted
Malaysia transport update 2025-05-17
There are 17 comments in total
author
reply
Show 3 replies
Say something",No disruption observed and transfer between lines completed without waiting at Wangsa Maju People shared regular commute and station photos No emergency notice was posted Malaysia transport update 2025 05 17 There are 17 comments in total author reply Show 3 replies Say something,0,normal_no_incident,synthetic_mock
mrt fault - 小红书搜索 - Google Chrome,2314,mock_post_2314.png,mrt fault - 小红书搜索 - Google Chrome,2026-02-23T22:34:00,"Leisurely kitten
focus on
Rapid KL announced temporary service disruption between KLCC and Gombak with shuttle support at KLCC.
Passengers shared delay slip and crowding evidence during rush hour
Rapid KL staff guided queue and temporary shuttle arrangement
Malaysia transport update 2026-09-17
There are 6 comments in total
author
reply
Show 2 replies
Say something",Rapid KL announced temporary service disruption between KLCC and Gombak with shuttle support at KLCC Passengers shared delay slip and crowding evidence during rush hour Rapid KL staff guided queue and temporary shuttle arrangement Malaysia transport update 2026 09 17 There are 6 comments in total author reply Show 2 replies Say something,1,incident_service_disruption,synthetic_mock
mrt fault - 小红书搜索 - Google Chrome,2315,mock_post_2315.png,mrt fault - 小红书搜索 - Google Chrome,2026-02-23T22:35:00,"Rapid commuter diary
focus on
General city transport post not related to outage or malfunction at Pasar Seni.
People shared regular commute and station photos
No emergency notice was posted
There are 2 comments in total
author
reply
Show 3 replies
Say something",General city transport post not related to outage or malfunction at Pasar Seni People shared regular commute and station photos No emergency notice was posted There are 2 comments in total author reply Show 3 replies Say something,0,normal_general,synthetic_mock
lrtkelanajaya线 - 小红书搜索 - Google Chrome,2316,mock_post_2316.png,lrtkelanajaya线 - 小红书搜索 - Google Chrome,2026-02-23T22:36:00,"City transit watcher
focus on
LRT Kelana Jaya line had a signaling issue during peak hour and trains moved slowly at Gombak.
Passengers shared delay slip and crowding evidence during rush hour
Rapid KL staff guided queue and temporary shuttle arrangement
There are 10 comments in total
author
reply
Show 1 replies
Say something",LRT Kelana Jaya line had a signaling issue during peak hour and trains moved slowly at Gombak Passengers shared delay slip and crowding evidence during rush hour Rapid KL staff guided queue and temporary shuttle arrangement There are 10 comments in total author reply Show 1 replies Say something,1,incident_breakdown,synthetic_mock
mrt - 小红书搜索 - Google Chrome,2317,mock_post_2317.png,mrt - 小红书搜索 - Google Chrome,2026-02-23T22:37:00,"KL daily commuter
focus on
Service update says all lines are stable with no major delay this morning at Universiti.
People shared regular commute and station photos
No emergency notice was posted
There are 7 comments in total
author
reply
Show 3 replies
Say something",Service update says all lines are stable with no major delay this morning at Universiti People shared regular commute and station photos No emergency notice was posted There are 7 comments in total author reply Show 3 replies Say something,0,normal_update,synthetic_mock
lrt klcc - 小红书搜索 - Google Chrome,2318,mock_post_2318.png,lrt klcc - 小红书搜索 - Google Chrome,2026-02-23T22:38:00,"City transit watcher
focus on
Passengers were asked to get off at Pasar Seni due to train fault and wait for replacement at Putra Heights.
Passengers shared delay slip and crowding evidence during rush hour
Rapid KL staff guided queue and temporary shuttle arrangement
Malaysia transport update 2026-04-26
There are 5 comments in total
author
reply
Show 1 replies
Say something",Passengers were asked to get off at Pasar Seni due to train fault and wait for replacement at Putra Heights Passengers shared delay slip and crowding evidence during rush hour Rapid KL staff guided queue and temporary shuttle arrangement Malaysia transport update 2026 04 26 There are 5 comments in total author reply Show 1 replies Say something,1,incident_train_fault,synthetic_mock
lrtkelanajaya线 - 小红书搜索 - Google Chrome,2319,mock_post_2319.png,lrtkelanajaya线 - 小红书搜索 - Google Chrome,2026-02-23T22:39:00,"Rapid commuter diary
focus on
Normal operation resumed and train intervals are back to schedule at KL Sentral.
People shared regular commute and station photos
No emergency notice was posted
Malaysia transport update 2026-02-18
There are 2 comments in total
author
reply
Show 3 replies
Say something",Normal operation resumed and train intervals are back to schedule at KL Sentral People shared regular commute and station photos No emergency notice was posted Malaysia transport update 2026 02 18 There are 2 comments in total author reply Show 3 replies Say something,0,normal_operation,synthetic_mock
lrtkelanajaya线 - 小红书搜索 - Google Chrome,2320,mock_post_2320.png,lrtkelanajaya线 - 小红书搜索 - Google Chrome,2026-02-23T22:40:00,"Xiaoxuan Talk Malaysia Official
focus on
Rapid KL announced temporary service disruption between KLCC and Gombak with shuttle support at KL Sentral.
Passengers shared delay slip and crowding evidence during rush hour
Rapid KL staff guided queue and temporary shuttle arrangement
There are 7 comments in total
author
reply
Show 2 replies
Say something",Rapid KL announced temporary service disruption between KLCC and Gombak with shuttle support at KL Sentral Passengers shared delay slip and crowding evidence during rush hour Rapid KL staff guided queue and temporary shuttle arrangement There are 7 comments in total author reply Show 2 replies Say something,1,incident_service_disruption,synthetic_mock
lrt klcc - 小红书搜索 - Google Chrome,2321,mock_post_2321.png,lrt klcc - 小红书搜索 - Google Chrome,2026-02-23T22:41:00,"City transit watcher
focus on
Service update says all lines are stable with no major delay this morning at Wangsa Maju.
People shared regular commute and station photos
No emergency notice was posted
Malaysia transport update 2024-01-14
There are 2 comments in total
author
reply
Show 3 replies
Say something",Service update says all lines are stable with no major delay this morning at Wangsa Maju People shared regular commute and station photos No emergency notice was posted Malaysia transport update 2024 01 14 There are 2 comments in total author reply Show 3 replies Say something,0,normal_update,synthetic_mock
mrt kajang - 小红书搜索 - Google Chrome,2322,mock_post_2322.png,mrt kajang - 小红书搜索 - Google Chrome,2026-02-23T22:42:00,"KL daily commuter
focus on
LRT Kelana Jaya line had a signaling issue during peak hour and trains moved slowly at KL Sentral.
Passengers shared delay slip and crowding evidence during rush hour
Rapid KL staff guided queue and temporary shuttle arrangement
Malaysia transport update 2025-07-04
There are 15 comments in total
author
reply
Show 3 replies
Say something",LRT Kelana Jaya line had a signaling issue during peak hour and trains moved slowly at KL Sentral Passengers shared delay slip and crowding evidence during rush hour Rapid KL staff guided queue and temporary shuttle arrangement Malaysia transport update 2025 07 04 There are 15 comments in total author reply Show 3 replies Say something,1,incident_breakdown,synthetic_mock
🇲🇾LRT KelanajayaLine通告，列车降速 - 小红书 - Google Chrome,2323,mock_post_2323.png,🇲🇾LRT KelanajayaLine通告，列车降速 - 小红书 - Google Chrome,2026-02-23T22:43:00,"Xiaoxuan Talk Malaysia Official
focus on
Routine travel post about route tips and fare sharing at Masjid Jamek.
People shared regular commute and station photos
No emergency notice was posted
Malaysia transport update 2024-04-27
There are 1 comments in total
author
reply
Show 1 replies
Say something",Routine travel post about route tips and fare sharing at Masjid Jamek People shared regular commute and station photos No emergency notice was posted Malaysia transport update 2024 04 27 There are 1 comments in total author reply Show 1 replies Say something,0,normal_travel_tip,synthetic_mock
lrtkelanajaya线 - 小红书搜索 - Google Chrome,2324,mock_post_2324.png,lrtkelanajaya线 - 小红书搜索 - Google Chrome,2026-02-23T22:44:00,"KL daily commuter
focus on
LRT Kelana Jaya line had a signaling issue during peak hour and trains moved slowly at Putra Heights.
Passengers shared delay slip and crowding evidence during rush hour
Rapid KL staff guided queue and temporary shuttle arrangement
Malaysia transport update 2026-03-27
There are 17 comments in total
author
reply
Show 1 replies
Say something",LRT Kelana Jaya line had a signaling issue during peak hour and trains moved slowly at Putra Heights Passengers shared delay slip and crowding evidence during rush hour Rapid KL staff guided queue and temporary shuttle arrangement Malaysia transport update 2026 03 27 There are 17 comments in total author reply Show 1 replies Say something,1,incident_breakdown,synthetic_mock
lrt klcc - 小红书搜索 - Google Chrome,2325,mock_post_2325.png,lrt klcc - 小红书搜索 - Google Chrome,2026-02-23T22:45:00,"Leisurely kitten
focus on
General city transport post not related to outage or malfunction at Wangsa Maju.
People shared regular commute and station photos
No emergency notice was posted
Malaysia transport update 2026-08-09
There are 10 comments in total
author
reply
Show 3 replies
Say something",General city transport post not related to outage or malfunction at Wangsa Maju People shared regular commute and station photos No emergency notice was posted Malaysia transport update 2026 08 09 There are 10 comments in total author reply Show 3 replies Say something,0,normal_general,synthetic_mock
mrt fault - 小红书搜索 - Google Chrome,2326,mock_post_2326.png,mrt fault - 小红书搜索 - Google Chrome,2026-02-23T22:46:00,"Xiaoxuan Talk Malaysia Official
focus on
Kelana Jaya line maintenance phase affected frequency and caused crowding at stations at Wangsa Maju.
Passengers shared delay slip and crowding evidence during rush hour
Rapid KL staff guided queue and temporary shuttle arrangement
There are 7 comments in total
author
reply
Show 2 replies
Say something",Kelana Jaya line maintenance phase affected frequency and caused crowding at stations at Wangsa Maju Passengers shared delay slip and crowding evidence during rush hour Rapid KL staff guided queue and temporary shuttle arrangement There are 7 comments in total author reply Show 2 replies Say something,1,incident_maintenance_impact,synthetic_mock
🇲🇾LRT KelanajayaLine通告，列车降速 - 小红书 - Google Chrome,2327,mock_post_2327.png,🇲🇾LRT KelanajayaLine通告，列车降速 - 小红书 - Google Chrome,2026-02-23T22:47:00,"Ootashi store
focus on
Routine travel post about route tips and fare sharing at Putra Heights.
People shared regular commute and station photos
No emergency notice was posted
There are 3 comments in total
author
reply
Show 2 replies
Say something",Routine travel post about route tips and fare sharing at Putra Heights People shared regular commute and station photos No emergency notice was posted There are 3 comments in total author reply Show 2 replies Say something,0,normal_travel_tip,synthetic_mock
lrtkelanajaya线 - 小红书搜索 - Google Chrome,2328,mock_post_2328.png,lrtkelanajaya线 - 小红书搜索 - Google Chrome,2026-02-23T22:48:00,"KL daily commuter
focus on
LRT Kelana Jaya line had a signaling issue during peak hour and trains moved slowly at KLCC.
Passengers shared delay slip and crowding evidence during rush hour
Rapid KL staff guided queue and temporary shuttle arrangement
Malaysia transport update 2026-05-04
There are 18 comments in total
author
reply
Show 2 replies
Say something",LRT Kelana Jaya line had a signaling issue during peak hour and trains moved slowly at KLCC Passengers shared delay slip and crowding evidence during rush hour Rapid KL staff guided queue and temporary shuttle arrangement Malaysia transport update 2026 05 04 There are 18 comments in total author reply Show 2 replies Say something,1,incident_breakdown,synthetic_mock
lrtkelanajaya故障 - 小红书搜索 - Google Chrome,2329,mock_post_2329.png,lrtkelanajaya故障 - 小红书搜索 - Google Chrome,2026-02-23T22:49:00,"Little Red Potato 66A1
focus on
Service update says all lines are stable with no major delay this morning at Wangsa Maju.
People shared regular commute and station photos
No emergency notice was posted
Malaysia transport update 2024-10-05
There are 14 comments in total
author
reply
Show 1 replies
Say something",Service update says all lines are stable with no major delay this morning at Wangsa Maju People shared regular commute and station photos No emergency notice was posted Malaysia transport update 2024 10 05 There are 14 comments in total author reply Show 1 replies Say something,0,normal_update,synthetic_mock
lrt klcc - 小红书搜索 - Google Chrome,2330,mock_post_2330.png,lrt klcc - 小红书搜索 - Google Chrome,2026-02-23T22:50:00,"Ootashi store
focus on
Kelana Jaya line maintenance phase affected frequency and caused crowding at stations at Pasar Seni.
Passengers shared delay slip and crowding evidence during rush hour
Rapid KL staff guided queue and temporary shuttle arrangement
There are 17 comments in total
author
reply
Show 1 replies
Say something",Kelana Jaya line maintenance phase affected frequency and caused crowding at stations at Pasar Seni Passengers shared delay slip and crowding evidence during rush hour Rapid KL staff guided queue and temporary shuttle arrangement There are 17 comments in total author reply Show 1 replies Say something,1,incident_maintenance_impact,synthetic_mock
mrt - 小红书搜索 - Google Chrome,2331,mock_post_2331.png,mrt - 小红书搜索 - Google Chrome,2026-02-23T22:51:00,"Leisurely kitten
focus on
Service update says all lines are stable with no major delay this morning at Ampang Park.
People shared regular commute and station photos
No emergency notice was posted
Malaysia transport update 2025-02-03
There are 9 comments in total
author
reply
Show 1 replies
Say something",Service update says all lines are stable with no major delay this morning at Ampang Park People shared regular commute and station photos No emergency notice was posted Malaysia transport update 2025 02 03 There are 9 comments in total author reply Show 1 replies Say something,0,normal_update,synthetic_mock
lrt is bad again - Xiaohongshu search - Google Chrome,2332,mock_post_2332.png,lrt is bad again - Xiaohongshu search - Google Chrome,2026-02-23T22:52:00,"Little Red Potato 66A1
focus on
Rapid KL announced temporary service disruption between KLCC and Gombak with shuttle support at Masjid Jamek.
Passengers shared delay slip and crowding evidence during rush hour
Rapid KL staff guided queue and temporary shuttle arrangement
Malaysia transport update 2026-01-27
There are 12 comments in total
author
reply
Show 3 replies
Say something",Rapid KL announced temporary service disruption between KLCC and Gombak with shuttle support at Masjid Jamek Passengers shared delay slip and crowding evidence during rush hour Rapid KL staff guided queue and temporary shuttle arrangement Malaysia transport update 2026 01 27 There are 12 comments in total author reply Show 3 replies Say something,1,incident_service_disruption,synthetic_mock
lrt is bad again - Xiaohongshu search - Google Chrome,2333,mock_post_2333.png,lrt is bad again - Xiaohongshu search - Google Chrome,2026-02-23T22:53:00,"Rapid commuter diary
focus on
Commuting to work was smooth and station crowd level was manageable today at Universiti.
People shared regular commute and station photos
No emergency notice was posted
There are 14 comments in total
author
reply
Show 2 replies
Say something",Commuting to work was smooth and station crowd level was manageable today at Universiti People shared regular commute and station photos No emergency notice was posted There are 14 comments in total author reply Show 2 replies Say something,0,normal_commute,synthetic_mock
lrt is bad again - Xiaohongshu search - Google Chrome,2334,mock_post_2334.png,lrt is bad again - Xiaohongshu search - Google Chrome,2026-02-23T22:54:00,"Xiaoxuan Talk Malaysia Official
focus on
Passengers were asked to get off at Pasar Seni due to train fault and wait for replacement at KLCC.
Passengers shared delay slip and crowding evidence during rush hour
Rapid KL staff guided queue and temporary shuttle arrangement
There are 14 comments in total
author
reply
Show 1 replies
Say something",Passengers were asked to get off at Pasar Seni due to train fault and wait for replacement at KLCC Passengers shared delay slip and crowding evidence during rush hour Rapid KL staff guided queue and temporary shuttle arrangement There are 14 comments in total author reply Show 1 replies Say something,1,incident_train_fault,synthetic_mock
mrt kajang - 小红书搜索 - Google Chrome,2335,mock_post_2335.png,mrt kajang - 小红书搜索 - Google Chrome,2026-02-23T22:55:00,"Little Red Potato 66A1
focus on
Service update says all lines are stable with no major delay this morning at Kelana Jaya.
People shared regular commute and station photos
No emergency notice was posted
There are 12 comments in total
author
reply
Show 2 replies
Say something",Service update says all lines are stable with no major delay this morning at Kelana Jaya People shared regular commute and station photos No emergency notice was posted There are 12 comments in total author reply Show 2 replies Say something,0,normal_update,synthetic_mock
lrtkelanajaya故障 - 小红书搜索 - Google Chrome,2336,mock_post_2336.png,lrtkelanajaya故障 - 小红书搜索 - Google Chrome,2026-02-23T22:56:00,"KL daily commuter
focus on
Passengers were asked to get off at Pasar Seni due to train fault and wait for replacement at KLCC.
Passengers shared delay slip and crowding evidence during rush hour
Rapid KL staff guided queue and temporary shuttle arrangement
There are 1 comments in total
author
reply
Show 2 replies
Say something",Passengers were asked to get off at Pasar Seni due to train fault and wait for replacement at KLCC Passengers shared delay slip and crowding evidence during rush hour Rapid KL staff guided queue and temporary shuttle arrangement There are 1 comments in total author reply Show 2 replies Say something,1,incident_train_fault,synthetic_mock
mrt - 小红书搜索 - Google Chrome,2337,mock_post_2337.png,mrt - 小红书搜索 - Google Chrome,2026-02-23T22:57:00,"Xiaoxuan Talk Malaysia Official
focus on
General city transport post not related to outage or malfunction at Ampang Park.
People shared regular commute and station photos
No emergency notice was posted
Malaysia transport update 2026-04-04
There are 6 comments in total
author
reply
Show 1 replies
Say something",General city transport post not related to outage or malfunction at Ampang Park People shared regular commute and station photos No emergency notice was posted Malaysia transport update 2026 04 04 There are 6 comments in total author reply Show 1 replies Say something,0,normal_general,synthetic_mock
lrtkelanajaya故障 - 小红书搜索 - Google Chrome,2338,mock_post_2338.png,lrtkelanajaya故障 - 小红书搜索 - Google Chrome,2026-02-23T22:58:00,"Xiaoxuan Talk Malaysia Official
focus on
Commuters reported long queue and train delay after track maintenance at Universiti station at Putra Heights.
Passengers shared delay slip and crowding evidence during rush hour
Rapid KL staff guided queue and temporary shuttle arrangement
There are 17 comments in total
author
reply
Show 3 replies
Say something",Commuters reported long queue and train delay after track maintenance at Universiti station at Putra Heights Passengers shared delay slip and crowding evidence during rush hour Rapid KL staff guided queue and temporary shuttle arrangement There are 17 comments in total author reply Show 3 replies Say something,1,incident_delay,synthetic_mock
lrtkelanajaya故障 - 小红书搜索 - Google Chrome,2339,mock_post_2339.png,lrtkelanajaya故障 - 小红书搜索 - Google Chrome,2026-02-23T22:59:00,"Xiaoxuan Talk Malaysia Official
focus on
No disruption observed and transfer between lines completed without waiting at KL Sentral.
People shared regular commute and station photos
No emergency notice was posted
Malaysia transport update 2025-07-25
There are 18 comments in total
author
reply
Show 3 replies
Say something",No disruption observed and transfer between lines completed without waiting at KL Sentral People shared regular commute and station photos No emergency notice was posted Malaysia transport update 2025 07 25 There are 18 comments in total author reply Show 3 replies Say something,0,normal_no_incident,synthetic_mock
lrt is bad again - Xiaohongshu search - Google Chrome,2340,mock_post_2340.png,lrt is bad again - Xiaohongshu search - Google Chrome,2026-02-23T23:00:00,"Little Red Potato 66A1
focus on
Passengers were asked to get off at Pasar Seni due to train fault and wait for replacement at Universiti.
Passengers shared delay slip and crowding evidence during rush hour
Rapid KL staff guided queue and temporary shuttle arrangement
There are 10 comments in total
author
reply
Show 3 replies
Say something",Passengers were asked to get off at Pasar Seni due to train fault and wait for replacement at Universiti Passengers shared delay slip and crowding evidence during rush hour Rapid KL staff guided queue and temporary shuttle arrangement There are 10 comments in total author reply Show 3 replies Say something,1,incident_train_fault,synthetic_mock
mrtkajang问题 - 小红书搜索 - Google Chrome,2341,mock_post_2341.png,mrtkajang问题 - 小红书搜索 - Google Chrome,2026-02-23T23:01:00,"Leisurely kitten
focus on
Normal operation resumed and train intervals are back to schedule at Universiti.
People shared regular commute and station photos
No emergency notice was posted
There are 1 comments in total
author
reply
Show 3 replies
Say something",Normal operation resumed and train intervals are back to schedule at Universiti People shared regular commute and station photos No emergency notice was posted There are 1 comments in total author reply Show 3 replies Say something,0,normal_operation,synthetic_mock
mrt kajang - 小红书搜索 - Google Chrome,2342,mock_post_2342.png,mrt kajang - 小红书搜索 - Google Chrome,2026-02-23T23:02:00,"Leisurely kitten
focus on
Rapid KL announced temporary service disruption between KLCC and Gombak with shuttle support at Putra Heights.
Passengers shared delay slip and crowding evidence during rush hour
Rapid KL staff guided queue and temporary shuttle arrangement
Malaysia transport update 2026-09-24
There are 17 comments in total
author
reply
Show 1 replies
Say something",Rapid KL announced temporary service disruption between KLCC and Gombak with shuttle support at Putra Heights Passengers shared delay slip and crowding evidence during rush hour Rapid KL staff guided queue and temporary shuttle arrangement Malaysia transport update 2026 09 24 There are 17 comments in total author reply Show 1 replies Say something,1,incident_service_disruption,synthetic_mock
lrt klcc - 小红书搜索 - Google Chrome,2343,mock_post_2343.png,lrt klcc - 小红书搜索 - Google Chrome,2026-02-23T23:03:00,"Ootashi store
focus on
Normal operation resumed and train intervals are back to schedule at Universiti.
People shared regular commute and station photos
No emergency notice was posted
There are 4 comments in total
author
reply
Show 1 replies
Say something",Normal operation resumed and train intervals are back to schedule at Universiti People shared regular commute and station photos No emergency notice was posted There are 4 comments in total author reply Show 1 replies Say something,0,normal_operation,synthetic_mock
lrt is bad again - Xiaohongshu search - Google Chrome,2344,mock_post_2344.png,lrt is bad again - Xiaohongshu search - Google Chrome,2026-02-23T23:04:00,"Rapid commuter diary
focus on
Kelana Jaya line maintenance phase affected frequency and caused crowding at stations at Putra Heights.
Passengers shared delay slip and crowding evidence during rush hour
Rapid KL staff guided queue and temporary shuttle arrangement
There are 1 comments in total
author
reply
Show 3 replies
Say something",Kelana Jaya line maintenance phase affected frequency and caused crowding at stations at Putra Heights Passengers shared delay slip and crowding evidence during rush hour Rapid KL staff guided queue and temporary shuttle arrangement There are 1 comments in total author reply Show 3 replies Say something,1,incident_maintenance_impact,synthetic_mock
mrt - 小红书搜索 - Google Chrome,2345,mock_post_2345.png,mrt - 小红书搜索 - Google Chrome,2026-02-23T23:05:00,"Little Red Potato 66A1
focus on
Routine travel post about route tips and fare sharing at Putra Heights.
People shared regular commute and station photos
No emergency notice was posted
There are 3 comments in total
author
reply
Show 2 replies
Say something",Routine travel post about route tips and fare sharing at Putra Heights People shared regular commute and station photos No emergency notice was posted There are 3 comments in total author reply Show 2 replies Say something,0,normal_travel_tip,synthetic_mock
🇲🇾LRT KelanajayaLine通告，列车降速 - 小红书 - Google Chrome,2346,mock_post_2346.png,🇲🇾LRT KelanajayaLine通告，列车降速 - 小红书 - Google Chrome,2026-02-23T23:06:00,"Xiaoxuan Talk Malaysia Official
focus on
Passengers were asked to get off at Pasar Seni due to train fault and wait for replacement at Pasar Seni.
Passengers shared delay slip and crowding evidence during rush hour
Rapid KL staff guided queue and temporary shuttle arrangement
There are 15 comments in total
author
reply
Show 2 replies
Say something",Passengers were asked to get off at Pasar Seni due to train fault and wait for replacement at Pasar Seni Passengers shared delay slip and crowding evidence during rush hour Rapid KL staff guided queue and temporary shuttle arrangement There are 15 comments in total author reply Show 2 replies Say something,1,incident_train_fault,synthetic_mock
🇲🇾LRT KelanajayaLine通告，列车降速 - 小红书 - Google Chrome,2347,mock_post_2347.png,🇲🇾LRT KelanajayaLine通告，列车降速 - 小红书 - Google Chrome,2026-02-23T23:07:00,"KL daily commuter
focus on
Service update says all lines are stable with no major delay this morning at Wangsa Maju.
People shared regular commute and station photos
No emergency notice was posted
There are 14 comments in total
author
reply
Show 3 replies
Say something",Service update says all lines are stable with no major delay this morning at Wangsa Maju People shared regular commute and station photos No emergency notice was posted There are 14 comments in total author reply Show 3 replies Say something,0,normal_update,synthetic_mock
地铁 马来西亚 - 小红书搜索 - Google Chrome,2348,mock_post_2348.png,地铁 马来西亚 - 小红书搜索 - Google Chrome,2026-02-23T23:08:00,"KL daily commuter
focus on
Power trip caused brief outage and service resumed after technicians completed repair at Gombak.
Passengers shared delay slip and crowding evidence during rush hour
Rapid KL staff guided queue and temporary shuttle arrangement
There are 15 comments in total
author
reply
Show 1 replies
Say something",Power trip caused brief outage and service resumed after technicians completed repair at Gombak Passengers shared delay slip and crowding evidence during rush hour Rapid KL staff guided queue and temporary shuttle arrangement There are 15 comments in total author reply Show 1 replies Say something,1,incident_power_outage,synthetic_mock
🇲🇾LRT KelanajayaLine通告，列车降速 - 小红书 - Google Chrome,2349,mock_post_2349.png,🇲🇾LRT KelanajayaLine通告，列车降速 - 小红书 - Google Chrome,2026-02-23T23:09:00,"Little Red Potato 66A1
focus on
Commuting to work was smooth and station crowd level was manageable today at Pasar Seni.
People shared regular commute and station photos
No emergency notice was posted
There are 13 comments in total
author
reply
Show 3 replies
Say something",Commuting to work was smooth and station crowd level was manageable today at Pasar Seni People shared regular commute and station photos No emergency notice was posted There are 13 comments in total author reply Show 3 replies Say something,0,normal_commute,synthetic_mock
地铁 马来西亚 - 小红书搜索 - Google Chrome,2350,mock_post_2350.png,地铁 马来西亚 - 小红书搜索 - Google Chrome,2026-02-23T23:10:00,"Leisurely kitten
focus on
Rapid KL announced temporary service disruption between KLCC and Gombak with shuttle support at Pasar Seni.
Passengers shared delay slip and crowding evidence during rush hour
Rapid KL staff guided queue and temporary shuttle arrangement
There are 10 comments in total
author
reply
Show 1 replies
Say something",Rapid KL announced temporary service disruption between KLCC and Gombak with shuttle support at Pasar Seni Passengers shared delay slip and crowding evidence during rush hour Rapid KL staff guided queue and temporary shuttle arrangement There are 10 comments in total author reply Show 1 replies Say something,1,incident_service_disruption,synthetic_mock
lrtkelanajaya线 - 小红书搜索 - Google Chrome,2351,mock_post_2351.png,lrtkelanajaya线 - 小红书搜索 - Google Chrome,2026-02-23T23:11:00,"Little Red Potato 66A1
focus on
Commuting to work was smooth and station crowd level was manageable today at KL Sentral.
People shared regular commute and station photos
No emergency notice was posted
There are 7 comments in total
author
reply
Show 1 replies
Say something",Commuting to work was smooth and station crowd level was manageable today at KL Sentral People shared regular commute and station photos No emergency notice was posted There are 7 comments in total author reply Show 1 replies Say something,0,normal_commute,synthetic_mock
lrtkelanajaya故障 - 小红书搜索 - Google Chrome,2352,mock_post_2352.png,lrtkelanajaya故障 - 小红书搜索 - Google Chrome,2026-02-23T23:12:00,"KL daily commuter
focus on
LRT Kelana Jaya line had a signaling issue during peak hour and trains moved slowly at Pasar Seni.
Passengers shared delay slip and crowding evidence during rush hour
Rapid KL staff guided queue and temporary shuttle arrangement
There are 8 comments in total
author
reply
Show 2 replies
Say something",LRT Kelana Jaya line had a signaling issue during peak hour and trains moved slowly at Pasar Seni Passengers shared delay slip and crowding evidence during rush hour Rapid KL staff guided queue and temporary shuttle arrangement There are 8 comments in total author reply Show 2 replies Say something,1,incident_breakdown,synthetic_mock
🇲🇾LRT KelanajayaLine通告，列车降速 - 小红书 - Google Chrome,2353,mock_post_2353.png,🇲🇾LRT KelanajayaLine通告，列车降速 - 小红书 - Google Chrome,2026-02-23T23:13:00,"Little Red Potato 66A1
focus on
No disruption observed and transfer between lines completed without waiting at Wangsa Maju.
People shared regular commute and station photos
No emergency notice was posted
There are 2 comments in total
author
reply
Show 2 replies
Say something",No disruption observed and transfer between lines completed without waiting at Wangsa Maju People shared regular commute and station photos No emergency notice was posted There are 2 comments in total author reply Show 2 replies Say something,0,normal_no_incident,synthetic_mock
lrt is bad again - Xiaohongshu search - Google Chrome,2354,mock_post_2354.png,lrt is bad again - Xiaohongshu search - Google Chrome,2026-02-23T23:14:00,"Little Red Potato 66A1
focus on
Kelana Jaya line maintenance phase affected frequency and caused crowding at stations at Kelana Jaya.
Passengers shared delay slip and crowding evidence during rush hour
Rapid KL staff guided queue and temporary shuttle arrangement
Malaysia transport update 2025-11-04
There are 15 comments in total
author
reply
Show 2 replies
Say something",Kelana Jaya line maintenance phase affected frequency and caused crowding at stations at Kelana Jaya Passengers shared delay slip and crowding evidence during rush hour Rapid KL staff guided queue and temporary shuttle arrangement Malaysia transport update 2025 11 04 There are 15 comments in total author reply Show 2 replies Say something,1,incident_maintenance_impact,synthetic_mock
lrtkelanajaya线 - 小红书搜索 - Google Chrome,2355,mock_post_2355.png,lrtkelanajaya线 - 小红书搜索 - Google Chrome,2026-02-23T23:15:00,"Ootashi store
focus on
General city transport post not related to outage or malfunction at Ampang Park.
People shared regular commute and station photos
No emergency notice was posted
There are 10 comments in total
author
reply
Show 3 replies
Say something",General city transport post not related to outage or malfunction at Ampang Park People shared regular commute and station photos No emergency notice was posted There are 10 comments in total author reply Show 3 replies Say something,0,normal_general,synthetic_mock
lrtkelanajaya故障 - 小红书搜索 - Google Chrome,2356,mock_post_2356.png,lrtkelanajaya故障 - 小红书搜索 - Google Chrome,2026-02-23T23:16:00,"Ootashi store
focus on
Passengers were asked to get off at Pasar Seni due to train fault and wait for replacement at KL Sentral.
Passengers shared delay slip and crowding evidence during rush hour
Rapid KL staff guided queue and temporary shuttle arrangement
Malaysia transport update 2026-10-12
There are 8 comments in total
author
reply
Show 3 replies
Say something",Passengers were asked to get off at Pasar Seni due to train fault and wait for replacement at KL Sentral Passengers shared delay slip and crowding evidence during rush hour Rapid KL staff guided queue and temporary shuttle arrangement Malaysia transport update 2026 10 12 There are 8 comments in total author reply Show 3 replies Say something,1,incident_train_fault,synthetic_mock
lrt klcc - 小红书搜索 - Google Chrome,2357,mock_post_2357.png,lrt klcc - 小红书搜索 - Google Chrome,2026-02-23T23:17:00,"KL daily commuter
focus on
General city transport post not related to outage or malfunction at Masjid Jamek.
People shared regular commute and station photos
No emergency notice was posted
Malaysia transport update 2025-01-12
There are 14 comments in total
author
reply
Show 3 replies
Say something",General city transport post not related to outage or malfunction at Masjid Jamek People shared regular commute and station photos No emergency notice was posted Malaysia transport update 2025 01 12 There are 14 comments in total author reply Show 3 replies Say something,0,normal_general,synthetic_mock
🇲🇾LRT KelanajayaLine通告，列车降速 - 小红书 - Google Chrome,2358,mock_post_2358.png,🇲🇾LRT KelanajayaLine通告，列车降速 - 小红书 - Google Chrome,2026-02-23T23:18:00,"Little Red Potato 66A1
focus on
Rapid KL announced temporary service disruption between KLCC and Gombak with shuttle support at KL Sentral.
Passengers shared delay slip and crowding evidence during rush hour
Rapid KL staff guided queue and temporary shuttle arrangement
Malaysia transport update 2024-09-26
There are 5 comments in total
author
reply
Show 2 replies
Say something",Rapid KL announced temporary service disruption between KLCC and Gombak with shuttle support at KL Sentral Passengers shared delay slip and crowding evidence during rush hour Rapid KL staff guided queue and temporary shuttle arrangement Malaysia transport update 2024 09 26 There are 5 comments in total author reply Show 2 replies Say something,1,incident_service_disruption,synthetic_mock
🇲🇾LRT KelanajayaLine通告，列车降速 - 小红书 - Google Chrome,2359,mock_post_2359.png,🇲🇾LRT KelanajayaLine通告，列车降速 - 小红书 - Google Chrome,2026-02-23T23:19:00,"City transit watcher
focus on
Commuting to work was smooth and station crowd level was manageable today at Masjid Jamek.
People shared regular commute and station photos
No emergency notice was posted
Malaysia transport update 2026-05-03
There are 18 comments in total
author
reply
Show 2 replies
Say something",Commuting to work was smooth and station crowd level was manageable today at Masjid Jamek People shared regular commute and station photos No emergency notice was posted Malaysia transport update 2026 05 03 There are 18 comments in total author reply Show 2 replies Say something,0,normal_commute,synthetic_mock
地铁 马来西亚 - 小红书搜索 - Google Chrome,2360,mock_post_2360.png,地铁 马来西亚 - 小红书搜索 - Google Chrome,2026-02-23T23:20:00,"Rapid commuter diary
focus on
Power trip caused brief outage and service resumed after technicians completed repair at Putra Heights.
Passengers shared delay slip and crowding evidence during rush hour
Rapid KL staff guided queue and temporary shuttle arrangement
There are 7 comments in total
author
reply
Show 1 replies
Say something",Power trip caused brief outage and service resumed after technicians completed repair at Putra Heights Passengers shared delay slip and crowding evidence during rush hour Rapid KL staff guided queue and temporary shuttle arrangement There are 7 comments in total author reply Show 1 replies Say something,1,incident_power_outage,synthetic_mock
地铁 马来西亚 - 小红书搜索 - Google Chrome,2361,mock_post_2361.png,地铁 马来西亚 - 小红书搜索 - Google Chrome,2026-02-23T23:21:00,"Xiaoxuan Talk Malaysia Official
focus on
No disruption observed and transfer between lines completed without waiting at Wangsa Maju.
People shared regular commute and station photos
No emergency notice was posted
There are 5 comments in total
author
reply
Show 1 replies
Say something",No disruption observed and transfer between lines completed without waiting at Wangsa Maju People shared regular commute and station photos No emergency notice was posted There are 5 comments in total author reply Show 1 replies Say something,0,normal_no_incident,synthetic_mock
lrtkelanajaya线 - 小红书搜索 - Google Chrome,2362,mock_post_2362.png,lrtkelanajaya线 - 小红书搜索 - Google Chrome,2026-02-23T23:22:00,"Leisurely kitten
focus on
Commuters reported long queue and train delay after track maintenance at Universiti station at KL Sentral.
Passengers shared delay slip and crowding evidence during rush hour
Rapid KL staff guided queue and temporary shuttle arrangement
There are 4 comments in total
author
reply
Show 2 replies
Say something",Commuters reported long queue and train delay after track maintenance at Universiti station at KL Sentral Passengers shared delay slip and crowding evidence during rush hour Rapid KL staff guided queue and temporary shuttle arrangement There are 4 comments in total author reply Show 2 replies Say something,1,incident_delay,synthetic_mock
🇲🇾LRT停运 注意了‼️ - 小红书 - Google Chrome,2363,mock_post_2363.png,🇲🇾LRT停运 注意了‼️ - 小红书 - Google Chrome,2026-02-23T23:23:00,"Little Red Potato 66A1
focus on
Commuting to work was smooth and station crowd level was manageable today at Wangsa Maju.
People shared regular commute and station photos
No emergency notice was posted
Malaysia transport update 2026-05-28
There are 17 comments in total
author
reply
Show 2 replies
Say something",Commuting to work was smooth and station crowd level was manageable today at Wangsa Maju People shared regular commute and station photos No emergency notice was posted Malaysia transport update 2026 05 28 There are 17 comments in total author reply Show 2 replies Say something,0,normal_commute,synthetic_mock
lrt is bad again - Xiaohongshu search - Google Chrome,2364,mock_post_2364.png,lrt is bad again - Xiaohongshu search - Google Chrome,2026-02-23T23:24:00,"KL daily commuter
focus on
LRT Kelana Jaya line had a signaling issue during peak hour and trains moved slowly at Kelana Jaya.
Passengers shared delay slip and crowding evidence during rush hour
Rapid KL staff guided queue and temporary shuttle arrangement
There are 16 comments in total
author
reply
Show 1 replies
Say something",LRT Kelana Jaya line had a signaling issue during peak hour and trains moved slowly at Kelana Jaya Passengers shared delay slip and crowding evidence during rush hour Rapid KL staff guided queue and temporary shuttle arrangement There are 16 comments in total author reply Show 1 replies Say something,1,incident_breakdown,synthetic_mock
lrt is bad again - Xiaohongshu search - Google Chrome,2365,mock_post_2365.png,lrt is bad again - Xiaohongshu search - Google Chrome,2026-02-23T23:25:00,"Rapid commuter diary
focus on
Normal operation resumed and train intervals are back to schedule at Masjid Jamek.
People shared regular commute and station photos
No emergency notice was posted
There are 13 comments in total
author
reply
Show 1 replies
Say something",Normal operation resumed and train intervals are back to schedule at Masjid Jamek People shared regular commute and station photos No emergency notice was posted There are 13 comments in total author reply Show 1 replies Say something,0,normal_operation,synthetic_mock
lrt is bad again - Xiaohongshu search - Google Chrome,2366,mock_post_2366.png,lrt is bad again - Xiaohongshu search - Google Chrome,2026-02-23T23:26:00,"Little Red Potato 66A1
focus on
LRT Kelana Jaya line had a signaling issue during peak hour and trains moved slowly at Wangsa Maju.
Passengers shared delay slip and crowding evidence during rush hour
Rapid KL staff guided queue and temporary shuttle arrangement
Malaysia transport update 2024-11-07
There are 11 comments in total
author
reply
Show 1 replies
Say something",LRT Kelana Jaya line had a signaling issue during peak hour and trains moved slowly at Wangsa Maju Passengers shared delay slip and crowding evidence during rush hour Rapid KL staff guided queue and temporary shuttle arrangement Malaysia transport update 2024 11 07 There are 11 comments in total author reply Show 1 replies Say something,1,incident_breakdown,synthetic_mock
🇲🇾LRT KelanajayaLine通告，列车降速 - 小红书 - Google Chrome,2367,mock_post_2367.png,🇲🇾LRT KelanajayaLine通告，列车降速 - 小红书 - Google Chrome,2026-02-23T23:27:00,"Little Red Potato 66A1
focus on
Normal operation resumed and train intervals are back to schedule at Wangsa Maju.
People shared regular commute and station photos
No emergency notice was posted
Malaysia transport update 2026-05-03
There are 10 comments in total
author
reply
Show 3 replies
Say something",Normal operation resumed and train intervals are back to schedule at Wangsa Maju People shared regular commute and station photos No emergency notice was posted Malaysia transport update 2026 05 03 There are 10 comments in total author reply Show 3 replies Say something,0,normal_operation,synthetic_mock
mrtkajang问题 - 小红书搜索 - Google Chrome,2368,mock_post_2368.png,mrtkajang问题 - 小红书搜索 - Google Chrome,2026-02-23T23:28:00,"Xiaoxuan Talk Malaysia Official
focus on
LRT Kelana Jaya line had a signaling issue during peak hour and trains moved slowly at Putra Heights.
Passengers shared delay slip and crowding evidence during rush hour
Rapid KL staff guided queue and temporary shuttle arrangement
Malaysia transport update 2024-11-17
There are 7 comments in total
author
reply
Show 3 replies
Say something",LRT Kelana Jaya line had a signaling issue during peak hour and trains moved slowly at Putra Heights Passengers shared delay slip and crowding evidence during rush hour Rapid KL staff guided queue and temporary shuttle arrangement Malaysia transport update 2024 11 17 There are 7 comments in total author reply Show 3 replies Say something,1,incident_breakdown,synthetic_mock
lrt is bad again - Xiaohongshu search - Google Chrome,2369,mock_post_2369.png,lrt is bad again - Xiaohongshu search - Google Chrome,2026-02-23T23:29:00,"City transit watcher
focus on
General city transport post not related to outage or malfunction at Wangsa Maju.
People shared regular commute and station photos
No emergency notice was posted
Malaysia transport update 2026-06-08
There are 9 comments in total
author
reply
Show 2 replies
Say something",General city transport post not related to outage or malfunction at Wangsa Maju People shared regular commute and station photos No emergency notice was posted Malaysia transport update 2026 06 08 There are 9 comments in total author reply Show 2 replies Say something,0,normal_general,synthetic_mock
lrt is bad again - Xiaohongshu search - Google Chrome,2370,mock_post_2370.png,lrt is bad again - Xiaohongshu search - Google Chrome,2026-02-23T23:30:00,"Rapid commuter diary
focus on
Power trip caused brief outage and service resumed after technicians completed repair at Ampang Park.
Passengers shared delay slip and crowding evidence during rush hour
Rapid KL staff guided queue and temporary shuttle arrangement
There are 13 comments in total
author
reply
Show 1 replies
Say something",Power trip caused brief outage and service resumed after technicians completed repair at Ampang Park Passengers shared delay slip and crowding evidence during rush hour Rapid KL staff guided queue and temporary shuttle arrangement There are 13 comments in total author reply Show 1 replies Say something,1,incident_power_outage,synthetic_mock
lrtkelanajaya故障 - 小红书搜索 - Google Chrome,2371,mock_post_2371.png,lrtkelanajaya故障 - 小红书搜索 - Google Chrome,2026-02-23T23:31:00,"Ootashi store
focus on
General city transport post not related to outage or malfunction at Ampang Park.
People shared regular commute and station photos
No emergency notice was posted
There are 14 comments in total
author
reply
Show 3 replies
Say something",General city transport post not related to outage or malfunction at Ampang Park People shared regular commute and station photos No emergency notice was posted There are 14 comments in total author reply Show 3 replies Say something,0,normal_general,synthetic_mock
🇲🇾LRT停运 注意了‼️ - 小红书 - Google Chrome,2372,mock_post_2372.png,🇲🇾LRT停运 注意了‼️ - 小红书 - Google Chrome,2026-02-23T23:32:00,"Leisurely kitten
focus on
Passengers were asked to get off at Pasar Seni due to train fault and wait for replacement at Pasar Seni.
Passengers shared delay slip and crowding evidence during rush hour
Rapid KL staff guided queue and temporary shuttle arrangement
Malaysia transport update 2024-12-28
There are 16 comments in total
author
reply
Show 3 replies
Say something",Passengers were asked to get off at Pasar Seni due to train fault and wait for replacement at Pasar Seni Passengers shared delay slip and crowding evidence during rush hour Rapid KL staff guided queue and temporary shuttle arrangement Malaysia transport update 2024 12 28 There are 16 comments in total author reply Show 3 replies Say something,1,incident_train_fault,synthetic_mock
lrt is bad again - Xiaohongshu search - Google Chrome,2373,mock_post_2373.png,lrt is bad again - Xiaohongshu search - Google Chrome,2026-02-23T23:33:00,"Xiaoxuan Talk Malaysia Official
focus on
No disruption observed and transfer between lines completed without waiting at Wangsa Maju.
People shared regular commute and station photos
No emergency notice was posted
There are 3 comments in total
author
reply
Show 2 replies
Say something",No disruption observed and transfer between lines completed without waiting at Wangsa Maju People shared regular commute and station photos No emergency notice was posted There are 3 comments in total author reply Show 2 replies Say something,0,normal_no_incident,synthetic_mock
lrtkelanajaya线 - 小红书搜索 - Google Chrome,2374,mock_post_2374.png,lrtkelanajaya线 - 小红书搜索 - Google Chrome,2026-02-23T23:34:00,"City transit watcher
focus on
Power trip caused brief outage and service resumed after technicians completed repair at Masjid Jamek.
Passengers shared delay slip and crowding evidence during rush hour
Rapid KL staff guided queue and temporary shuttle arrangement
Malaysia transport update 2024-04-07
There are 7 comments in total
author
reply
Show 2 replies
Say something",Power trip caused brief outage and service resumed after technicians completed repair at Masjid Jamek Passengers shared delay slip and crowding evidence during rush hour Rapid KL staff guided queue and temporary shuttle arrangement Malaysia transport update 2024 04 07 There are 7 comments in total author reply Show 2 replies Say something,1,incident_power_outage,synthetic_mock
mrtkajang问题 - 小红书搜索 - Google Chrome,2375,mock_post_2375.png,mrtkajang问题 - 小红书搜索 - Google Chrome,2026-02-23T23:35:00,"Leisurely kitten
focus on
Normal operation resumed and train intervals are back to schedule at Pasar Seni.
People shared regular commute and station photos
No emergency notice was posted
Malaysia transport update 2024-04-12
There are 13 comments in total
author
reply
Show 1 replies
Say something",Normal operation resumed and train intervals are back to schedule at Pasar Seni People shared regular commute and station photos No emergency notice was posted Malaysia transport update 2024 04 12 There are 13 comments in total author reply Show 1 replies Say something,0,normal_operation,synthetic_mock
lrtkelanajaya故障 - 小红书搜索 - Google Chrome,2376,mock_post_2376.png,lrtkelanajaya故障 - 小红书搜索 - Google Chrome,2026-02-23T23:36:00,"Rapid commuter diary
focus on
Passengers were asked to get off at Pasar Seni due to train fault and wait for replacement at KLCC.
Passengers shared delay slip and crowding evidence during rush hour
Rapid KL staff guided queue and temporary shuttle arrangement
Malaysia transport update 2024-11-04
There are 3 comments in total
author
reply
Show 3 replies
Say something",Passengers were asked to get off at Pasar Seni due to train fault and wait for replacement at KLCC Passengers shared delay slip and crowding evidence during rush hour Rapid KL staff guided queue and temporary shuttle arrangement Malaysia transport update 2024 11 04 There are 3 comments in total author reply Show 3 replies Say something,1,incident_train_fault,synthetic_mock
mrt fault - 小红书搜索 - Google Chrome,2377,mock_post_2377.png,mrt fault - 小红书搜索 - Google Chrome,2026-02-23T23:37:00,"Xiaoxuan Talk Malaysia Official
focus on
Normal operation resumed and train intervals are back to schedule at Wangsa Maju.
People shared regular commute and station photos
No emergency notice was posted
Malaysia transport update 2025-04-27
There are 17 comments in total
author
reply
Show 3 replies
Say something",Normal operation resumed and train intervals are back to schedule at Wangsa Maju People shared regular commute and station photos No emergency notice was posted Malaysia transport update 2025 04 27 There are 17 comments in total author reply Show 3 replies Say something,0,normal_operation,synthetic_mock
mrtkajang问题 - 小红书搜索 - Google Chrome,2378,mock_post_2378.png,mrtkajang问题 - 小红书搜索 - Google Chrome,2026-02-23T23:38:00,"Rapid commuter diary
focus on
Rapid KL announced temporary service disruption between KLCC and Gombak with shuttle support at Ampang Park.
Passengers shared delay slip and crowding evidence during rush hour
Rapid KL staff guided queue and temporary shuttle arrangement
Malaysia transport update 2025-07-04
There are 7 comments in total
author
reply
Show 1 replies
Say something",Rapid KL announced temporary service disruption between KLCC and Gombak with shuttle support at Ampang Park Passengers shared delay slip and crowding evidence during rush hour Rapid KL staff guided queue and temporary shuttle arrangement Malaysia transport update 2025 07 04 There are 7 comments in total author reply Show 1 replies Say something,1,incident_service_disruption,synthetic_mock
mrt fault - 小红书搜索 - Google Chrome,2379,mock_post_2379.png,mrt fault - 小红书搜索 - Google Chrome,2026-02-23T23:39:00,"Leisurely kitten
focus on
Normal operation resumed and train intervals are back to schedule at Masjid Jamek.
People shared regular commute and station photos
No emergency notice was posted
Malaysia transport update 2026-01-24
There are 6 comments in total
author
reply
Show 3 replies
Say something",Normal operation resumed and train intervals are back to schedule at Masjid Jamek People shared regular commute and station photos No emergency notice was posted Malaysia transport update 2026 01 24 There are 6 comments in total author reply Show 3 replies Say something,0,normal_operation,synthetic_mock
mrt - 小红书搜索 - Google Chrome,2380,mock_post_2380.png,mrt - 小红书搜索 - Google Chrome,2026-02-23T23:40:00,"KL daily commuter
focus on
LRT Kelana Jaya line had a signaling issue during peak hour and trains moved slowly at Pasar Seni.
Passengers shared delay slip and crowding evidence during rush hour
Rapid KL staff guided queue and temporary shuttle arrangement
Malaysia transport update 2026-01-27
There are 4 comments in total
author
reply
Show 2 replies
Say something",LRT Kelana Jaya line had a signaling issue during peak hour and trains moved slowly at Pasar Seni Passengers shared delay slip and crowding evidence during rush hour Rapid KL staff guided queue and temporary shuttle arrangement Malaysia transport update 2026 01 27 There are 4 comments in total author reply Show 2 replies Say something,1,incident_breakdown,synthetic_mock
mrtkajang问题 - 小红书搜索 - Google Chrome,2381,mock_post_2381.png,mrtkajang问题 - 小红书搜索 - Google Chrome,2026-02-23T23:41:00,"Ootashi store
focus on
Commuting to work was smooth and station crowd level was manageable today at Kelana Jaya.
People shared regular commute and station photos
No emergency notice was posted
Malaysia transport update 2026-05-27
There are 4 comments in total
author
reply
Show 2 replies
Say something",Commuting to work was smooth and station crowd level was manageable today at Kelana Jaya People shared regular commute and station photos No emergency notice was posted Malaysia transport update 2026 05 27 There are 4 comments in total author reply Show 2 replies Say something,0,normal_commute,synthetic_mock
地铁 马来西亚 - 小红书搜索 - Google Chrome,2382,mock_post_2382.png,地铁 马来西亚 - 小红书搜索 - Google Chrome,2026-02-23T23:42:00,"Ootashi store
focus on
Passengers were asked to get off at Pasar Seni due to train fault and wait for replacement at KLCC.
Passengers shared delay slip and crowding evidence during rush hour
Rapid KL staff guided queue and temporary shuttle arrangement
There are 16 comments in total
author
reply
Show 3 replies
Say something",Passengers were asked to get off at Pasar Seni due to train fault and wait for replacement at KLCC Passengers shared delay slip and crowding evidence during rush hour Rapid KL staff guided queue and temporary shuttle arrangement There are 16 comments in total author reply Show 3 replies Say something,1,incident_train_fault,synthetic_mock
地铁 马来西亚 - 小红书搜索 - Google Chrome,2383,mock_post_2383.png,地铁 马来西亚 - 小红书搜索 - Google Chrome,2026-02-23T23:43:00,"Xiaoxuan Talk Malaysia Official
focus on
Service update says all lines are stable with no major delay this morning at Pasar Seni.
People shared regular commute and station photos
No emergency notice was posted
Malaysia transport update 2024-11-03
There are 16 comments in total
author
reply
Show 3 replies
Say something",Service update says all lines are stable with no major delay this morning at Pasar Seni People shared regular commute and station photos No emergency notice was posted Malaysia transport update 2024 11 03 There are 16 comments in total author reply Show 3 replies Say something,0,normal_update,synthetic_mock
mrtkajang问题 - 小红书搜索 - Google Chrome,2384,mock_post_2384.png,mrtkajang问题 - 小红书搜索 - Google Chrome,2026-02-23T23:44:00,"City transit watcher
focus on
Rapid KL announced temporary service disruption between KLCC and Gombak with shuttle support at KLCC.
Passengers shared delay slip and crowding evidence during rush hour
Rapid KL staff guided queue and temporary shuttle arrangement
Malaysia transport update 2026-07-06
There are 18 comments in total
author
reply
Show 2 replies
Say something",Rapid KL announced temporary service disruption between KLCC and Gombak with shuttle support at KLCC Passengers shared delay slip and crowding evidence during rush hour Rapid KL staff guided queue and temporary shuttle arrangement Malaysia transport update 2026 07 06 There are 18 comments in total author reply Show 2 replies Say something,1,incident_service_disruption,synthetic_mock
lrt klcc - 小红书搜索 - Google Chrome,2385,mock_post_2385.png,lrt klcc - 小红书搜索 - Google Chrome,2026-02-23T23:45:00,"Rapid commuter diary
focus on
General city transport post not related to outage or malfunction at KL Sentral.
People shared regular commute and station photos
No emergency notice was posted
Malaysia transport update 2025-04-28
There are 18 comments in total
author
reply
Show 1 replies
Say something",General city transport post not related to outage or malfunction at KL Sentral People shared regular commute and station photos No emergency notice was posted Malaysia transport update 2025 04 28 There are 18 comments in total author reply Show 1 replies Say something,0,normal_general,synthetic_mock
lrt is bad again - Xiaohongshu search - Google Chrome,2386,mock_post_2386.png,lrt is bad again - Xiaohongshu search - Google Chrome,2026-02-23T23:46:00,"Little Red Potato 66A1
focus on
Passengers were asked to get off at Pasar Seni due to train fault and wait for replacement at Pasar Seni.
Passengers shared delay slip and crowding evidence during rush hour
Rapid KL staff guided queue and temporary shuttle arrangement
There are 11 comments in total
author
reply
Show 2 replies
Say something",Passengers were asked to get off at Pasar Seni due to train fault and wait for replacement at Pasar Seni Passengers shared delay slip and crowding evidence during rush hour Rapid KL staff guided queue and temporary shuttle arrangement There are 11 comments in total author reply Show 2 replies Say something,1,incident_train_fault,synthetic_mock
🇲🇾LRT KelanajayaLine通告，列车降速 - 小红书 - Google Chrome,2387,mock_post_2387.png,🇲🇾LRT KelanajayaLine通告，列车降速 - 小红书 - Google Chrome,2026-02-23T23:47:00,"Little Red Potato 66A1
focus on
Commuting to work was smooth and station crowd level was manageable today at Universiti.
People shared regular commute and station photos
No emergency notice was posted
There are 1 comments in total
author
reply
Show 2 replies
Say something",Commuting to work was smooth and station crowd level was manageable today at Universiti People shared regular commute and station photos No emergency notice was posted There are 1 comments in total author reply Show 2 replies Say something,0,normal_commute,synthetic_mock
mrtkajang问题 - 小红书搜索 - Google Chrome,2388,mock_post_2388.png,mrtkajang问题 - 小红书搜索 - Google Chrome,2026-02-23T23:48:00,"Rapid commuter diary
focus on
Passengers were asked to get off at Pasar Seni due to train fault and wait for replacement at Wangsa Maju.
Passengers shared delay slip and crowding evidence during rush hour
Rapid KL staff guided queue and temporary shuttle arrangement
There are 4 comments in total
author
reply
Show 2 replies
Say something",Passengers were asked to get off at Pasar Seni due to train fault and wait for replacement at Wangsa Maju Passengers shared delay slip and crowding evidence during rush hour Rapid KL staff guided queue and temporary shuttle arrangement There are 4 comments in total author reply Show 2 replies Say something,1,incident_train_fault,synthetic_mock
mrt kajang - 小红书搜索 - Google Chrome,2389,mock_post_2389.png,mrt kajang - 小红书搜索 - Google Chrome,2026-02-23T23:49:00,"Rapid commuter diary
focus on
General city transport post not related to outage or malfunction at Kelana Jaya.
People shared regular commute and station photos
No emergency notice was posted
There are 16 comments in total
author
reply
Show 1 replies
Say something",General city transport post not related to outage or malfunction at Kelana Jaya People shared regular commute and station photos No emergency notice was posted There are 16 comments in total author reply Show 1 replies Say something,0,normal_general,synthetic_mock
mrt kajang - 小红书搜索 - Google Chrome,2390,mock_post_2390.png,mrt kajang - 小红书搜索 - Google Chrome,2026-02-23T23:50:00,"KL daily commuter
focus on
Passengers were asked to get off at Pasar Seni due to train fault and wait for replacement at Pasar Seni.
Passengers shared delay slip and crowding evidence during rush hour
Rapid KL staff guided queue and temporary shuttle arrangement
There are 12 comments in total
author
reply
Show 1 replies
Say something",Passengers were asked to get off at Pasar Seni due to train fault and wait for replacement at Pasar Seni Passengers shared delay slip and crowding evidence during rush hour Rapid KL staff guided queue and temporary shuttle arrangement There are 12 comments in total author reply Show 1 replies Say something,1,incident_train_fault,synthetic_mock
lrtkelanajaya线 - 小红书搜索 - Google Chrome,2391,mock_post_2391.png,lrtkelanajaya线 - 小红书搜索 - Google Chrome,2026-02-23T23:51:00,"Xiaoxuan Talk Malaysia Official
focus on
Routine travel post about route tips and fare sharing at Pasar Seni.
People shared regular commute and station photos
No emergency notice was posted
There are 6 comments in total
author
reply
Show 1 replies
Say something",Routine travel post about route tips and fare sharing at Pasar Seni People shared regular commute and station photos No emergency notice was posted There are 6 comments in total author reply Show 1 replies Say something,0,normal_travel_tip,synthetic_mock
🇲🇾LRT停运 注意了‼️ - 小红书 - Google Chrome,2392,mock_post_2392.png,🇲🇾LRT停运 注意了‼️ - 小红书 - Google Chrome,2026-02-23T23:52:00,"Leisurely kitten
focus on
Kelana Jaya line maintenance phase affected frequency and caused crowding at stations at Putra Heights.
Passengers shared delay slip and crowding evidence during rush hour
Rapid KL staff guided queue and temporary shuttle arrangement
There are 3 comments in total
author
reply
Show 2 replies
Say something",Kelana Jaya line maintenance phase affected frequency and caused crowding at stations at Putra Heights Passengers shared delay slip and crowding evidence during rush hour Rapid KL staff guided queue and temporary shuttle arrangement There are 3 comments in total author reply Show 2 replies Say something,1,incident_maintenance_impact,synthetic_mock
lrt klcc - 小红书搜索 - Google Chrome,2393,mock_post_2393.png,lrt klcc - 小红书搜索 - Google Chrome,2026-02-23T23:53:00,"Xiaoxuan Talk Malaysia Official
focus on
General city transport post not related to outage or malfunction at Putra Heights.
People shared regular commute and station photos
No emergency notice was posted
There are 18 comments in total
author
reply
Show 2 replies
Say something",General city transport post not related to outage or malfunction at Putra Heights People shared regular commute and station photos No emergency notice was posted There are 18 comments in total author reply Show 2 replies Say something,0,normal_general,synthetic_mock
🇲🇾LRT停运 注意了‼️ - 小红书 - Google Chrome,2394,mock_post_2394.png,🇲🇾LRT停运 注意了‼️ - 小红书 - Google Chrome,2026-02-23T23:54:00,"Rapid commuter diary
focus on
Kelana Jaya line maintenance phase affected frequency and caused crowding at stations at Gombak.
Passengers shared delay slip and crowding evidence during rush hour
Rapid KL staff guided queue and temporary shuttle arrangement
There are 3 comments in total
author
reply
Show 3 replies
Say something",Kelana Jaya line maintenance phase affected frequency and caused crowding at stations at Gombak Passengers shared delay slip and crowding evidence during rush hour Rapid KL staff guided queue and temporary shuttle arrangement There are 3 comments in total author reply Show 3 replies Say something,1,incident_maintenance_impact,synthetic_mock
🇲🇾LRT KelanajayaLine通告，列车降速 - 小红书 - Google Chrome,2395,mock_post_2395.png,🇲🇾LRT KelanajayaLine通告，列车降速 - 小红书 - Google Chrome,2026-02-23T23:55:00,"Little Red Potato 66A1
focus on
Service update says all lines are stable with no major delay this morning at KLCC.
People shared regular commute and station photos
No emergency notice was posted
Malaysia transport update 2026-07-15
There are 2 comments in total
author
reply
Show 3 replies
Say something",Service update says all lines are stable with no major delay this morning at KLCC People shared regular commute and station photos No emergency notice was posted Malaysia transport update 2026 07 15 There are 2 comments in total author reply Show 3 replies Say something,0,normal_update,synthetic_mock
lrtkelanajaya故障 - 小红书搜索 - Google Chrome,2396,mock_post_2396.png,lrtkelanajaya故障 - 小红书搜索 - Google Chrome,2026-02-23T23:56:00,"Ootashi store
focus on
Passengers were asked to get off at Pasar Seni due to train fault and wait for replacement at Gombak.
Passengers shared delay slip and crowding evidence during rush hour
Rapid KL staff guided queue and temporary shuttle arrangement
Malaysia transport update 2026-09-10
There are 18 comments in total
author
reply
Show 1 replies
Say something",Passengers were asked to get off at Pasar Seni due to train fault and wait for replacement at Gombak Passengers shared delay slip and crowding evidence during rush hour Rapid KL staff guided queue and temporary shuttle arrangement Malaysia transport update 2026 09 10 There are 18 comments in total author reply Show 1 replies Say something,1,incident_train_fault,synthetic_mock
地铁 马来西亚 - 小红书搜索 - Google Chrome,2397,mock_post_2397.png,地铁 马来西亚 - 小红书搜索 - Google Chrome,2026-02-23T23:57:00,"KL daily commuter
focus on
Service update says all lines are stable with no major delay this morning at Kelana Jaya.
People shared regular commute and station photos
No emergency notice was posted
Malaysia transport update 2024-10-23
There are 8 comments in total
author
reply
Show 3 replies
Say something",Service update says all lines are stable with no major delay this morning at Kelana Jaya People shared regular commute and station photos No emergency notice was posted Malaysia transport update 2024 10 23 There are 8 comments in total author reply Show 3 replies Say something,0,normal_update,synthetic_mock
🇲🇾LRT停运 注意了‼️ - 小红书 - Google Chrome,2398,mock_post_2398.png,🇲🇾LRT停运 注意了‼️ - 小红书 - Google Chrome,2026-02-23T23:58:00,"City transit watcher
focus on
Power trip caused brief outage and service resumed after technicians completed repair at KL Sentral.
Passengers shared delay slip and crowding evidence during rush hour
Rapid KL staff guided queue and temporary shuttle arrangement
There are 17 comments in total
author
reply
Show 2 replies
Say something",Power trip caused brief outage and service resumed after technicians completed repair at KL Sentral Passengers shared delay slip and crowding evidence during rush hour Rapid KL staff guided queue and temporary shuttle arrangement There are 17 comments in total author reply Show 2 replies Say something,1,incident_power_outage,synthetic_mock
lrt klcc - 小红书搜索 - Google Chrome,2399,mock_post_2399.png,lrt klcc - 小红书搜索 - Google Chrome,2026-02-23T23:59:00,"Little Red Potato 66A1
focus on
Service update says all lines are stable with no major delay this morning at Gombak.
People shared regular commute and station photos
No emergency notice was posted
Malaysia transport update 2026-10-17
There are 18 comments in total
author
reply
Show 3 replies
Say something",Service update says all lines are stable with no major delay this morning at Gombak People shared regular commute and station photos No emergency notice was posted Malaysia transport update 2026 10 17 There are 18 comments in total author reply Show 3 replies Say something,0,normal_update,synthetic_mock
🇲🇾LRT停运 注意了‼️ - 小红书 - Google Chrome,2400,mock_post_2400.png,🇲🇾LRT停运 注意了‼️ - 小红书 - Google Chrome,2026-02-24T00:00:00,"Leisurely kitten
focus on
Kelana Jaya line maintenance phase affected frequency and caused crowding at stations at KLCC.
Passengers shared delay slip and crowding evidence during rush hour
Rapid KL staff guided queue and temporary shuttle arrangement
Malaysia transport update 2026-09-17
There are 15 comments in total
author
reply
Show 1 replies
Say something",Kelana Jaya line maintenance phase affected frequency and caused crowding at stations at KLCC Passengers shared delay slip and crowding evidence during rush hour Rapid KL staff guided queue and temporary shuttle arrangement Malaysia transport update 2026 09 17 There are 15 comments in total author reply Show 1 replies Say something,1,incident_maintenance_impact,synthetic_mock
mrt kajang - 小红书搜索 - Google Chrome,2401,mock_post_2401.png,mrt kajang - 小红书搜索 - Google Chrome,2026-02-24T00:01:00,"Leisurely kitten
focus on
No disruption observed and transfer between lines completed without waiting at KLCC.
People shared regular commute and station photos
No emergency notice was posted
There are 8 comments in total
author
reply
Show 3 replies
Say something",No disruption observed and transfer between lines completed without waiting at KLCC People shared regular commute and station photos No emergency notice was posted There are 8 comments in total author reply Show 3 replies Say something,0,normal_no_incident,synthetic_mock
mrt kajang - 小红书搜索 - Google Chrome,2402,mock_post_2402.png,mrt kajang - 小红书搜索 - Google Chrome,2026-02-24T00:02:00,"Rapid commuter diary
focus on
Power trip caused brief outage and service resumed after technicians completed repair at Wangsa Maju.
Passengers shared delay slip and crowding evidence during rush hour
Rapid KL staff guided queue and temporary shuttle arrangement
Malaysia transport update 2026-03-01
There are 15 comments in total
author
reply
Show 2 replies
Say something",Power trip caused brief outage and service resumed after technicians completed repair at Wangsa Maju Passengers shared delay slip and crowding evidence during rush hour Rapid KL staff guided queue and temporary shuttle arrangement Malaysia transport update 2026 03 01 There are 15 comments in total author reply Show 2 replies Say something,1,incident_power_outage,synthetic_mock
🇲🇾LRT KelanajayaLine通告，列车降速 - 小红书 - Google Chrome,2403,mock_post_2403.png,🇲🇾LRT KelanajayaLine通告，列车降速 - 小红书 - Google Chrome,2026-02-24T00:03:00,"Xiaoxuan Talk Malaysia Official
focus on
Normal operation resumed and train intervals are back to schedule at KL Sentral.
People shared regular commute and station photos
No emergency notice was posted
There are 15 comments in total
author
reply
Show 2 replies
Say something",Normal operation resumed and train intervals are back to schedule at KL Sentral People shared regular commute and station photos No emergency notice was posted There are 15 comments in total author reply Show 2 replies Say something,0,normal_operation,synthetic_mock
lrtkelanajaya故障 - 小红书搜索 - Google Chrome,2404,mock_post_2404.png,lrtkelanajaya故障 - 小红书搜索 - Google Chrome,2026-02-24T00:04:00,"Rapid commuter diary
focus on
Passengers were asked to get off at Pasar Seni due to train fault and wait for replacement at Ampang Park.
Passengers shared delay slip and crowding evidence during rush hour
Rapid KL staff guided queue and temporary shuttle arrangement
Malaysia transport update 2026-10-14
There are 17 comments in total
author
reply
Show 2 replies
Say something",Passengers were asked to get off at Pasar Seni due to train fault and wait for replacement at Ampang Park Passengers shared delay slip and crowding evidence during rush hour Rapid KL staff guided queue and temporary shuttle arrangement Malaysia transport update 2026 10 14 There are 17 comments in total author reply Show 2 replies Say something,1,incident_train_fault,synthetic_mock
lrt is bad again - Xiaohongshu search - Google Chrome,2405,mock_post_2405.png,lrt is bad again - Xiaohongshu search - Google Chrome,2026-02-24T00:05:00,"Little Red Potato 66A1
focus on
Service update says all lines are stable with no major delay this morning at Putra Heights.
People shared regular commute and station photos
No emergency notice was posted
There are 16 comments in total
author
reply
Show 3 replies
Say something",Service update says all lines are stable with no major delay this morning at Putra Heights People shared regular commute and station photos No emergency notice was posted There are 16 comments in total author reply Show 3 replies Say something,0,normal_update,synthetic_mock
🇲🇾LRT停运 注意了‼️ - 小红书 - Google Chrome,2406,mock_post_2406.png,🇲🇾LRT停运 注意了‼️ - 小红书 - Google Chrome,2026-02-24T00:06:00,"Leisurely kitten
focus on
Kelana Jaya line maintenance phase affected frequency and caused crowding at stations at Masjid Jamek.
Passengers shared delay slip and crowding evidence during rush hour
Rapid KL staff guided queue and temporary shuttle arrangement
There are 1 comments in total
author
reply
Show 2 replies
Say something",Kelana Jaya line maintenance phase affected frequency and caused crowding at stations at Masjid Jamek Passengers shared delay slip and crowding evidence during rush hour Rapid KL staff guided queue and temporary shuttle arrangement There are 1 comments in total author reply Show 2 replies Say something,1,incident_maintenance_impact,synthetic_mock
mrt kajang - 小红书搜索 - Google Chrome,2407,mock_post_2407.png,mrt kajang - 小红书搜索 - Google Chrome,2026-02-24T00:07:00,"Leisurely kitten
focus on
Service update says all lines are stable with no major delay this morning at Universiti.
People shared regular commute and station photos
No emergency notice was posted
Malaysia transport update 2025-01-22
There are 12 comments in total
author
reply
Show 2 replies
Say something",Service update says all lines are stable with no major delay this morning at Universiti People shared regular commute and station photos No emergency notice was posted Malaysia transport update 2025 01 22 There are 12 comments in total author reply Show 2 replies Say something,0,normal_update,synthetic_mock
🇲🇾LRT停运 注意了‼️ - 小红书 - Google Chrome,2408,mock_post_2408.png,🇲🇾LRT停运 注意了‼️ - 小红书 - Google Chrome,2026-02-24T00:08:00,"Leisurely kitten
focus on
Kelana Jaya line maintenance phase affected frequency and caused crowding at stations at KL Sentral.
Passengers shared delay slip and crowding evidence during rush hour
Rapid KL staff guided queue and temporary shuttle arrangement
There are 2 comments in total
author
reply
Show 1 replies
Say something",Kelana Jaya line maintenance phase affected frequency and caused crowding at stations at KL Sentral Passengers shared delay slip and crowding evidence during rush hour Rapid KL staff guided queue and temporary shuttle arrangement There are 2 comments in total author reply Show 1 replies Say something,1,incident_maintenance_impact,synthetic_mock
mrt fault - 小红书搜索 - Google Chrome,2409,mock_post_2409.png,mrt fault - 小红书搜索 - Google Chrome,2026-02-24T00:09:00,"Leisurely kitten
focus on
Normal operation resumed and train intervals are back to schedule at Pasar Seni.
People shared regular commute and station photos
No emergency notice was posted
There are 6 comments in total
author
reply
Show 3 replies
Say something",Normal operation resumed and train intervals are back to schedule at Pasar Seni People shared regular commute and station photos No emergency notice was posted There are 6 comments in total author reply Show 3 replies Say something,0,normal_operation,synthetic_mock
lrtkelanajaya故障 - 小红书搜索 - Google Chrome,2410,mock_post_2410.png,lrtkelanajaya故障 - 小红书搜索 - Google Chrome,2026-02-24T00:10:00,"Leisurely kitten
focus on
Commuters reported long queue and train delay after track maintenance at Universiti station at Gombak.
Passengers shared delay slip and crowding evidence during rush hour
Rapid KL staff guided queue and temporary shuttle arrangement
Malaysia transport update 2026-07-15
There are 13 comments in total
author
reply
Show 1 replies
Say something",Commuters reported long queue and train delay after track maintenance at Universiti station at Gombak Passengers shared delay slip and crowding evidence during rush hour Rapid KL staff guided queue and temporary shuttle arrangement Malaysia transport update 2026 07 15 There are 13 comments in total author reply Show 1 replies Say something,1,incident_delay,synthetic_mock
🇲🇾LRT KelanajayaLine通告，列车降速 - 小红书 - Google Chrome,2411,mock_post_2411.png,🇲🇾LRT KelanajayaLine通告，列车降速 - 小红书 - Google Chrome,2026-02-24T00:11:00,"Leisurely kitten
focus on
Commuting to work was smooth and station crowd level was manageable today at KL Sentral.
People shared regular commute and station photos
No emergency notice was posted
Malaysia transport update 2024-11-05
There are 18 comments in total
author
reply
Show 3 replies
Say something",Commuting to work was smooth and station crowd level was manageable today at KL Sentral People shared regular commute and station photos No emergency notice was posted Malaysia transport update 2024 11 05 There are 18 comments in total author reply Show 3 replies Say something,0,normal_commute,synthetic_mock
🇲🇾LRT KelanajayaLine通告，列车降速 - 小红书 - Google Chrome,2412,mock_post_2412.png,🇲🇾LRT KelanajayaLine通告，列车降速 - 小红书 - Google Chrome,2026-02-24T00:12:00,"KL daily commuter
focus on
Commuters reported long queue and train delay after track maintenance at Universiti station at Wangsa Maju.
Passengers shared delay slip and crowding evidence during rush hour
Rapid KL staff guided queue and temporary shuttle arrangement
There are 7 comments in total
author
reply
Show 3 replies
Say something",Commuters reported long queue and train delay after track maintenance at Universiti station at Wangsa Maju Passengers shared delay slip and crowding evidence during rush hour Rapid KL staff guided queue and temporary shuttle arrangement There are 7 comments in total author reply Show 3 replies Say something,1,incident_delay,synthetic_mock
地铁 马来西亚 - 小红书搜索 - Google Chrome,2413,mock_post_2413.png,地铁 马来西亚 - 小红书搜索 - Google Chrome,2026-02-24T00:13:00,"Rapid commuter diary
focus on
Normal operation resumed and train intervals are back to schedule at Putra Heights.
People shared regular commute and station photos
No emergency notice was posted
Malaysia transport update 2024-11-22
There are 11 comments in total
author
reply
Show 1 replies
Say something",Normal operation resumed and train intervals are back to schedule at Putra Heights People shared regular commute and station photos No emergency notice was posted Malaysia transport update 2024 11 22 There are 11 comments in total author reply Show 1 replies Say something,0,normal_operation,synthetic_mock
lrtkelanajaya故障 - 小红书搜索 - Google Chrome,2414,mock_post_2414.png,lrtkelanajaya故障 - 小红书搜索 - Google Chrome,2026-02-24T00:14:00,"Ootashi store
focus on
Commuters reported long queue and train delay after track maintenance at Universiti station at Ampang Park.
Passengers shared delay slip and crowding evidence during rush hour
Rapid KL staff guided queue and temporary shuttle arrangement
There are 11 comments in total
author
reply
Show 2 replies
Say something",Commuters reported long queue and train delay after track maintenance at Universiti station at Ampang Park Passengers shared delay slip and crowding evidence during rush hour Rapid KL staff guided queue and temporary shuttle arrangement There are 11 comments in total author reply Show 2 replies Say something,1,incident_delay,synthetic_mock
lrtkelanajaya线 - 小红书搜索 - Google Chrome,2415,mock_post_2415.png,lrtkelanajaya线 - 小红书搜索 - Google Chrome,2026-02-24T00:15:00,"Rapid commuter diary
focus on
Routine travel post about route tips and fare sharing at Pasar Seni.
People shared regular commute and station photos
No emergency notice was posted
There are 8 comments in total
author
reply
Show 3 replies
Say something",Routine travel post about route tips and fare sharing at Pasar Seni People shared regular commute and station photos No emergency notice was posted There are 8 comments in total author reply Show 3 replies Say something,0,normal_travel_tip,synthetic_mock
lrtkelanajaya线 - 小红书搜索 - Google Chrome,2416,mock_post_2416.png,lrtkelanajaya线 - 小红书搜索 - Google Chrome,2026-02-24T00:16:00,"Little Red Potato 66A1
focus on
Commuters reported long queue and train delay after track maintenance at Universiti station at Masjid Jamek.
Passengers shared delay slip and crowding evidence during rush hour
Rapid KL staff guided queue and temporary shuttle arrangement
There are 12 comments in total
author
reply
Show 1 replies
Say something",Commuters reported long queue and train delay after track maintenance at Universiti station at Masjid Jamek Passengers shared delay slip and crowding evidence during rush hour Rapid KL staff guided queue and temporary shuttle arrangement There are 12 comments in total author reply Show 1 replies Say something,1,incident_delay,synthetic_mock
lrt is bad again - Xiaohongshu search - Google Chrome,2417,mock_post_2417.png,lrt is bad again - Xiaohongshu search - Google Chrome,2026-02-24T00:17:00,"Little Red Potato 66A1
focus on
Routine travel post about route tips and fare sharing at KLCC.
People shared regular commute and station photos
No emergency notice was posted
There are 12 comments in total
author
reply
Show 2 replies
Say something",Routine travel post about route tips and fare sharing at KLCC People shared regular commute and station photos No emergency notice was posted There are 12 comments in total author reply Show 2 replies Say something,0,normal_travel_tip,synthetic_mock
mrt fault - 小红书搜索 - Google Chrome,2418,mock_post_2418.png,mrt fault - 小红书搜索 - Google Chrome,2026-02-24T00:18:00,"Little Red Potato 66A1
focus on
Kelana Jaya line maintenance phase affected frequency and caused crowding at stations at Ampang Park.
Passengers shared delay slip and crowding evidence during rush hour
Rapid KL staff guided queue and temporary shuttle arrangement
Malaysia transport update 2025-09-11
There are 1 comments in total
author
reply
Show 3 replies
Say something",Kelana Jaya line maintenance phase affected frequency and caused crowding at stations at Ampang Park Passengers shared delay slip and crowding evidence during rush hour Rapid KL staff guided queue and temporary shuttle arrangement Malaysia transport update 2025 09 11 There are 1 comments in total author reply Show 3 replies Say something,1,incident_maintenance_impact,synthetic_mock
地铁 马来西亚 - 小红书搜索 - Google Chrome,2419,mock_post_2419.png,地铁 马来西亚 - 小红书搜索 - Google Chrome,2026-02-24T00:19:00,"KL daily commuter
focus on
No disruption observed and transfer between lines completed without waiting at Gombak.
People shared regular commute and station photos
No emergency notice was posted
Malaysia transport update 2024-04-10
There are 4 comments in total
author
reply
Show 3 replies
Say something",No disruption observed and transfer between lines completed without waiting at Gombak People shared regular commute and station photos No emergency notice was posted Malaysia transport update 2024 04 10 There are 4 comments in total author reply Show 3 replies Say something,0,normal_no_incident,synthetic_mock
lrtkelanajaya线 - 小红书搜索 - Google Chrome,2420,mock_post_2420.png,lrtkelanajaya线 - 小红书搜索 - Google Chrome,2026-02-24T00:20:00,"KL daily commuter
focus on
Passengers were asked to get off at Pasar Seni due to train fault and wait for replacement at KLCC.
Passengers shared delay slip and crowding evidence during rush hour
Rapid KL staff guided queue and temporary shuttle arrangement
Malaysia transport update 2025-10-16
There are 6 comments in total
author
reply
Show 1 replies
Say something",Passengers were asked to get off at Pasar Seni due to train fault and wait for replacement at KLCC Passengers shared delay slip and crowding evidence during rush hour Rapid KL staff guided queue and temporary shuttle arrangement Malaysia transport update 2025 10 16 There are 6 comments in total author reply Show 1 replies Say something,1,incident_train_fault,synthetic_mock
mrt kajang - 小红书搜索 - Google Chrome,2421,mock_post_2421.png,mrt kajang - 小红书搜索 - Google Chrome,2026-02-24T00:21:00,"Little Red Potato 66A1
focus on
Routine travel post about route tips and fare sharing at Putra Heights.
People shared regular commute and station photos
No emergency notice was posted
Malaysia transport update 2024-02-27
There are 12 comments in total
author
reply
Show 1 replies
Say something",Routine travel post about route tips and fare sharing at Putra Heights People shared regular commute and station photos No emergency notice was posted Malaysia transport update 2024 02 27 There are 12 comments in total author reply Show 1 replies Say something,0,normal_travel_tip,synthetic_mock
lrt klcc - 小红书搜索 - Google Chrome,2422,mock_post_2422.png,lrt klcc - 小红书搜索 - Google Chrome,2026-02-24T00:22:00,"Leisurely kitten
focus on
Commuters reported long queue and train delay after track maintenance at Universiti station at KLCC.
Passengers shared delay slip and crowding evidence during rush hour
Rapid KL staff guided queue and temporary shuttle arrangement
Malaysia transport update 2024-06-27
There are 11 comments in total
author
reply
Show 1 replies
Say something",Commuters reported long queue and train delay after track maintenance at Universiti station at KLCC Passengers shared delay slip and crowding evidence during rush hour Rapid KL staff guided queue and temporary shuttle arrangement Malaysia transport update 2024 06 27 There are 11 comments in total author reply Show 1 replies Say something,1,incident_delay,synthetic_mock
mrtkajang问题 - 小红书搜索 - Google Chrome,2423,mock_post_2423.png,mrtkajang问题 - 小红书搜索 - Google Chrome,2026-02-24T00:23:00,"Leisurely kitten
focus on
Service update says all lines are stable with no major delay this morning at Pasar Seni.
People shared regular commute and station photos
No emergency notice was posted
There are 7 comments in total
author
reply
Show 2 replies
Say something",Service update says all lines are stable with no major delay this morning at Pasar Seni People shared regular commute and station photos No emergency notice was posted There are 7 comments in total author reply Show 2 replies Say something,0,normal_update,synthetic_mock
lrt is bad again - Xiaohongshu search - Google Chrome,2424,mock_post_2424.png,lrt is bad again - Xiaohongshu search - Google Chrome,2026-02-24T00:24:00,"Xiaoxuan Talk Malaysia Official
focus on
Kelana Jaya line maintenance phase affected frequency and caused crowding at stations at Masjid Jamek.
Passengers shared delay slip and crowding evidence during rush hour
Rapid KL staff guided queue and temporary shuttle arrangement
Malaysia transport update 2025-08-28
There are 11 comments in total
author
reply
Show 1 replies
Say something",Kelana Jaya line maintenance phase affected frequency and caused crowding at stations at Masjid Jamek Passengers shared delay slip and crowding evidence during rush hour Rapid KL staff guided queue and temporary shuttle arrangement Malaysia transport update 2025 08 28 There are 11 comments in total author reply Show 1 replies Say something,1,incident_maintenance_impact,synthetic_mock
mrt fault - 小红书搜索 - Google Chrome,2425,mock_post_2425.png,mrt fault - 小红书搜索 - Google Chrome,2026-02-24T00:25:00,"KL daily commuter
focus on
Routine travel post about route tips and fare sharing at Gombak.
People shared regular commute and station photos
No emergency notice was posted
Malaysia transport update 2026-02-10
There are 3 comments in total
author
reply
Show 1 replies
Say something",Routine travel post about route tips and fare sharing at Gombak People shared regular commute and station photos No emergency notice was posted Malaysia transport update 2026 02 10 There are 3 comments in total author reply Show 1 replies Say something,0,normal_travel_tip,synthetic_mock
🇲🇾LRT KelanajayaLine通告，列车降速 - 小红书 - Google Chrome,2426,mock_post_2426.png,🇲🇾LRT KelanajayaLine通告，列车降速 - 小红书 - Google Chrome,2026-02-24T00:26:00,"Rapid commuter diary
focus on
Rapid KL announced temporary service disruption between KLCC and Gombak with shuttle support at Ampang Park.
Passengers shared delay slip and crowding evidence during rush hour
Rapid KL staff guided queue and temporary shuttle arrangement
There are 4 comments in total
author
reply
Show 3 replies
Say something",Rapid KL announced temporary service disruption between KLCC and Gombak with shuttle support at Ampang Park Passengers shared delay slip and crowding evidence during rush hour Rapid KL staff guided queue and temporary shuttle arrangement There are 4 comments in total author reply Show 3 replies Say something,1,incident_service_disruption,synthetic_mock
mrt - 小红书搜索 - Google Chrome,2427,mock_post_2427.png,mrt - 小红书搜索 - Google Chrome,2026-02-24T00:27:00,"Little Red Potato 66A1
focus on
Routine travel post about route tips and fare sharing at Ampang Park.
People shared regular commute and station photos
No emergency notice was posted
Malaysia transport update 2026-03-25
There are 16 comments in total
author
reply
Show 1 replies
Say something",Routine travel post about route tips and fare sharing at Ampang Park People shared regular commute and station photos No emergency notice was posted Malaysia transport update 2026 03 25 There are 16 comments in total author reply Show 1 replies Say something,0,normal_travel_tip,synthetic_mock
mrt fault - 小红书搜索 - Google Chrome,2428,mock_post_2428.png,mrt fault - 小红书搜索 - Google Chrome,2026-02-24T00:28:00,"Ootashi store
focus on
Commuters reported long queue and train delay after track maintenance at Universiti station at Pasar Seni.
Passengers shared delay slip and crowding evidence during rush hour
Rapid KL staff guided queue and temporary shuttle arrangement
There are 17 comments in total
author
reply
Show 3 replies
Say something",Commuters reported long queue and train delay after track maintenance at Universiti station at Pasar Seni Passengers shared delay slip and crowding evidence during rush hour Rapid KL staff guided queue and temporary shuttle arrangement There are 17 comments in total author reply Show 3 replies Say something,1,incident_delay,synthetic_mock
mrt kajang - 小红书搜索 - Google Chrome,2429,mock_post_2429.png,mrt kajang - 小红书搜索 - Google Chrome,2026-02-24T00:29:00,"Ootashi store
focus on
No disruption observed and transfer between lines completed without waiting at Pasar Seni.
People shared regular commute and station photos
No emergency notice was posted
There are 18 comments in total
author
reply
Show 2 replies
Say something",No disruption observed and transfer between lines completed without waiting at Pasar Seni People shared regular commute and station photos No emergency notice was posted There are 18 comments in total author reply Show 2 replies Say something,0,normal_no_incident,synthetic_mock
mrtkajang问题 - 小红书搜索 - Google Chrome,2430,mock_post_2430.png,mrtkajang问题 - 小红书搜索 - Google Chrome,2026-02-24T00:30:00,"KL daily commuter
focus on
LRT Kelana Jaya line had a signaling issue during peak hour and trains moved slowly at Putra Heights.
Passengers shared delay slip and crowding evidence during rush hour
Rapid KL staff guided queue and temporary shuttle arrangement
There are 17 comments in total
author
reply
Show 2 replies
Say something",LRT Kelana Jaya line had a signaling issue during peak hour and trains moved slowly at Putra Heights Passengers shared delay slip and crowding evidence during rush hour Rapid KL staff guided queue and temporary shuttle arrangement There are 17 comments in total author reply Show 2 replies Say something,1,incident_breakdown,synthetic_mock
mrt fault - 小红书搜索 - Google Chrome,2431,mock_post_2431.png,mrt fault - 小红书搜索 - Google Chrome,2026-02-24T00:31:00,"Leisurely kitten
focus on
Routine travel post about route tips and fare sharing at Ampang Park.
People shared regular commute and station photos
No emergency notice was posted
Malaysia transport update 2024-03-16
There are 11 comments in total
author
reply
Show 3 replies
Say something",Routine travel post about route tips and fare sharing at Ampang Park People shared regular commute and station photos No emergency notice was posted Malaysia transport update 2024 03 16 There are 11 comments in total author reply Show 3 replies Say something,0,normal_travel_tip,synthetic_mock
mrt fault - 小红书搜索 - Google Chrome,2432,mock_post_2432.png,mrt fault - 小红书搜索 - Google Chrome,2026-02-24T00:32:00,"Little Red Potato 66A1
focus on
Kelana Jaya line maintenance phase affected frequency and caused crowding at stations at Gombak.
Passengers shared delay slip and crowding evidence during rush hour
Rapid KL staff guided queue and temporary shuttle arrangement
There are 14 comments in total
author
reply
Show 2 replies
Say something",Kelana Jaya line maintenance phase affected frequency and caused crowding at stations at Gombak Passengers shared delay slip and crowding evidence during rush hour Rapid KL staff guided queue and temporary shuttle arrangement There are 14 comments in total author reply Show 2 replies Say something,1,incident_maintenance_impact,synthetic_mock
mrt kajang - 小红书搜索 - Google Chrome,2433,mock_post_2433.png,mrt kajang - 小红书搜索 - Google Chrome,2026-02-24T00:33:00,"Leisurely kitten
focus on
General city transport post not related to outage or malfunction at KL Sentral.
People shared regular commute and station photos
No emergency notice was posted
Malaysia transport update 2024-05-20
There are 4 comments in total
author
reply
Show 1 replies
Say something",General city transport post not related to outage or malfunction at KL Sentral People shared regular commute and station photos No emergency notice was posted Malaysia transport update 2024 05 20 There are 4 comments in total author reply Show 1 replies Say something,0,normal_general,synthetic_mock
lrt is bad again - Xiaohongshu search - Google Chrome,2434,mock_post_2434.png,lrt is bad again - Xiaohongshu search - Google Chrome,2026-02-24T00:34:00,"Ootashi store
focus on
Commuters reported long queue and train delay after track maintenance at Universiti station at Kelana Jaya.
Passengers shared delay slip and crowding evidence during rush hour
Rapid KL staff guided queue and temporary shuttle arrangement
There are 1 comments in total
author
reply
Show 1 replies
Say something",Commuters reported long queue and train delay after track maintenance at Universiti station at Kelana Jaya Passengers shared delay slip and crowding evidence during rush hour Rapid KL staff guided queue and temporary shuttle arrangement There are 1 comments in total author reply Show 1 replies Say something,1,incident_delay,synthetic_mock
lrtkelanajaya线 - 小红书搜索 - Google Chrome,2435,mock_post_2435.png,lrtkelanajaya线 - 小红书搜索 - Google Chrome,2026-02-24T00:35:00,"Leisurely kitten
focus on
Service update says all lines are stable with no major delay this morning at Gombak.
People shared regular commute and station photos
No emergency notice was posted
There are 8 comments in total
author
reply
Show 1 replies
Say something",Service update says all lines are stable with no major delay this morning at Gombak People shared regular commute and station photos No emergency notice was posted There are 8 comments in total author reply Show 1 replies Say something,0,normal_update,synthetic_mock
mrt fault - 小红书搜索 - Google Chrome,2436,mock_post_2436.png,mrt fault - 小红书搜索 - Google Chrome,2026-02-24T00:36:00,"KL daily commuter
focus on
Rapid KL announced temporary service disruption between KLCC and Gombak with shuttle support at KLCC.
Passengers shared delay slip and crowding evidence during rush hour
Rapid KL staff guided queue and temporary shuttle arrangement
Malaysia transport update 2025-02-07
There are 1 comments in total
author
reply
Show 2 replies
Say something",Rapid KL announced temporary service disruption between KLCC and Gombak with shuttle support at KLCC Passengers shared delay slip and crowding evidence during rush hour Rapid KL staff guided queue and temporary shuttle arrangement Malaysia transport update 2025 02 07 There are 1 comments in total author reply Show 2 replies Say something,1,incident_service_disruption,synthetic_mock
lrt klcc - 小红书搜索 - Google Chrome,2437,mock_post_2437.png,lrt klcc - 小红书搜索 - Google Chrome,2026-02-24T00:37:00,"Little Red Potato 66A1
focus on
No disruption observed and transfer between lines completed without waiting at Kelana Jaya.
People shared regular commute and station photos
No emergency notice was posted
Malaysia transport update 2026-07-18
There are 6 comments in total
author
reply
Show 3 replies
Say something",No disruption observed and transfer between lines completed without waiting at Kelana Jaya People shared regular commute and station photos No emergency notice was posted Malaysia transport update 2026 07 18 There are 6 comments in total author reply Show 3 replies Say something,0,normal_no_incident,synthetic_mock
mrt kajang - 小红书搜索 - Google Chrome,2438,mock_post_2438.png,mrt kajang - 小红书搜索 - Google Chrome,2026-02-24T00:38:00,"Leisurely kitten
focus on
Commuters reported long queue and train delay after track maintenance at Universiti station at Gombak.
Passengers shared delay slip and crowding evidence during rush hour
Rapid KL staff guided queue and temporary shuttle arrangement
There are 17 comments in total
author
reply
Show 3 replies
Say something",Commuters reported long queue and train delay after track maintenance at Universiti station at Gombak Passengers shared delay slip and crowding evidence during rush hour Rapid KL staff guided queue and temporary shuttle arrangement There are 17 comments in total author reply Show 3 replies Say something,1,incident_delay,synthetic_mock
mrtkajang问题 - 小红书搜索 - Google Chrome,2439,mock_post_2439.png,mrtkajang问题 - 小红书搜索 - Google Chrome,2026-02-24T00:39:00,"Little Red Potato 66A1
focus on
No disruption observed and transfer between lines completed without waiting at KL Sentral.
People shared regular commute and station photos
No emergency notice was posted
There are 16 comments in total
author
reply
Show 1 replies
Say something",No disruption observed and transfer between lines completed without waiting at KL Sentral People shared regular commute and station photos No emergency notice was posted There are 16 comments in total author reply Show 1 replies Say something,0,normal_no_incident,synthetic_mock
mrt kajang - 小红书搜索 - Google Chrome,2440,mock_post_2440.png,mrt kajang - 小红书搜索 - Google Chrome,2026-02-24T00:40:00,"Rapid commuter diary
focus on
Kelana Jaya line maintenance phase affected frequency and caused crowding at stations at Universiti.
Passengers shared delay slip and crowding evidence during rush hour
Rapid KL staff guided queue and temporary shuttle arrangement
Malaysia transport update 2026-08-24
There are 10 comments in total
author
reply
Show 3 replies
Say something",Kelana Jaya line maintenance phase affected frequency and caused crowding at stations at Universiti Passengers shared delay slip and crowding evidence during rush hour Rapid KL staff guided queue and temporary shuttle arrangement Malaysia transport update 2026 08 24 There are 10 comments in total author reply Show 3 replies Say something,1,incident_maintenance_impact,synthetic_mock
mrt - 小红书搜索 - Google Chrome,2441,mock_post_2441.png,mrt - 小红书搜索 - Google Chrome,2026-02-24T00:41:00,"Ootashi store
focus on
Service update says all lines are stable with no major delay this morning at Kelana Jaya.
People shared regular commute and station photos
No emergency notice was posted
Malaysia transport update 2026-12-23
There are 6 comments in total
author
reply
Show 2 replies
Say something",Service update says all lines are stable with no major delay this morning at Kelana Jaya People shared regular commute and station photos No emergency notice was posted Malaysia transport update 2026 12 23 There are 6 comments in total author reply Show 2 replies Say something,0,normal_update,synthetic_mock
lrtkelanajaya故障 - 小红书搜索 - Google Chrome,2442,mock_post_2442.png,lrtkelanajaya故障 - 小红书搜索 - Google Chrome,2026-02-24T00:42:00,"Little Red Potato 66A1
focus on
Rapid KL announced temporary service disruption between KLCC and Gombak with shuttle support at KLCC.
Passengers shared delay slip and crowding evidence during rush hour
Rapid KL staff guided queue and temporary shuttle arrangement
Malaysia transport update 2024-12-18
There are 4 comments in total
author
reply
Show 3 replies
Say something",Rapid KL announced temporary service disruption between KLCC and Gombak with shuttle support at KLCC Passengers shared delay slip and crowding evidence during rush hour Rapid KL staff guided queue and temporary shuttle arrangement Malaysia transport update 2024 12 18 There are 4 comments in total author reply Show 3 replies Say something,1,incident_service_disruption,synthetic_mock
lrt klcc - 小红书搜索 - Google Chrome,2443,mock_post_2443.png,lrt klcc - 小红书搜索 - Google Chrome,2026-02-24T00:43:00,"Ootashi store
focus on
Service update says all lines are stable with no major delay this morning at KLCC.
People shared regular commute and station photos
No emergency notice was posted
Malaysia transport update 2024-11-01
There are 10 comments in total
author
reply
Show 3 replies
Say something",Service update says all lines are stable with no major delay this morning at KLCC People shared regular commute and station photos No emergency notice was posted Malaysia transport update 2024 11 01 There are 10 comments in total author reply Show 3 replies Say something,0,normal_update,synthetic_mock
mrtkajang问题 - 小红书搜索 - Google Chrome,2444,mock_post_2444.png,mrtkajang问题 - 小红书搜索 - Google Chrome,2026-02-24T00:44:00,"City transit watcher
focus on
LRT Kelana Jaya line had a signaling issue during peak hour and trains moved slowly at Wangsa Maju.
Passengers shared delay slip and crowding evidence during rush hour
Rapid KL staff guided queue and temporary shuttle arrangement
Malaysia transport update 2024-09-08
There are 14 comments in total
author
reply
Show 2 replies
Say something",LRT Kelana Jaya line had a signaling issue during peak hour and trains moved slowly at Wangsa Maju Passengers shared delay slip and crowding evidence during rush hour Rapid KL staff guided queue and temporary shuttle arrangement Malaysia transport update 2024 09 08 There are 14 comments in total author reply Show 2 replies Say something,1,incident_breakdown,synthetic_mock
地铁 马来西亚 - 小红书搜索 - Google Chrome,2445,mock_post_2445.png,地铁 马来西亚 - 小红书搜索 - Google Chrome,2026-02-24T00:45:00,"City transit watcher
focus on
Service update says all lines are stable with no major delay this morning at Universiti.
People shared regular commute and station photos
No emergency notice was posted
There are 12 comments in total
author
reply
Show 1 replies
Say something",Service update says all lines are stable with no major delay this morning at Universiti People shared regular commute and station photos No emergency notice was posted There are 12 comments in total author reply Show 1 replies Say something,0,normal_update,synthetic_mock
mrt fault - 小红书搜索 - Google Chrome,2446,mock_post_2446.png,mrt fault - 小红书搜索 - Google Chrome,2026-02-24T00:46:00,"Rapid commuter diary
focus on
Rapid KL announced temporary service disruption between KLCC and Gombak with shuttle support at Ampang Park.
Passengers shared delay slip and crowding evidence during rush hour
Rapid KL staff guided queue and temporary shuttle arrangement
Malaysia transport update 2024-11-15
There are 6 comments in total
author
reply
Show 1 replies
Say something",Rapid KL announced temporary service disruption between KLCC and Gombak with shuttle support at Ampang Park Passengers shared delay slip and crowding evidence during rush hour Rapid KL staff guided queue and temporary shuttle arrangement Malaysia transport update 2024 11 15 There are 6 comments in total author reply Show 1 replies Say something,1,incident_service_disruption,synthetic_mock
lrtkelanajaya故障 - 小红书搜索 - Google Chrome,2447,mock_post_2447.png,lrtkelanajaya故障 - 小红书搜索 - Google Chrome,2026-02-24T00:47:00,"Leisurely kitten
focus on
No disruption observed and transfer between lines completed without waiting at Ampang Park.
People shared regular commute and station photos
No emergency notice was posted
Malaysia transport update 2025-09-21
There are 9 comments in total
author
reply
Show 2 replies
Say something",No disruption observed and transfer between lines completed without waiting at Ampang Park People shared regular commute and station photos No emergency notice was posted Malaysia transport update 2025 09 21 There are 9 comments in total author reply Show 2 replies Say something,0,normal_no_incident,synthetic_mock
lrtkelanajaya故障 - 小红书搜索 - Google Chrome,2448,mock_post_2448.png,lrtkelanajaya故障 - 小红书搜索 - Google Chrome,2026-02-24T00:48:00,"KL daily commuter
focus on
Power trip caused brief outage and service resumed after technicians completed repair at Pasar Seni.
Passengers shared delay slip and crowding evidence during rush hour
Rapid KL staff guided queue and temporary shuttle arrangement
There are 2 comments in total
author
reply
Show 2 replies
Say something",Power trip caused brief outage and service resumed after technicians completed repair at Pasar Seni Passengers shared delay slip and crowding evidence during rush hour Rapid KL staff guided queue and temporary shuttle arrangement There are 2 comments in total author reply Show 2 replies Say something,1,incident_power_outage,synthetic_mock
🇲🇾LRT停运 注意了‼️ - 小红书 - Google Chrome,2449,mock_post_2449.png,🇲🇾LRT停运 注意了‼️ - 小红书 - Google Chrome,2026-02-24T00:49:00,"Little Red Potato 66A1
focus on
Routine travel post about route tips and fare sharing at KLCC.
People shared regular commute and station photos
No emergency notice was posted
There are 15 comments in total
author
reply
Show 2 replies
Say something",Routine travel post about route tips and fare sharing at KLCC People shared regular commute and station photos No emergency notice was posted There are 15 comments in total author reply Show 2 replies Say something,0,normal_travel_tip,synthetic_mock
mrtkajang问题 - 小红书搜索 - Google Chrome,2450,mock_post_2450.png,mrtkajang问题 - 小红书搜索 - Google Chrome,2026-02-24T00:50:00,"City transit watcher
focus on
Passengers were asked to get off at Pasar Seni due to train fault and wait for replacement at Universiti.
Passengers shared delay slip and crowding evidence during rush hour
Rapid KL staff guided queue and temporary shuttle arrangement
Malaysia transport update 2024-09-28
There are 6 comments in total
author
reply
Show 3 replies
Say something",Passengers were asked to get off at Pasar Seni due to train fault and wait for replacement at Universiti Passengers shared delay slip and crowding evidence during rush hour Rapid KL staff guided queue and temporary shuttle arrangement Malaysia transport update 2024 09 28 There are 6 comments in total author reply Show 3 replies Say something,1,incident_train_fault,synthetic_mock
lrtkelanajaya线 - 小红书搜索 - Google Chrome,2451,mock_post_2451.png,lrtkelanajaya线 - 小红书搜索 - Google Chrome,2026-02-24T00:51:00,"Ootashi store
focus on
Normal operation resumed and train intervals are back to schedule at Ampang Park.
People shared regular commute and station photos
No emergency notice was posted
Malaysia transport update 2026-04-07
There are 15 comments in total
author
reply
Show 3 replies
Say something",Normal operation resumed and train intervals are back to schedule at Ampang Park People shared regular commute and station photos No emergency notice was posted Malaysia transport update 2026 04 07 There are 15 comments in total author reply Show 3 replies Say something,0,normal_operation,synthetic_mock
lrtkelanajaya故障 - 小红书搜索 - Google Chrome,2452,mock_post_2452.png,lrtkelanajaya故障 - 小红书搜索 - Google Chrome,2026-02-24T00:52:00,"Ootashi store
focus on
Passengers were asked to get off at Pasar Seni due to train fault and wait for replacement at KL Sentral.
Passengers shared delay slip and crowding evidence during rush hour
Rapid KL staff guided queue and temporary shuttle arrangement
There are 1 comments in total
author
reply
Show 2 replies
Say something",Passengers were asked to get off at Pasar Seni due to train fault and wait for replacement at KL Sentral Passengers shared delay slip and crowding evidence during rush hour Rapid KL staff guided queue and temporary shuttle arrangement There are 1 comments in total author reply Show 2 replies Say something,1,incident_train_fault,synthetic_mock
mrt kajang - 小红书搜索 - Google Chrome,2453,mock_post_2453.png,mrt kajang - 小红书搜索 - Google Chrome,2026-02-24T00:53:00,"Little Red Potato 66A1
focus on
Service update says all lines are stable with no major delay this morning at Pasar Seni.
People shared regular commute and station photos
No emergency notice was posted
There are 7 comments in total
author
reply
Show 3 replies
Say something",Service update says all lines are stable with no major delay this morning at Pasar Seni People shared regular commute and station photos No emergency notice was posted There are 7 comments in total author reply Show 3 replies Say something,0,normal_update,synthetic_mock
mrt - 小红书搜索 - Google Chrome,2454,mock_post_2454.png,mrt - 小红书搜索 - Google Chrome,2026-02-24T00:54:00,"City transit watcher
focus on
Rapid KL announced temporary service disruption between KLCC and Gombak with shuttle support at KLCC.
Passengers shared delay slip and crowding evidence during rush hour
Rapid KL staff guided queue and temporary shuttle arrangement
Malaysia transport update 2025-11-28
There are 3 comments in total
author
reply
Show 3 replies
Say something",Rapid KL announced temporary service disruption between KLCC and Gombak with shuttle support at KLCC Passengers shared delay slip and crowding evidence during rush hour Rapid KL staff guided queue and temporary shuttle arrangement Malaysia transport update 2025 11 28 There are 3 comments in total author reply Show 3 replies Say something,1,incident_service_disruption,synthetic_mock
lrtkelanajaya线 - 小红书搜索 - Google Chrome,2455,mock_post_2455.png,lrtkelanajaya线 - 小红书搜索 - Google Chrome,2026-02-24T00:55:00,"Little Red Potato 66A1
focus on
Service update says all lines are stable with no major delay this morning at Masjid Jamek.
People shared regular commute and station photos
No emergency notice was posted
Malaysia transport update 2024-06-21
There are 12 comments in total
author
reply
Show 3 replies
Say something",Service update says all lines are stable with no major delay this morning at Masjid Jamek People shared regular commute and station photos No emergency notice was posted Malaysia transport update 2024 06 21 There are 12 comments in total author reply Show 3 replies Say something,0,normal_update,synthetic_mock
🇲🇾LRT停运 注意了‼️ - 小红书 - Google Chrome,2456,mock_post_2456.png,🇲🇾LRT停运 注意了‼️ - 小红书 - Google Chrome,2026-02-24T00:56:00,"Ootashi store
focus on
Passengers were asked to get off at Pasar Seni due to train fault and wait for replacement at Masjid Jamek.
Passengers shared delay slip and crowding evidence during rush hour
Rapid KL staff guided queue and temporary shuttle arrangement
Malaysia transport update 2025-05-14
There are 4 comments in total
author
reply
Show 2 replies
Say something",Passengers were asked to get off at Pasar Seni due to train fault and wait for replacement at Masjid Jamek Passengers shared delay slip and crowding evidence during rush hour Rapid KL staff guided queue and temporary shuttle arrangement Malaysia transport update 2025 05 14 There are 4 comments in total author reply Show 2 replies Say something,1,incident_train_fault,synthetic_mock
mrt fault - 小红书搜索 - Google Chrome,2457,mock_post_2457.png,mrt fault - 小红书搜索 - Google Chrome,2026-02-24T00:57:00,"Ootashi store
focus on
No disruption observed and transfer between lines completed without waiting at Ampang Park.
People shared regular commute and station photos
No emergency notice was posted
Malaysia transport update 2025-05-08
There are 1 comments in total
author
reply
Show 3 replies
Say something",No disruption observed and transfer between lines completed without waiting at Ampang Park People shared regular commute and station photos No emergency notice was posted Malaysia transport update 2025 05 08 There are 1 comments in total author reply Show 3 replies Say something,0,normal_no_incident,synthetic_mock
lrt klcc - 小红书搜索 - Google Chrome,2458,mock_post_2458.png,lrt klcc - 小红书搜索 - Google Chrome,2026-02-24T00:58:00,"Little Red Potato 66A1
focus on
Commuters reported long queue and train delay after track maintenance at Universiti station at Gombak.
Passengers shared delay slip and crowding evidence during rush hour
Rapid KL staff guided queue and temporary shuttle arrangement
There are 16 comments in total
author
reply
Show 3 replies
Say something",Commuters reported long queue and train delay after track maintenance at Universiti station at Gombak Passengers shared delay slip and crowding evidence during rush hour Rapid KL staff guided queue and temporary shuttle arrangement There are 16 comments in total author reply Show 3 replies Say something,1,incident_delay,synthetic_mock
lrtkelanajaya故障 - 小红书搜索 - Google Chrome,2459,mock_post_2459.png,lrtkelanajaya故障 - 小红书搜索 - Google Chrome,2026-02-24T00:59:00,"Little Red Potato 66A1
focus on
Service update says all lines are stable with no major delay this morning at Ampang Park.
People shared regular commute and station photos
No emergency notice was posted
There are 15 comments in total
author
reply
Show 1 replies
Say something",Service update says all lines are stable with no major delay this morning at Ampang Park People shared regular commute and station photos No emergency notice was posted There are 15 comments in total author reply Show 1 replies Say something,0,normal_update,synthetic_mock
mrtkajang问题 - 小红书搜索 - Google Chrome,2460,mock_post_2460.png,mrtkajang问题 - 小红书搜索 - Google Chrome,2026-02-24T01:00:00,"Rapid commuter diary
focus on
Passengers were asked to get off at Pasar Seni due to train fault and wait for replacement at Pasar Seni.
Passengers shared delay slip and crowding evidence during rush hour
Rapid KL staff guided queue and temporary shuttle arrangement
Malaysia transport update 2024-06-08
There are 15 comments in total
author
reply
Show 3 replies
Say something",Passengers were asked to get off at Pasar Seni due to train fault and wait for replacement at Pasar Seni Passengers shared delay slip and crowding evidence during rush hour Rapid KL staff guided queue and temporary shuttle arrangement Malaysia transport update 2024 06 08 There are 15 comments in total author reply Show 3 replies Say something,1,incident_train_fault,synthetic_mock
lrtkelanajaya线 - 小红书搜索 - Google Chrome,2461,mock_post_2461.png,lrtkelanajaya线 - 小红书搜索 - Google Chrome,2026-02-24T01:01:00,"Ootashi store
focus on
General city transport post not related to outage or malfunction at KLCC.
People shared regular commute and station photos
No emergency notice was posted
Malaysia transport update 2025-03-19
There are 18 comments in total
author
reply
Show 3 replies
Say something",General city transport post not related to outage or malfunction at KLCC People shared regular commute and station photos No emergency notice was posted Malaysia transport update 2025 03 19 There are 18 comments in total author reply Show 3 replies Say something,0,normal_general,synthetic_mock
mrt fault - 小红书搜索 - Google Chrome,2462,mock_post_2462.png,mrt fault - 小红书搜索 - Google Chrome,2026-02-24T01:02:00,"Xiaoxuan Talk Malaysia Official
focus on
Rapid KL announced temporary service disruption between KLCC and Gombak with shuttle support at Pasar Seni.
Passengers shared delay slip and crowding evidence during rush hour
Rapid KL staff guided queue and temporary shuttle arrangement
There are 4 comments in total
author
reply
Show 1 replies
Say something",Rapid KL announced temporary service disruption between KLCC and Gombak with shuttle support at Pasar Seni Passengers shared delay slip and crowding evidence during rush hour Rapid KL staff guided queue and temporary shuttle arrangement There are 4 comments in total author reply Show 1 replies Say something,1,incident_service_disruption,synthetic_mock
🇲🇾LRT KelanajayaLine通告，列车降速 - 小红书 - Google Chrome,2463,mock_post_2463.png,🇲🇾LRT KelanajayaLine通告，列车降速 - 小红书 - Google Chrome,2026-02-24T01:03:00,"Little Red Potato 66A1
focus on
No disruption observed and transfer between lines completed without waiting at Kelana Jaya.
People shared regular commute and station photos
No emergency notice was posted
Malaysia transport update 2024-01-09
There are 18 comments in total
author
reply
Show 2 replies
Say something",No disruption observed and transfer between lines completed without waiting at Kelana Jaya People shared regular commute and station photos No emergency notice was posted Malaysia transport update 2024 01 09 There are 18 comments in total author reply Show 2 replies Say something,0,normal_no_incident,synthetic_mock
mrt fault - 小红书搜索 - Google Chrome,2464,mock_post_2464.png,mrt fault - 小红书搜索 - Google Chrome,2026-02-24T01:04:00,"Little Red Potato 66A1
focus on
Kelana Jaya line maintenance phase affected frequency and caused crowding at stations at Ampang Park.
Passengers shared delay slip and crowding evidence during rush hour
Rapid KL staff guided queue and temporary shuttle arrangement
Malaysia transport update 2026-08-12
There are 7 comments in total
author
reply
Show 3 replies
Say something",Kelana Jaya line maintenance phase affected frequency and caused crowding at stations at Ampang Park Passengers shared delay slip and crowding evidence during rush hour Rapid KL staff guided queue and temporary shuttle arrangement Malaysia transport update 2026 08 12 There are 7 comments in total author reply Show 3 replies Say something,1,incident_maintenance_impact,synthetic_mock
lrtkelanajaya线 - 小红书搜索 - Google Chrome,2465,mock_post_2465.png,lrtkelanajaya线 - 小红书搜索 - Google Chrome,2026-02-24T01:05:00,"Leisurely kitten
focus on
General city transport post not related to outage or malfunction at Masjid Jamek.
People shared regular commute and station photos
No emergency notice was posted
Malaysia transport update 2026-09-13
There are 2 comments in total
author
reply
Show 1 replies
Say something",General city transport post not related to outage or malfunction at Masjid Jamek People shared regular commute and station photos No emergency notice was posted Malaysia transport update 2026 09 13 There are 2 comments in total author reply Show 1 replies Say something,0,normal_general,synthetic_mock
mrtkajang问题 - 小红书搜索 - Google Chrome,2466,mock_post_2466.png,mrtkajang问题 - 小红书搜索 - Google Chrome,2026-02-24T01:06:00,"Leisurely kitten
focus on
LRT Kelana Jaya line had a signaling issue during peak hour and trains moved slowly at Gombak.
Passengers shared delay slip and crowding evidence during rush hour
Rapid KL staff guided queue and temporary shuttle arrangement
Malaysia transport update 2025-11-03
There are 11 comments in total
author
reply
Show 1 replies
Say something",LRT Kelana Jaya line had a signaling issue during peak hour and trains moved slowly at Gombak Passengers shared delay slip and crowding evidence during rush hour Rapid KL staff guided queue and temporary shuttle arrangement Malaysia transport update 2025 11 03 There are 11 comments in total author reply Show 1 replies Say something,1,incident_breakdown,synthetic_mock
🇲🇾LRT KelanajayaLine通告，列车降速 - 小红书 - Google Chrome,2467,mock_post_2467.png,🇲🇾LRT KelanajayaLine通告，列车降速 - 小红书 - Google Chrome,2026-02-24T01:07:00,"KL daily commuter
focus on
Normal operation resumed and train intervals are back to schedule at Putra Heights.
People shared regular commute and station photos
No emergency notice was posted
There are 7 comments in total
author
reply
Show 3 replies
Say something",Normal operation resumed and train intervals are back to schedule at Putra Heights People shared regular commute and station photos No emergency notice was posted There are 7 comments in total author reply Show 3 replies Say something,0,normal_operation,synthetic_mock
lrt is bad again - Xiaohongshu search - Google Chrome,2468,mock_post_2468.png,lrt is bad again - Xiaohongshu search - Google Chrome,2026-02-24T01:08:00,"KL daily commuter
focus on
LRT Kelana Jaya line had a signaling issue during peak hour and trains moved slowly at Kelana Jaya.
Passengers shared delay slip and crowding evidence during rush hour
Rapid KL staff guided queue and temporary shuttle arrangement
Malaysia transport update 2026-03-25
There are 12 comments in total
author
reply
Show 3 replies
Say something",LRT Kelana Jaya line had a signaling issue during peak hour and trains moved slowly at Kelana Jaya Passengers shared delay slip and crowding evidence during rush hour Rapid KL staff guided queue and temporary shuttle arrangement Malaysia transport update 2026 03 25 There are 12 comments in total author reply Show 3 replies Say something,1,incident_breakdown,synthetic_mock
🇲🇾LRT KelanajayaLine通告，列车降速 - 小红书 - Google Chrome,2469,mock_post_2469.png,🇲🇾LRT KelanajayaLine通告，列车降速 - 小红书 - Google Chrome,2026-02-24T01:09:00,"Ootashi store
focus on
Normal operation resumed and train intervals are back to schedule at Gombak.
People shared regular commute and station photos
No emergency notice was posted
Malaysia transport update 2026-12-17
There are 7 comments in total
author
reply
Show 1 replies
Say something",Normal operation resumed and train intervals are back to schedule at Gombak People shared regular commute and station photos No emergency notice was posted Malaysia transport update 2026 12 17 There are 7 comments in total author reply Show 1 replies Say something,0,normal_operation,synthetic_mock
🇲🇾LRT KelanajayaLine通告，列车降速 - 小红书 - Google Chrome,2470,mock_post_2470.png,🇲🇾LRT KelanajayaLine通告，列车降速 - 小红书 - Google Chrome,2026-02-24T01:10:00,"Little Red Potato 66A1
focus on
Rapid KL announced temporary service disruption between KLCC and Gombak with shuttle support at Kelana Jaya.
Passengers shared delay slip and crowding evidence during rush hour
Rapid KL staff guided queue and temporary shuttle arrangement
Malaysia transport update 2025-02-07
There are 16 comments in total
author
reply
Show 1 replies
Say something",Rapid KL announced temporary service disruption between KLCC and Gombak with shuttle support at Kelana Jaya Passengers shared delay slip and crowding evidence during rush hour Rapid KL staff guided queue and temporary shuttle arrangement Malaysia transport update 2025 02 07 There are 16 comments in total author reply Show 1 replies Say something,1,incident_service_disruption,synthetic_mock
lrtkelanajaya故障 - 小红书搜索 - Google Chrome,2471,mock_post_2471.png,lrtkelanajaya故障 - 小红书搜索 - Google Chrome,2026-02-24T01:11:00,"Rapid commuter diary
focus on
Normal operation resumed and train intervals are back to schedule at Pasar Seni.
People shared regular commute and station photos
No emergency notice was posted
Malaysia transport update 2024-12-05
There are 4 comments in total
author
reply
Show 1 replies
Say something",Normal operation resumed and train intervals are back to schedule at Pasar Seni People shared regular commute and station photos No emergency notice was posted Malaysia transport update 2024 12 05 There are 4 comments in total author reply Show 1 replies Say something,0,normal_operation,synthetic_mock
🇲🇾LRT停运 注意了‼️ - 小红书 - Google Chrome,2472,mock_post_2472.png,🇲🇾LRT停运 注意了‼️ - 小红书 - Google Chrome,2026-02-24T01:12:00,"Rapid commuter diary
focus on
LRT Kelana Jaya line had a signaling issue during peak hour and trains moved slowly at Ampang Park.
Passengers shared delay slip and crowding evidence during rush hour
Rapid KL staff guided queue and temporary shuttle arrangement
Malaysia transport update 2026-03-02
There are 4 comments in total
author
reply
Show 3 replies
Say something",LRT Kelana Jaya line had a signaling issue during peak hour and trains moved slowly at Ampang Park Passengers shared delay slip and crowding evidence during rush hour Rapid KL staff guided queue and temporary shuttle arrangement Malaysia transport update 2026 03 02 There are 4 comments in total author reply Show 3 replies Say something,1,incident_breakdown,synthetic_mock
🇲🇾LRT KelanajayaLine通告，列车降速 - 小红书 - Google Chrome,2473,mock_post_2473.png,🇲🇾LRT KelanajayaLine通告，列车降速 - 小红书 - Google Chrome,2026-02-24T01:13:00,"Xiaoxuan Talk Malaysia Official
focus on
Normal operation resumed and train intervals are back to schedule at KLCC.
People shared regular commute and station photos
No emergency notice was posted
Malaysia transport update 2024-03-06
There are 2 comments in total
author
reply
Show 1 replies
Say something",Normal operation resumed and train intervals are back to schedule at KLCC People shared regular commute and station photos No emergency notice was posted Malaysia transport update 2024 03 06 There are 2 comments in total author reply Show 1 replies Say something,0,normal_operation,synthetic_mock
lrtkelanajaya线 - 小红书搜索 - Google Chrome,2474,mock_post_2474.png,lrtkelanajaya线 - 小红书搜索 - Google Chrome,2026-02-24T01:14:00,"Rapid commuter diary
focus on
Kelana Jaya line maintenance phase affected frequency and caused crowding at stations at Kelana Jaya.
Passengers shared delay slip and crowding evidence during rush hour
Rapid KL staff guided queue and temporary shuttle arrangement
Malaysia transport update 2025-11-24
There are 17 comments in total
author
reply
Show 2 replies
Say something",Kelana Jaya line maintenance phase affected frequency and caused crowding at stations at Kelana Jaya Passengers shared delay slip and crowding evidence during rush hour Rapid KL staff guided queue and temporary shuttle arrangement Malaysia transport update 2025 11 24 There are 17 comments in total author reply Show 2 replies Say something,1,incident_maintenance_impact,synthetic_mock
🇲🇾LRT KelanajayaLine通告，列车降速 - 小红书 - Google Chrome,2475,mock_post_2475.png,🇲🇾LRT KelanajayaLine通告，列车降速 - 小红书 - Google Chrome,2026-02-24T01:15:00,"City transit watcher
focus on
Service update says all lines are stable with no major delay this morning at KL Sentral.
People shared regular commute and station photos
No emergency notice was posted
There are 2 comments in total
author
reply
Show 2 replies
Say something",Service update says all lines are stable with no major delay this morning at KL Sentral People shared regular commute and station photos No emergency notice was posted There are 2 comments in total author reply Show 2 replies Say something,0,normal_update,synthetic_mock
🇲🇾LRT停运 注意了‼️ - 小红书 - Google Chrome,2476,mock_post_2476.png,🇲🇾LRT停运 注意了‼️ - 小红书 - Google Chrome,2026-02-24T01:16:00,"Rapid commuter diary
focus on
Rapid KL announced temporary service disruption between KLCC and Gombak with shuttle support at Wangsa Maju.
Passengers shared delay slip and crowding evidence during rush hour
Rapid KL staff guided queue and temporary shuttle arrangement
Malaysia transport update 2026-01-22
There are 6 comments in total
author
reply
Show 2 replies
Say something",Rapid KL announced temporary service disruption between KLCC and Gombak with shuttle support at Wangsa Maju Passengers shared delay slip and crowding evidence during rush hour Rapid KL staff guided queue and temporary shuttle arrangement Malaysia transport update 2026 01 22 There are 6 comments in total author reply Show 2 replies Say something,1,incident_service_disruption,synthetic_mock
mrt - 小红书搜索 - Google Chrome,2477,mock_post_2477.png,mrt - 小红书搜索 - Google Chrome,2026-02-24T01:17:00,"KL daily commuter
focus on
General city transport post not related to outage or malfunction at Gombak.
People shared regular commute and station photos
No emergency notice was posted
Malaysia transport update 2024-05-06
There are 4 comments in total
author
reply
Show 1 replies
Say something",General city transport post not related to outage or malfunction at Gombak People shared regular commute and station photos No emergency notice was posted Malaysia transport update 2024 05 06 There are 4 comments in total author reply Show 1 replies Say something,0,normal_general,synthetic_mock
🇲🇾LRT停运 注意了‼️ - 小红书 - Google Chrome,2478,mock_post_2478.png,🇲🇾LRT停运 注意了‼️ - 小红书 - Google Chrome,2026-02-24T01:18:00,"City transit watcher
focus on
LRT Kelana Jaya line had a signaling issue during peak hour and trains moved slowly at Masjid Jamek.
Passengers shared delay slip and crowding evidence during rush hour
Rapid KL staff guided queue and temporary shuttle arrangement
Malaysia transport update 2026-03-11
There are 1 comments in total
author
reply
Show 3 replies
Say something",LRT Kelana Jaya line had a signaling issue during peak hour and trains moved slowly at Masjid Jamek Passengers shared delay slip and crowding evidence during rush hour Rapid KL staff guided queue and temporary shuttle arrangement Malaysia transport update 2026 03 11 There are 1 comments in total author reply Show 3 replies Say something,1,incident_breakdown,synthetic_mock
lrt is bad again - Xiaohongshu search - Google Chrome,2479,mock_post_2479.png,lrt is bad again - Xiaohongshu search - Google Chrome,2026-02-24T01:19:00,"Ootashi store
focus on
Commuting to work was smooth and station crowd level was manageable today at Pasar Seni.
People shared regular commute and station photos
No emergency notice was posted
There are 13 comments in total
author
reply
Show 1 replies
Say something",Commuting to work was smooth and station crowd level was manageable today at Pasar Seni People shared regular commute and station photos No emergency notice was posted There are 13 comments in total author reply Show 1 replies Say something,0,normal_commute,synthetic_mock
mrt kajang - 小红书搜索 - Google Chrome,2480,mock_post_2480.png,mrt kajang - 小红书搜索 - Google Chrome,2026-02-24T01:20:00,"City transit watcher
focus on
Passengers were asked to get off at Pasar Seni due to train fault and wait for replacement at Universiti.
Passengers shared delay slip and crowding evidence during rush hour
Rapid KL staff guided queue and temporary shuttle arrangement
There are 12 comments in total
author
reply
Show 3 replies
Say something",Passengers were asked to get off at Pasar Seni due to train fault and wait for replacement at Universiti Passengers shared delay slip and crowding evidence during rush hour Rapid KL staff guided queue and temporary shuttle arrangement There are 12 comments in total author reply Show 3 replies Say something,1,incident_train_fault,synthetic_mock
🇲🇾LRT KelanajayaLine通告，列车降速 - 小红书 - Google Chrome,2481,mock_post_2481.png,🇲🇾LRT KelanajayaLine通告，列车降速 - 小红书 - Google Chrome,2026-02-24T01:21:00,"KL daily commuter
focus on
Normal operation resumed and train intervals are back to schedule at Kelana Jaya.
People shared regular commute and station photos
No emergency notice was posted
There are 12 comments in total
author
reply
Show 1 replies
Say something",Normal operation resumed and train intervals are back to schedule at Kelana Jaya People shared regular commute and station photos No emergency notice was posted There are 12 comments in total author reply Show 1 replies Say something,0,normal_operation,synthetic_mock
mrt kajang - 小红书搜索 - Google Chrome,2482,mock_post_2482.png,mrt kajang - 小红书搜索 - Google Chrome,2026-02-24T01:22:00,"KL daily commuter
focus on
Power trip caused brief outage and service resumed after technicians completed repair at Kelana Jaya.
Passengers shared delay slip and crowding evidence during rush hour
Rapid KL staff guided queue and temporary shuttle arrangement
Malaysia transport update 2025-02-05
There are 9 comments in total
author
reply
Show 1 replies
Say something",Power trip caused brief outage and service resumed after technicians completed repair at Kelana Jaya Passengers shared delay slip and crowding evidence during rush hour Rapid KL staff guided queue and temporary shuttle arrangement Malaysia transport update 2025 02 05 There are 9 comments in total author reply Show 1 replies Say something,1,incident_power_outage,synthetic_mock
lrt is bad again - Xiaohongshu search - Google Chrome,2483,mock_post_2483.png,lrt is bad again - Xiaohongshu search - Google Chrome,2026-02-24T01:23:00,"Leisurely kitten
focus on
Commuting to work was smooth and station crowd level was manageable today at Masjid Jamek.
People shared regular commute and station photos
No emergency notice was posted
Malaysia transport update 2025-05-25
There are 5 comments in total
author
reply
Show 1 replies
Say something",Commuting to work was smooth and station crowd level was manageable today at Masjid Jamek People shared regular commute and station photos No emergency notice was posted Malaysia transport update 2025 05 25 There are 5 comments in total author reply Show 1 replies Say something,0,normal_commute,synthetic_mock
mrtkajang问题 - 小红书搜索 - Google Chrome,2484,mock_post_2484.png,mrtkajang问题 - 小红书搜索 - Google Chrome,2026-02-24T01:24:00,"City transit watcher
focus on
Commuters reported long queue and train delay after track maintenance at Universiti station at KLCC.
Passengers shared delay slip and crowding evidence during rush hour
Rapid KL staff guided queue and temporary shuttle arrangement
There are 1 comments in total
author
reply
Show 1 replies
Say something",Commuters reported long queue and train delay after track maintenance at Universiti station at KLCC Passengers shared delay slip and crowding evidence during rush hour Rapid KL staff guided queue and temporary shuttle arrangement There are 1 comments in total author reply Show 1 replies Say something,1,incident_delay,synthetic_mock
mrt - 小红书搜索 - Google Chrome,2485,mock_post_2485.png,mrt - 小红书搜索 - Google Chrome,2026-02-24T01:25:00,"Xiaoxuan Talk Malaysia Official
focus on
Normal operation resumed and train intervals are back to schedule at Wangsa Maju.
People shared regular commute and station photos
No emergency notice was posted
Malaysia transport update 2024-08-08
There are 18 comments in total
author
reply
Show 2 replies
Say something",Normal operation resumed and train intervals are back to schedule at Wangsa Maju People shared regular commute and station photos No emergency notice was posted Malaysia transport update 2024 08 08 There are 18 comments in total author reply Show 2 replies Say something,0,normal_operation,synthetic_mock
lrt klcc - 小红书搜索 - Google Chrome,2486,mock_post_2486.png,lrt klcc - 小红书搜索 - Google Chrome,2026-02-24T01:26:00,"Little Red Potato 66A1
focus on
LRT Kelana Jaya line had a signaling issue during peak hour and trains moved slowly at Pasar Seni.
Passengers shared delay slip and crowding evidence during rush hour
Rapid KL staff guided queue and temporary shuttle arrangement
There are 15 comments in total
author
reply
Show 3 replies
Say something",LRT Kelana Jaya line had a signaling issue during peak hour and trains moved slowly at Pasar Seni Passengers shared delay slip and crowding evidence during rush hour Rapid KL staff guided queue and temporary shuttle arrangement There are 15 comments in total author reply Show 3 replies Say something,1,incident_breakdown,synthetic_mock
lrtkelanajaya故障 - 小红书搜索 - Google Chrome,2487,mock_post_2487.png,lrtkelanajaya故障 - 小红书搜索 - Google Chrome,2026-02-24T01:27:00,"KL daily commuter
focus on
No disruption observed and transfer between lines completed without waiting at Wangsa Maju.
People shared regular commute and station photos
No emergency notice was posted
There are 14 comments in total
author
reply
Show 1 replies
Say something",No disruption observed and transfer between lines completed without waiting at Wangsa Maju People shared regular commute and station photos No emergency notice was posted There are 14 comments in total author reply Show 1 replies Say something,0,normal_no_incident,synthetic_mock
mrt fault - 小红书搜索 - Google Chrome,2488,mock_post_2488.png,mrt fault - 小红书搜索 - Google Chrome,2026-02-24T01:28:00,"Little Red Potato 66A1
focus on
Rapid KL announced temporary service disruption between KLCC and Gombak with shuttle support at Gombak.
Passengers shared delay slip and crowding evidence during rush hour
Rapid KL staff guided queue and temporary shuttle arrangement
There are 4 comments in total
author
reply
Show 2 replies
Say something",Rapid KL announced temporary service disruption between KLCC and Gombak with shuttle support at Gombak Passengers shared delay slip and crowding evidence during rush hour Rapid KL staff guided queue and temporary shuttle arrangement There are 4 comments in total author reply Show 2 replies Say something,1,incident_service_disruption,synthetic_mock
mrt - 小红书搜索 - Google Chrome,2489,mock_post_2489.png,mrt - 小红书搜索 - Google Chrome,2026-02-24T01:29:00,"KL daily commuter
focus on
Commuting to work was smooth and station crowd level was manageable today at Pasar Seni.
People shared regular commute and station photos
No emergency notice was posted
There are 1 comments in total
author
reply
Show 1 replies
Say something",Commuting to work was smooth and station crowd level was manageable today at Pasar Seni People shared regular commute and station photos No emergency notice was posted There are 1 comments in total author reply Show 1 replies Say something,0,normal_commute,synthetic_mock
🇲🇾LRT停运 注意了‼️ - 小红书 - Google Chrome,2490,mock_post_2490.png,🇲🇾LRT停运 注意了‼️ - 小红书 - Google Chrome,2026-02-24T01:30:00,"Xiaoxuan Talk Malaysia Official
focus on
LRT Kelana Jaya line had a signaling issue during peak hour and trains moved slowly at Universiti.
Passengers shared delay slip and crowding evidence during rush hour
Rapid KL staff guided queue and temporary shuttle arrangement
Malaysia transport update 2026-06-13
There are 16 comments in total
author
reply
Show 3 replies
Say something",LRT Kelana Jaya line had a signaling issue during peak hour and trains moved slowly at Universiti Passengers shared delay slip and crowding evidence during rush hour Rapid KL staff guided queue and temporary shuttle arrangement Malaysia transport update 2026 06 13 There are 16 comments in total author reply Show 3 replies Say something,1,incident_breakdown,synthetic_mock
lrt klcc - 小红书搜索 - Google Chrome,2491,mock_post_2491.png,lrt klcc - 小红书搜索 - Google Chrome,2026-02-24T01:31:00,"Rapid commuter diary
focus on
No disruption observed and transfer between lines completed without waiting at Putra Heights.
People shared regular commute and station photos
No emergency notice was posted
There are 10 comments in total
author
reply
Show 3 replies
Say something",No disruption observed and transfer between lines completed without waiting at Putra Heights People shared regular commute and station photos No emergency notice was posted There are 10 comments in total author reply Show 3 replies Say something,0,normal_no_incident,synthetic_mock
mrt - 小红书搜索 - Google Chrome,2492,mock_post_2492.png,mrt - 小红书搜索 - Google Chrome,2026-02-24T01:32:00,"Little Red Potato 66A1
focus on
Commuters reported long queue and train delay after track maintenance at Universiti station at Ampang Park.
Passengers shared delay slip and crowding evidence during rush hour
Rapid KL staff guided queue and temporary shuttle arrangement
There are 12 comments in total
author
reply
Show 2 replies
Say something",Commuters reported long queue and train delay after track maintenance at Universiti station at Ampang Park Passengers shared delay slip and crowding evidence during rush hour Rapid KL staff guided queue and temporary shuttle arrangement There are 12 comments in total author reply Show 2 replies Say something,1,incident_delay,synthetic_mock
mrt kajang - 小红书搜索 - Google Chrome,2493,mock_post_2493.png,mrt kajang - 小红书搜索 - Google Chrome,2026-02-24T01:33:00,"Ootashi store
focus on
No disruption observed and transfer between lines completed without waiting at Pasar Seni.
People shared regular commute and station photos
No emergency notice was posted
Malaysia transport update 2024-03-27
There are 9 comments in total
author
reply
Show 2 replies
Say something",No disruption observed and transfer between lines completed without waiting at Pasar Seni People shared regular commute and station photos No emergency notice was posted Malaysia transport update 2024 03 27 There are 9 comments in total author reply Show 2 replies Say something,0,normal_no_incident,synthetic_mock
lrt klcc - 小红书搜索 - Google Chrome,2494,mock_post_2494.png,lrt klcc - 小红书搜索 - Google Chrome,2026-02-24T01:34:00,"Xiaoxuan Talk Malaysia Official
focus on
LRT Kelana Jaya line had a signaling issue during peak hour and trains moved slowly at KLCC.
Passengers shared delay slip and crowding evidence during rush hour
Rapid KL staff guided queue and temporary shuttle arrangement
There are 4 comments in total
author
reply
Show 3 replies
Say something",LRT Kelana Jaya line had a signaling issue during peak hour and trains moved slowly at KLCC Passengers shared delay slip and crowding evidence during rush hour Rapid KL staff guided queue and temporary shuttle arrangement There are 4 comments in total author reply Show 3 replies Say something,1,incident_breakdown,synthetic_mock
lrtkelanajaya线 - 小红书搜索 - Google Chrome,2495,mock_post_2495.png,lrtkelanajaya线 - 小红书搜索 - Google Chrome,2026-02-24T01:35:00,"Xiaoxuan Talk Malaysia Official
focus on
Normal operation resumed and train intervals are back to schedule at Universiti.
People shared regular commute and station photos
No emergency notice was posted
There are 14 comments in total
author
reply
Show 3 replies
Say something",Normal operation resumed and train intervals are back to schedule at Universiti People shared regular commute and station photos No emergency notice was posted There are 14 comments in total author reply Show 3 replies Say something,0,normal_operation,synthetic_mock
lrt is bad again - Xiaohongshu search - Google Chrome,2496,mock_post_2496.png,lrt is bad again - Xiaohongshu search - Google Chrome,2026-02-24T01:36:00,"Rapid commuter diary
focus on
LRT Kelana Jaya line had a signaling issue during peak hour and trains moved slowly at Ampang Park.
Passengers shared delay slip and crowding evidence during rush hour
Rapid KL staff guided queue and temporary shuttle arrangement
Malaysia transport update 2024-08-06
There are 14 comments in total
author
reply
Show 3 replies
Say something",LRT Kelana Jaya line had a signaling issue during peak hour and trains moved slowly at Ampang Park Passengers shared delay slip and crowding evidence during rush hour Rapid KL staff guided queue and temporary shuttle arrangement Malaysia transport update 2024 08 06 There are 14 comments in total author reply Show 3 replies Say something,1,incident_breakdown,synthetic_mock
lrtkelanajaya故障 - 小红书搜索 - Google Chrome,2497,mock_post_2497.png,lrtkelanajaya故障 - 小红书搜索 - Google Chrome,2026-02-24T01:37:00,"Little Red Potato 66A1
focus on
Routine travel post about route tips and fare sharing at Kelana Jaya.
People shared regular commute and station photos
No emergency notice was posted
Malaysia transport update 2026-11-12
There are 15 comments in total
author
reply
Show 1 replies
Say something",Routine travel post about route tips and fare sharing at Kelana Jaya People shared regular commute and station photos No emergency notice was posted Malaysia transport update 2026 11 12 There are 15 comments in total author reply Show 1 replies Say something,0,normal_travel_tip,synthetic_mock
lrt is bad again - Xiaohongshu search - Google Chrome,2498,mock_post_2498.png,lrt is bad again - Xiaohongshu search - Google Chrome,2026-02-24T01:38:00,"KL daily commuter
focus on
Passengers were asked to get off at Pasar Seni due to train fault and wait for replacement at Kelana Jaya.
Passengers shared delay slip and crowding evidence during rush hour
Rapid KL staff guided queue and temporary shuttle arrangement
There are 11 comments in total
author
reply
Show 3 replies
Say something",Passengers were asked to get off at Pasar Seni due to train fault and wait for replacement at Kelana Jaya Passengers shared delay slip and crowding evidence during rush hour Rapid KL staff guided queue and temporary shuttle arrangement There are 11 comments in total author reply Show 3 replies Say something,1,incident_train_fault,synthetic_mock
mrtkajang问题 - 小红书搜索 - Google Chrome,2499,mock_post_2499.png,mrtkajang问题 - 小红书搜索 - Google Chrome,2026-02-24T01:39:00,"Ootashi store
focus on
No disruption observed and transfer between lines completed without waiting at KLCC.
People shared regular commute and station photos
No emergency notice was posted
Malaysia transport update 2025-08-04
There are 8 comments in total
author
reply
Show 1 replies
Say something",No disruption observed and transfer between lines completed without waiting at KLCC People shared regular commute and station photos No emergency notice was posted Malaysia transport update 2025 08 04 There are 8 comments in total author reply Show 1 replies Say something,0,normal_no_incident,synthetic_mock
mrtkajang问题 - 小红书搜索 - Google Chrome,2500,mock_post_2500.png,mrtkajang问题 - 小红书搜索 - Google Chrome,2026-02-24T01:40:00,"Leisurely kitten
focus on
Kelana Jaya line maintenance phase affected frequency and caused crowding at stations at Universiti.
Passengers shared delay slip and crowding evidence during rush hour
Rapid KL staff guided queue and temporary shuttle arrangement
Malaysia transport update 2024-05-12
There are 17 comments in total
author
reply
Show 2 replies
Say something",Kelana Jaya line maintenance phase affected frequency and caused crowding at stations at Universiti Passengers shared delay slip and crowding evidence during rush hour Rapid KL staff guided queue and temporary shuttle arrangement Malaysia transport update 2024 05 12 There are 17 comments in total author reply Show 2 replies Say something,1,incident_maintenance_impact,synthetic_mock
🇲🇾LRT KelanajayaLine通告，列车降速 - 小红书 - Google Chrome,2501,mock_post_2501.png,🇲🇾LRT KelanajayaLine通告，列车降速 - 小红书 - Google Chrome,2026-02-24T01:41:00,"KL daily commuter
focus on
Commuting to work was smooth and station crowd level was manageable today at Universiti.
People shared regular commute and station photos
No emergency notice was posted
Malaysia transport update 2024-12-07
There are 1 comments in total
author
reply
Show 1 replies
Say something",Commuting to work was smooth and station crowd level was manageable today at Universiti People shared regular commute and station photos No emergency notice was posted Malaysia transport update 2024 12 07 There are 1 comments in total author reply Show 1 replies Say something,0,normal_commute,synthetic_mock
mrt kajang - 小红书搜索 - Google Chrome,2502,mock_post_2502.png,mrt kajang - 小红书搜索 - Google Chrome,2026-02-24T01:42:00,"Leisurely kitten
focus on
Power trip caused brief outage and service resumed after technicians completed repair at Pasar Seni.
Passengers shared delay slip and crowding evidence during rush hour
Rapid KL staff guided queue and temporary shuttle arrangement
Malaysia transport update 2026-11-12
There are 15 comments in total
author
reply
Show 2 replies
Say something",Power trip caused brief outage and service resumed after technicians completed repair at Pasar Seni Passengers shared delay slip and crowding evidence during rush hour Rapid KL staff guided queue and temporary shuttle arrangement Malaysia transport update 2026 11 12 There are 15 comments in total author reply Show 2 replies Say something,1,incident_power_outage,synthetic_mock
🇲🇾LRT停运 注意了‼️ - 小红书 - Google Chrome,2503,mock_post_2503.png,🇲🇾LRT停运 注意了‼️ - 小红书 - Google Chrome,2026-02-24T01:43:00,"Rapid commuter diary
focus on
Routine travel post about route tips and fare sharing at Gombak.
People shared regular commute and station photos
No emergency notice was posted
Malaysia transport update 2024-09-01
There are 11 comments in total
author
reply
Show 1 replies
Say something",Routine travel post about route tips and fare sharing at Gombak People shared regular commute and station photos No emergency notice was posted Malaysia transport update 2024 09 01 There are 11 comments in total author reply Show 1 replies Say something,0,normal_travel_tip,synthetic_mock
mrt kajang - 小红书搜索 - Google Chrome,2504,mock_post_2504.png,mrt kajang - 小红书搜索 - Google Chrome,2026-02-24T01:44:00,"Rapid commuter diary
focus on
Rapid KL announced temporary service disruption between KLCC and Gombak with shuttle support at KL Sentral.
Passengers shared delay slip and crowding evidence during rush hour
Rapid KL staff guided queue and temporary shuttle arrangement
Malaysia transport update 2025-05-27
There are 14 comments in total
author
reply
Show 2 replies
Say something",Rapid KL announced temporary service disruption between KLCC and Gombak with shuttle support at KL Sentral Passengers shared delay slip and crowding evidence during rush hour Rapid KL staff guided queue and temporary shuttle arrangement Malaysia transport update 2025 05 27 There are 14 comments in total author reply Show 2 replies Say something,1,incident_service_disruption,synthetic_mock
lrtkelanajaya故障 - 小红书搜索 - Google Chrome,2505,mock_post_2505.png,lrtkelanajaya故障 - 小红书搜索 - Google Chrome,2026-02-24T01:45:00,"Leisurely kitten
focus on
Service update says all lines are stable with no major delay this morning at KLCC.
People shared regular commute and station photos
No emergency notice was posted
There are 17 comments in total
author
reply
Show 1 replies
Say something",Service update says all lines are stable with no major delay this morning at KLCC People shared regular commute and station photos No emergency notice was posted There are 17 comments in total author reply Show 1 replies Say something,0,normal_update,synthetic_mock
mrt - 小红书搜索 - Google Chrome,2506,mock_post_2506.png,mrt - 小红书搜索 - Google Chrome,2026-02-24T01:46:00,"Xiaoxuan Talk Malaysia Official
focus on
Kelana Jaya line maintenance phase affected frequency and caused crowding at stations at Ampang Park.
Passengers shared delay slip and crowding evidence during rush hour
Rapid KL staff guided queue and temporary shuttle arrangement
Malaysia transport update 2025-07-14
There are 14 comments in total
author
reply
Show 1 replies
Say something",Kelana Jaya line maintenance phase affected frequency and caused crowding at stations at Ampang Park Passengers shared delay slip and crowding evidence during rush hour Rapid KL staff guided queue and temporary shuttle arrangement Malaysia transport update 2025 07 14 There are 14 comments in total author reply Show 1 replies Say something,1,incident_maintenance_impact,synthetic_mock
mrtkajang问题 - 小红书搜索 - Google Chrome,2507,mock_post_2507.png,mrtkajang问题 - 小红书搜索 - Google Chrome,2026-02-24T01:47:00,"Xiaoxuan Talk Malaysia Official
focus on
Commuting to work was smooth and station crowd level was manageable today at KL Sentral.
People shared regular commute and station photos
No emergency notice was posted
There are 4 comments in total
author
reply
Show 1 replies
Say something",Commuting to work was smooth and station crowd level was manageable today at KL Sentral People shared regular commute and station photos No emergency notice was posted There are 4 comments in total author reply Show 1 replies Say something,0,normal_commute,synthetic_mock
lrtkelanajaya线 - 小红书搜索 - Google Chrome,2508,mock_post_2508.png,lrtkelanajaya线 - 小红书搜索 - Google Chrome,2026-02-24T01:48:00,"City transit watcher
focus on
Passengers were asked to get off at Pasar Seni due to train fault and wait for replacement at Ampang Park.
Passengers shared delay slip and crowding evidence during rush hour
Rapid KL staff guided queue and temporary shuttle arrangement
Malaysia transport update 2025-01-01
There are 9 comments in total
author
reply
Show 3 replies
Say something",Passengers were asked to get off at Pasar Seni due to train fault and wait for replacement at Ampang Park Passengers shared delay slip and crowding evidence during rush hour Rapid KL staff guided queue and temporary shuttle arrangement Malaysia transport update 2025 01 01 There are 9 comments in total author reply Show 3 replies Say something,1,incident_train_fault,synthetic_mock
lrt is bad again - Xiaohongshu search - Google Chrome,2509,mock_post_2509.png,lrt is bad again - Xiaohongshu search - Google Chrome,2026-02-24T01:49:00,"Xiaoxuan Talk Malaysia Official
focus on
Routine travel post about route tips and fare sharing at Masjid Jamek.
People shared regular commute and station photos
No emergency notice was posted
There are 9 comments in total
author
reply
Show 3 replies
Say something",Routine travel post about route tips and fare sharing at Masjid Jamek People shared regular commute and station photos No emergency notice was posted There are 9 comments in total author reply Show 3 replies Say something,0,normal_travel_tip,synthetic_mock
lrtkelanajaya故障 - 小红书搜索 - Google Chrome,2510,mock_post_2510.png,lrtkelanajaya故障 - 小红书搜索 - Google Chrome,2026-02-24T01:50:00,"City transit watcher
focus on
Commuters reported long queue and train delay after track maintenance at Universiti station at Universiti.
Passengers shared delay slip and crowding evidence during rush hour
Rapid KL staff guided queue and temporary shuttle arrangement
There are 3 comments in total
author
reply
Show 2 replies
Say something",Commuters reported long queue and train delay after track maintenance at Universiti station at Universiti Passengers shared delay slip and crowding evidence during rush hour Rapid KL staff guided queue and temporary shuttle arrangement There are 3 comments in total author reply Show 2 replies Say something,1,incident_delay,synthetic_mock
mrt - 小红书搜索 - Google Chrome,2511,mock_post_2511.png,mrt - 小红书搜索 - Google Chrome,2026-02-24T01:51:00,"Little Red Potato 66A1
focus on
Normal operation resumed and train intervals are back to schedule at Gombak.
People shared regular commute and station photos
No emergency notice was posted
There are 2 comments in total
author
reply
Show 3 replies
Say something",Normal operation resumed and train intervals are back to schedule at Gombak People shared regular commute and station photos No emergency notice was posted There are 2 comments in total author reply Show 3 replies Say something,0,normal_operation,synthetic_mock
lrtkelanajaya线 - 小红书搜索 - Google Chrome,2512,mock_post_2512.png,lrtkelanajaya线 - 小红书搜索 - Google Chrome,2026-02-24T01:52:00,"KL daily commuter
focus on
Kelana Jaya line maintenance phase affected frequency and caused crowding at stations at KL Sentral.
Passengers shared delay slip and crowding evidence during rush hour
Rapid KL staff guided queue and temporary shuttle arrangement
Malaysia transport update 2025-10-17
There are 16 comments in total
author
reply
Show 3 replies
Say something",Kelana Jaya line maintenance phase affected frequency and caused crowding at stations at KL Sentral Passengers shared delay slip and crowding evidence during rush hour Rapid KL staff guided queue and temporary shuttle arrangement Malaysia transport update 2025 10 17 There are 16 comments in total author reply Show 3 replies Say something,1,incident_maintenance_impact,synthetic_mock
🇲🇾LRT KelanajayaLine通告，列车降速 - 小红书 - Google Chrome,2513,mock_post_2513.png,🇲🇾LRT KelanajayaLine通告，列车降速 - 小红书 - Google Chrome,2026-02-24T01:53:00,"Ootashi store
focus on
General city transport post not related to outage or malfunction at KLCC.
People shared regular commute and station photos
No emergency notice was posted
Malaysia transport update 2025-11-04
There are 14 comments in total
author
reply
Show 2 replies
Say something",General city transport post not related to outage or malfunction at KLCC People shared regular commute and station photos No emergency notice was posted Malaysia transport update 2025 11 04 There are 14 comments in total author reply Show 2 replies Say something,0,normal_general,synthetic_mock
mrt - 小红书搜索 - Google Chrome,2514,mock_post_2514.png,mrt - 小红书搜索 - Google Chrome,2026-02-24T01:54:00,"Xiaoxuan Talk Malaysia Official
focus on
Passengers were asked to get off at Pasar Seni due to train fault and wait for replacement at Gombak.
Passengers shared delay slip and crowding evidence during rush hour
Rapid KL staff guided queue and temporary shuttle arrangement
Malaysia transport update 2025-02-05
There are 7 comments in total
author
reply
Show 2 replies
Say something",Passengers were asked to get off at Pasar Seni due to train fault and wait for replacement at Gombak Passengers shared delay slip and crowding evidence during rush hour Rapid KL staff guided queue and temporary shuttle arrangement Malaysia transport update 2025 02 05 There are 7 comments in total author reply Show 2 replies Say something,1,incident_train_fault,synthetic_mock
lrtkelanajaya故障 - 小红书搜索 - Google Chrome,2515,mock_post_2515.png,lrtkelanajaya故障 - 小红书搜索 - Google Chrome,2026-02-24T01:55:00,"Rapid commuter diary
focus on
Normal operation resumed and train intervals are back to schedule at Ampang Park.
People shared regular commute and station photos
No emergency notice was posted
There are 8 comments in total
author
reply
Show 1 replies
Say something",Normal operation resumed and train intervals are back to schedule at Ampang Park People shared regular commute and station photos No emergency notice was posted There are 8 comments in total author reply Show 1 replies Say something,0,normal_operation,synthetic_mock
🇲🇾LRT KelanajayaLine通告，列车降速 - 小红书 - Google Chrome,2516,mock_post_2516.png,🇲🇾LRT KelanajayaLine通告，列车降速 - 小红书 - Google Chrome,2026-02-24T01:56:00,"Ootashi store
focus on
Commuters reported long queue and train delay after track maintenance at Universiti station at Wangsa Maju.
Passengers shared delay slip and crowding evidence during rush hour
Rapid KL staff guided queue and temporary shuttle arrangement
Malaysia transport update 2026-09-22
There are 10 comments in total
author
reply
Show 3 replies
Say something",Commuters reported long queue and train delay after track maintenance at Universiti station at Wangsa Maju Passengers shared delay slip and crowding evidence during rush hour Rapid KL staff guided queue and temporary shuttle arrangement Malaysia transport update 2026 09 22 There are 10 comments in total author reply Show 3 replies Say something,1,incident_delay,synthetic_mock
mrt - 小红书搜索 - Google Chrome,2517,mock_post_2517.png,mrt - 小红书搜索 - Google Chrome,2026-02-24T01:57:00,"Rapid commuter diary
focus on
Normal operation resumed and train intervals are back to schedule at KL Sentral.
People shared regular commute and station photos
No emergency notice was posted
There are 3 comments in total
author
reply
Show 3 replies
Say something",Normal operation resumed and train intervals are back to schedule at KL Sentral People shared regular commute and station photos No emergency notice was posted There are 3 comments in total author reply Show 3 replies Say something,0,normal_operation,synthetic_mock
lrtkelanajaya线 - 小红书搜索 - Google Chrome,2518,mock_post_2518.png,lrtkelanajaya线 - 小红书搜索 - Google Chrome,2026-02-24T01:58:00,"KL daily commuter
focus on
Rapid KL announced temporary service disruption between KLCC and Gombak with shuttle support at Wangsa Maju.
Passengers shared delay slip and crowding evidence during rush hour
Rapid KL staff guided queue and temporary shuttle arrangement
There are 5 comments in total
author
reply
Show 1 replies
Say something",Rapid KL announced temporary service disruption between KLCC and Gombak with shuttle support at Wangsa Maju Passengers shared delay slip and crowding evidence during rush hour Rapid KL staff guided queue and temporary shuttle arrangement There are 5 comments in total author reply Show 1 replies Say something,1,incident_service_disruption,synthetic_mock
lrt is bad again - Xiaohongshu search - Google Chrome,2519,mock_post_2519.png,lrt is bad again - Xiaohongshu search - Google Chrome,2026-02-24T01:59:00,"Little Red Potato 66A1
focus on
No disruption observed and transfer between lines completed without waiting at Kelana Jaya.
People shared regular commute and station photos
No emergency notice was posted
Malaysia transport update 2026-03-04
There are 3 comments in total
author
reply
Show 2 replies
Say something",No disruption observed and transfer between lines completed without waiting at Kelana Jaya People shared regular commute and station photos No emergency notice was posted Malaysia transport update 2026 03 04 There are 3 comments in total author reply Show 2 replies Say something,0,normal_no_incident,synthetic_mock
地铁 马来西亚 - 小红书搜索 - Google Chrome,2520,mock_post_2520.png,地铁 马来西亚 - 小红书搜索 - Google Chrome,2026-02-24T02:00:00,"City transit watcher
focus on
Rapid KL announced temporary service disruption between KLCC and Gombak with shuttle support at Kelana Jaya.
Passengers shared delay slip and crowding evidence during rush hour
Rapid KL staff guided queue and temporary shuttle arrangement
There are 9 comments in total
author
reply
Show 1 replies
Say something",Rapid KL announced temporary service disruption between KLCC and Gombak with shuttle support at Kelana Jaya Passengers shared delay slip and crowding evidence during rush hour Rapid KL staff guided queue and temporary shuttle arrangement There are 9 comments in total author reply Show 1 replies Say something,1,incident_service_disruption,synthetic_mock
地铁 马来西亚 - 小红书搜索 - Google Chrome,2521,mock_post_2521.png,地铁 马来西亚 - 小红书搜索 - Google Chrome,2026-02-24T02:01:00,"Leisurely kitten
focus on
Normal operation resumed and train intervals are back to schedule at Universiti.
People shared regular commute and station photos
No emergency notice was posted
There are 17 comments in total
author
reply
Show 3 replies
Say something",Normal operation resumed and train intervals are back to schedule at Universiti People shared regular commute and station photos No emergency notice was posted There are 17 comments in total author reply Show 3 replies Say something,0,normal_operation,synthetic_mock
lrt is bad again - Xiaohongshu search - Google Chrome,2522,mock_post_2522.png,lrt is bad again - Xiaohongshu search - Google Chrome,2026-02-24T02:02:00,"Ootashi store
focus on
Passengers were asked to get off at Pasar Seni due to train fault and wait for replacement at Ampang Park.
Passengers shared delay slip and crowding evidence during rush hour
Rapid KL staff guided queue and temporary shuttle arrangement
There are 3 comments in total
author
reply
Show 2 replies
Say something",Passengers were asked to get off at Pasar Seni due to train fault and wait for replacement at Ampang Park Passengers shared delay slip and crowding evidence during rush hour Rapid KL staff guided queue and temporary shuttle arrangement There are 3 comments in total author reply Show 2 replies Say something,1,incident_train_fault,synthetic_mock
地铁 马来西亚 - 小红书搜索 - Google Chrome,2523,mock_post_2523.png,地铁 马来西亚 - 小红书搜索 - Google Chrome,2026-02-24T02:03:00,"Little Red Potato 66A1
focus on
General city transport post not related to outage or malfunction at Masjid Jamek.
People shared regular commute and station photos
No emergency notice was posted
There are 10 comments in total
author
reply
Show 3 replies
Say something",General city transport post not related to outage or malfunction at Masjid Jamek People shared regular commute and station photos No emergency notice was posted There are 10 comments in total author reply Show 3 replies Say something,0,normal_general,synthetic_mock
地铁 马来西亚 - 小红书搜索 - Google Chrome,2524,mock_post_2524.png,地铁 马来西亚 - 小红书搜索 - Google Chrome,2026-02-24T02:04:00,"Little Red Potato 66A1
focus on
LRT Kelana Jaya line had a signaling issue during peak hour and trains moved slowly at KLCC.
Passengers shared delay slip and crowding evidence during rush hour
Rapid KL staff guided queue and temporary shuttle arrangement
There are 9 comments in total
author
reply
Show 2 replies
Say something",LRT Kelana Jaya line had a signaling issue during peak hour and trains moved slowly at KLCC Passengers shared delay slip and crowding evidence during rush hour Rapid KL staff guided queue and temporary shuttle arrangement There are 9 comments in total author reply Show 2 replies Say something,1,incident_breakdown,synthetic_mock
mrtkajang问题 - 小红书搜索 - Google Chrome,2525,mock_post_2525.png,mrtkajang问题 - 小红书搜索 - Google Chrome,2026-02-24T02:05:00,"KL daily commuter
focus on
Service update says all lines are stable with no major delay this morning at Pasar Seni.
People shared regular commute and station photos
No emergency notice was posted
Malaysia transport update 2025-09-17
There are 8 comments in total
author
reply
Show 3 replies
Say something",Service update says all lines are stable with no major delay this morning at Pasar Seni People shared regular commute and station photos No emergency notice was posted Malaysia transport update 2025 09 17 There are 8 comments in total author reply Show 3 replies Say something,0,normal_update,synthetic_mock
lrt is bad again - Xiaohongshu search - Google Chrome,2526,mock_post_2526.png,lrt is bad again - Xiaohongshu search - Google Chrome,2026-02-24T02:06:00,"Rapid commuter diary
focus on
Passengers were asked to get off at Pasar Seni due to train fault and wait for replacement at Putra Heights.
Passengers shared delay slip and crowding evidence during rush hour
Rapid KL staff guided queue and temporary shuttle arrangement
There are 18 comments in total
author
reply
Show 1 replies
Say something",Passengers were asked to get off at Pasar Seni due to train fault and wait for replacement at Putra Heights Passengers shared delay slip and crowding evidence during rush hour Rapid KL staff guided queue and temporary shuttle arrangement There are 18 comments in total author reply Show 1 replies Say something,1,incident_train_fault,synthetic_mock
lrtkelanajaya线 - 小红书搜索 - Google Chrome,2527,mock_post_2527.png,lrtkelanajaya线 - 小红书搜索 - Google Chrome,2026-02-24T02:07:00,"Little Red Potato 66A1
focus on
Normal operation resumed and train intervals are back to schedule at Gombak.
People shared regular commute and station photos
No emergency notice was posted
Malaysia transport update 2025-06-16
There are 3 comments in total
author
reply
Show 1 replies
Say something",Normal operation resumed and train intervals are back to schedule at Gombak People shared regular commute and station photos No emergency notice was posted Malaysia transport update 2025 06 16 There are 3 comments in total author reply Show 1 replies Say something,0,normal_operation,synthetic_mock
地铁 马来西亚 - 小红书搜索 - Google Chrome,2528,mock_post_2528.png,地铁 马来西亚 - 小红书搜索 - Google Chrome,2026-02-24T02:08:00,"Xiaoxuan Talk Malaysia Official
focus on
Power trip caused brief outage and service resumed after technicians completed repair at KL Sentral.
Passengers shared delay slip and crowding evidence during rush hour
Rapid KL staff guided queue and temporary shuttle arrangement
Malaysia transport update 2025-02-25
There are 3 comments in total
author
reply
Show 1 replies
Say something",Power trip caused brief outage and service resumed after technicians completed repair at KL Sentral Passengers shared delay slip and crowding evidence during rush hour Rapid KL staff guided queue and temporary shuttle arrangement Malaysia transport update 2025 02 25 There are 3 comments in total author reply Show 1 replies Say something,1,incident_power_outage,synthetic_mock
地铁 马来西亚 - 小红书搜索 - Google Chrome,2529,mock_post_2529.png,地铁 马来西亚 - 小红书搜索 - Google Chrome,2026-02-24T02:09:00,"Leisurely kitten
focus on
No disruption observed and transfer between lines completed without waiting at KL Sentral.
People shared regular commute and station photos
No emergency notice was posted
There are 14 comments in total
author
reply
Show 3 replies
Say something",No disruption observed and transfer between lines completed without waiting at KL Sentral People shared regular commute and station photos No emergency notice was posted There are 14 comments in total author reply Show 3 replies Say something,0,normal_no_incident,synthetic_mock
🇲🇾LRT停运 注意了‼️ - 小红书 - Google Chrome,2530,mock_post_2530.png,🇲🇾LRT停运 注意了‼️ - 小红书 - Google Chrome,2026-02-24T02:10:00,"City transit watcher
focus on
Rapid KL announced temporary service disruption between KLCC and Gombak with shuttle support at Ampang Park.
Passengers shared delay slip and crowding evidence during rush hour
Rapid KL staff guided queue and temporary shuttle arrangement
There are 16 comments in total
author
reply
Show 3 replies
Say something",Rapid KL announced temporary service disruption between KLCC and Gombak with shuttle support at Ampang Park Passengers shared delay slip and crowding evidence during rush hour Rapid KL staff guided queue and temporary shuttle arrangement There are 16 comments in total author reply Show 3 replies Say something,1,incident_service_disruption,synthetic_mock
lrt klcc - 小红书搜索 - Google Chrome,2531,mock_post_2531.png,lrt klcc - 小红书搜索 - Google Chrome,2026-02-24T02:11:00,"Xiaoxuan Talk Malaysia Official
focus on
Normal operation resumed and train intervals are back to schedule at Gombak.
People shared regular commute and station photos
No emergency notice was posted
There are 8 comments in total
author
reply
Show 3 replies
Say something",Normal operation resumed and train intervals are back to schedule at Gombak People shared regular commute and station photos No emergency notice was posted There are 8 comments in total author reply Show 3 replies Say something,0,normal_operation,synthetic_mock
mrt kajang - 小红书搜索 - Google Chrome,2532,mock_post_2532.png,mrt kajang - 小红书搜索 - Google Chrome,2026-02-24T02:12:00,"KL daily commuter
focus on
Commuters reported long queue and train delay after track maintenance at Universiti station at KLCC.
Passengers shared delay slip and crowding evidence during rush hour
Rapid KL staff guided queue and temporary shuttle arrangement
There are 4 comments in total
author
reply
Show 2 replies
Say something",Commuters reported long queue and train delay after track maintenance at Universiti station at KLCC Passengers shared delay slip and crowding evidence during rush hour Rapid KL staff guided queue and temporary shuttle arrangement There are 4 comments in total author reply Show 2 replies Say something,1,incident_delay,synthetic_mock
mrt - 小红书搜索 - Google Chrome,2533,mock_post_2533.png,mrt - 小红书搜索 - Google Chrome,2026-02-24T02:13:00,"Little Red Potato 66A1
focus on
Normal operation resumed and train intervals are back to schedule at Ampang Park.
People shared regular commute and station photos
No emergency notice was posted
There are 6 comments in total
author
reply
Show 2 replies
Say something",Normal operation resumed and train intervals are back to schedule at Ampang Park People shared regular commute and station photos No emergency notice was posted There are 6 comments in total author reply Show 2 replies Say something,0,normal_operation,synthetic_mock
🇲🇾LRT KelanajayaLine通告，列车降速 - 小红书 - Google Chrome,2534,mock_post_2534.png,🇲🇾LRT KelanajayaLine通告，列车降速 - 小红书 - Google Chrome,2026-02-24T02:14:00,"Little Red Potato 66A1
focus on
Kelana Jaya line maintenance phase affected frequency and caused crowding at stations at Masjid Jamek.
Passengers shared delay slip and crowding evidence during rush hour
Rapid KL staff guided queue and temporary shuttle arrangement
Malaysia transport update 2026-07-12
There are 4 comments in total
author
reply
Show 2 replies
Say something",Kelana Jaya line maintenance phase affected frequency and caused crowding at stations at Masjid Jamek Passengers shared delay slip and crowding evidence during rush hour Rapid KL staff guided queue and temporary shuttle arrangement Malaysia transport update 2026 07 12 There are 4 comments in total author reply Show 2 replies Say something,1,incident_maintenance_impact,synthetic_mock
mrt kajang - 小红书搜索 - Google Chrome,2535,mock_post_2535.png,mrt kajang - 小红书搜索 - Google Chrome,2026-02-24T02:15:00,"Ootashi store
focus on
General city transport post not related to outage or malfunction at Wangsa Maju.
People shared regular commute and station photos
No emergency notice was posted
Malaysia transport update 2024-10-14
There are 10 comments in total
author
reply
Show 3 replies
Say something",General city transport post not related to outage or malfunction at Wangsa Maju People shared regular commute and station photos No emergency notice was posted Malaysia transport update 2024 10 14 There are 10 comments in total author reply Show 3 replies Say something,0,normal_general,synthetic_mock
mrt - 小红书搜索 - Google Chrome,2536,mock_post_2536.png,mrt - 小红书搜索 - Google Chrome,2026-02-24T02:16:00,"Ootashi store
focus on
Power trip caused brief outage and service resumed after technicians completed repair at Masjid Jamek.
Passengers shared delay slip and crowding evidence during rush hour
Rapid KL staff guided queue and temporary shuttle arrangement
There are 14 comments in total
author
reply
Show 1 replies
Say something",Power trip caused brief outage and service resumed after technicians completed repair at Masjid Jamek Passengers shared delay slip and crowding evidence during rush hour Rapid KL staff guided queue and temporary shuttle arrangement There are 14 comments in total author reply Show 1 replies Say something,1,incident_power_outage,synthetic_mock
lrt klcc - 小红书搜索 - Google Chrome,2537,mock_post_2537.png,lrt klcc - 小红书搜索 - Google Chrome,2026-02-24T02:17:00,"Leisurely kitten
focus on
No disruption observed and transfer between lines completed without waiting at Masjid Jamek.
People shared regular commute and station photos
No emergency notice was posted
Malaysia transport update 2025-01-05
There are 18 comments in total
author
reply
Show 2 replies
Say something",No disruption observed and transfer between lines completed without waiting at Masjid Jamek People shared regular commute and station photos No emergency notice was posted Malaysia transport update 2025 01 05 There are 18 comments in total author reply Show 2 replies Say something,0,normal_no_incident,synthetic_mock
lrtkelanajaya线 - 小红书搜索 - Google Chrome,2538,mock_post_2538.png,lrtkelanajaya线 - 小红书搜索 - Google Chrome,2026-02-24T02:18:00,"Ootashi store
focus on
Power trip caused brief outage and service resumed after technicians completed repair at Pasar Seni.
Passengers shared delay slip and crowding evidence during rush hour
Rapid KL staff guided queue and temporary shuttle arrangement
There are 12 comments in total
author
reply
Show 3 replies
Say something",Power trip caused brief outage and service resumed after technicians completed repair at Pasar Seni Passengers shared delay slip and crowding evidence during rush hour Rapid KL staff guided queue and temporary shuttle arrangement There are 12 comments in total author reply Show 3 replies Say something,1,incident_power_outage,synthetic_mock
地铁 马来西亚 - 小红书搜索 - Google Chrome,2539,mock_post_2539.png,地铁 马来西亚 - 小红书搜索 - Google Chrome,2026-02-24T02:19:00,"Leisurely kitten
focus on
General city transport post not related to outage or malfunction at Wangsa Maju.
People shared regular commute and station photos
No emergency notice was posted
Malaysia transport update 2024-01-17
There are 8 comments in total
author
reply
Show 2 replies
Say something",General city transport post not related to outage or malfunction at Wangsa Maju People shared regular commute and station photos No emergency notice was posted Malaysia transport update 2024 01 17 There are 8 comments in total author reply Show 2 replies Say something,0,normal_general,synthetic_mock
mrt kajang - 小红书搜索 - Google Chrome,2540,mock_post_2540.png,mrt kajang - 小红书搜索 - Google Chrome,2026-02-24T02:20:00,"City transit watcher
focus on
Power trip caused brief outage and service resumed after technicians completed repair at Masjid Jamek.
Passengers shared delay slip and crowding evidence during rush hour
Rapid KL staff guided queue and temporary shuttle arrangement
Malaysia transport update 2026-01-14
There are 5 comments in total
author
reply
Show 2 replies
Say something",Power trip caused brief outage and service resumed after technicians completed repair at Masjid Jamek Passengers shared delay slip and crowding evidence during rush hour Rapid KL staff guided queue and temporary shuttle arrangement Malaysia transport update 2026 01 14 There are 5 comments in total author reply Show 2 replies Say something,1,incident_power_outage,synthetic_mock
🇲🇾LRT KelanajayaLine通告，列车降速 - 小红书 - Google Chrome,2541,mock_post_2541.png,🇲🇾LRT KelanajayaLine通告，列车降速 - 小红书 - Google Chrome,2026-02-24T02:21:00,"KL daily commuter
focus on
No disruption observed and transfer between lines completed without waiting at Pasar Seni.
People shared regular commute and station photos
No emergency notice was posted
Malaysia transport update 2026-10-03
There are 14 comments in total
author
reply
Show 1 replies
Say something",No disruption observed and transfer between lines completed without waiting at Pasar Seni People shared regular commute and station photos No emergency notice was posted Malaysia transport update 2026 10 03 There are 14 comments in total author reply Show 1 replies Say something,0,normal_no_incident,synthetic_mock
🇲🇾LRT停运 注意了‼️ - 小红书 - Google Chrome,2542,mock_post_2542.png,🇲🇾LRT停运 注意了‼️ - 小红书 - Google Chrome,2026-02-24T02:22:00,"Leisurely kitten
focus on
LRT Kelana Jaya line had a signaling issue during peak hour and trains moved slowly at KLCC.
Passengers shared delay slip and crowding evidence during rush hour
Rapid KL staff guided queue and temporary shuttle arrangement
Malaysia transport update 2024-10-25
There are 8 comments in total
author
reply
Show 2 replies
Say something",LRT Kelana Jaya line had a signaling issue during peak hour and trains moved slowly at KLCC Passengers shared delay slip and crowding evidence during rush hour Rapid KL staff guided queue and temporary shuttle arrangement Malaysia transport update 2024 10 25 There are 8 comments in total author reply Show 2 replies Say something,1,incident_breakdown,synthetic_mock
lrtkelanajaya线 - 小红书搜索 - Google Chrome,2543,mock_post_2543.png,lrtkelanajaya线 - 小红书搜索 - Google Chrome,2026-02-24T02:23:00,"KL daily commuter
focus on
Routine travel post about route tips and fare sharing at Pasar Seni.
People shared regular commute and station photos
No emergency notice was posted
There are 14 comments in total
author
reply
Show 1 replies
Say something",Routine travel post about route tips and fare sharing at Pasar Seni People shared regular commute and station photos No emergency notice was posted There are 14 comments in total author reply Show 1 replies Say something,0,normal_travel_tip,synthetic_mock
mrt - 小红书搜索 - Google Chrome,2544,mock_post_2544.png,mrt - 小红书搜索 - Google Chrome,2026-02-24T02:24:00,"City transit watcher
focus on
Rapid KL announced temporary service disruption between KLCC and Gombak with shuttle support at Ampang Park.
Passengers shared delay slip and crowding evidence during rush hour
Rapid KL staff guided queue and temporary shuttle arrangement
Malaysia transport update 2024-06-06
There are 8 comments in total
author
reply
Show 1 replies
Say something",Rapid KL announced temporary service disruption between KLCC and Gombak with shuttle support at Ampang Park Passengers shared delay slip and crowding evidence during rush hour Rapid KL staff guided queue and temporary shuttle arrangement Malaysia transport update 2024 06 06 There are 8 comments in total author reply Show 1 replies Say something,1,incident_service_disruption,synthetic_mock
mrt - 小红书搜索 - Google Chrome,2545,mock_post_2545.png,mrt - 小红书搜索 - Google Chrome,2026-02-24T02:25:00,"Little Red Potato 66A1
focus on
Commuting to work was smooth and station crowd level was manageable today at Masjid Jamek.
People shared regular commute and station photos
No emergency notice was posted
Malaysia transport update 2025-12-01
There are 6 comments in total
author
reply
Show 2 replies
Say something",Commuting to work was smooth and station crowd level was manageable today at Masjid Jamek People shared regular commute and station photos No emergency notice was posted Malaysia transport update 2025 12 01 There are 6 comments in total author reply Show 2 replies Say something,0,normal_commute,synthetic_mock
lrt is bad again - Xiaohongshu search - Google Chrome,2546,mock_post_2546.png,lrt is bad again - Xiaohongshu search - Google Chrome,2026-02-24T02:26:00,"Ootashi store
focus on
Commuters reported long queue and train delay after track maintenance at Universiti station at Ampang Park.
Passengers shared delay slip and crowding evidence during rush hour
Rapid KL staff guided queue and temporary shuttle arrangement
Malaysia transport update 2026-02-14
There are 11 comments in total
author
reply
Show 3 replies
Say something",Commuters reported long queue and train delay after track maintenance at Universiti station at Ampang Park Passengers shared delay slip and crowding evidence during rush hour Rapid KL staff guided queue and temporary shuttle arrangement Malaysia transport update 2026 02 14 There are 11 comments in total author reply Show 3 replies Say something,1,incident_delay,synthetic_mock
mrtkajang问题 - 小红书搜索 - Google Chrome,2547,mock_post_2547.png,mrtkajang问题 - 小红书搜索 - Google Chrome,2026-02-24T02:27:00,"Leisurely kitten
focus on
Service update says all lines are stable with no major delay this morning at Gombak.
People shared regular commute and station photos
No emergency notice was posted
Malaysia transport update 2026-07-13
There are 3 comments in total
author
reply
Show 2 replies
Say something",Service update says all lines are stable with no major delay this morning at Gombak People shared regular commute and station photos No emergency notice was posted Malaysia transport update 2026 07 13 There are 3 comments in total author reply Show 2 replies Say something,0,normal_update,synthetic_mock
地铁 马来西亚 - 小红书搜索 - Google Chrome,2548,mock_post_2548.png,地铁 马来西亚 - 小红书搜索 - Google Chrome,2026-02-24T02:28:00,"KL daily commuter
focus on
Kelana Jaya line maintenance phase affected frequency and caused crowding at stations at KLCC.
Passengers shared delay slip and crowding evidence during rush hour
Rapid KL staff guided queue and temporary shuttle arrangement
Malaysia transport update 2026-05-20
There are 18 comments in total
author
reply
Show 3 replies
Say something",Kelana Jaya line maintenance phase affected frequency and caused crowding at stations at KLCC Passengers shared delay slip and crowding evidence during rush hour Rapid KL staff guided queue and temporary shuttle arrangement Malaysia transport update 2026 05 20 There are 18 comments in total author reply Show 3 replies Say something,1,incident_maintenance_impact,synthetic_mock
地铁 马来西亚 - 小红书搜索 - Google Chrome,2549,mock_post_2549.png,地铁 马来西亚 - 小红书搜索 - Google Chrome,2026-02-24T02:29:00,"Little Red Potato 66A1
focus on
General city transport post not related to outage or malfunction at Kelana Jaya.
People shared regular commute and station photos
No emergency notice was posted
Malaysia transport update 2026-01-28
There are 13 comments in total
author
reply
Show 2 replies
Say something",General city transport post not related to outage or malfunction at Kelana Jaya People shared regular commute and station photos No emergency notice was posted Malaysia transport update 2026 01 28 There are 13 comments in total author reply Show 2 replies Say something,0,normal_general,synthetic_mock
mrt fault - 小红书搜索 - Google Chrome,2550,mock_post_2550.png,mrt fault - 小红书搜索 - Google Chrome,2026-02-24T02:30:00,"Leisurely kitten
focus on
Rapid KL announced temporary service disruption between KLCC and Gombak with shuttle support at KLCC.
Passengers shared delay slip and crowding evidence during rush hour
Rapid KL staff guided queue and temporary shuttle arrangement
Malaysia transport update 2025-07-17
There are 4 comments in total
author
reply
Show 1 replies
Say something",Rapid KL announced temporary service disruption between KLCC and Gombak with shuttle support at KLCC Passengers shared delay slip and crowding evidence during rush hour Rapid KL staff guided queue and temporary shuttle arrangement Malaysia transport update 2025 07 17 There are 4 comments in total author reply Show 1 replies Say something,1,incident_service_disruption,synthetic_mock
mrt kajang - 小红书搜索 - Google Chrome,2551,mock_post_2551.png,mrt kajang - 小红书搜索 - Google Chrome,2026-02-24T02:31:00,"Rapid commuter diary
focus on
Routine travel post about route tips and fare sharing at Pasar Seni.
People shared regular commute and station photos
No emergency notice was posted
There are 9 comments in total
author
reply
Show 3 replies
Say something",Routine travel post about route tips and fare sharing at Pasar Seni People shared regular commute and station photos No emergency notice was posted There are 9 comments in total author reply Show 3 replies Say something,0,normal_travel_tip,synthetic_mock
🇲🇾LRT KelanajayaLine通告，列车降速 - 小红书 - Google Chrome,2552,mock_post_2552.png,🇲🇾LRT KelanajayaLine通告，列车降速 - 小红书 - Google Chrome,2026-02-24T02:32:00,"Little Red Potato 66A1
focus on
Passengers were asked to get off at Pasar Seni due to train fault and wait for replacement at Masjid Jamek.
Passengers shared delay slip and crowding evidence during rush hour
Rapid KL staff guided queue and temporary shuttle arrangement
There are 8 comments in total
author
reply
Show 3 replies
Say something",Passengers were asked to get off at Pasar Seni due to train fault and wait for replacement at Masjid Jamek Passengers shared delay slip and crowding evidence during rush hour Rapid KL staff guided queue and temporary shuttle arrangement There are 8 comments in total author reply Show 3 replies Say something,1,incident_train_fault,synthetic_mock
lrt klcc - 小红书搜索 - Google Chrome,2553,mock_post_2553.png,lrt klcc - 小红书搜索 - Google Chrome,2026-02-24T02:33:00,"Little Red Potato 66A1
focus on
No disruption observed and transfer between lines completed without waiting at KL Sentral.
People shared regular commute and station photos
No emergency notice was posted
Malaysia transport update 2026-07-19
There are 10 comments in total
author
reply
Show 3 replies
Say something",No disruption observed and transfer between lines completed without waiting at KL Sentral People shared regular commute and station photos No emergency notice was posted Malaysia transport update 2026 07 19 There are 10 comments in total author reply Show 3 replies Say something,0,normal_no_incident,synthetic_mock
🇲🇾LRT KelanajayaLine通告，列车降速 - 小红书 - Google Chrome,2554,mock_post_2554.png,🇲🇾LRT KelanajayaLine通告，列车降速 - 小红书 - Google Chrome,2026-02-24T02:34:00,"Little Red Potato 66A1
focus on
Commuters reported long queue and train delay after track maintenance at Universiti station at Putra Heights.
Passengers shared delay slip and crowding evidence during rush hour
Rapid KL staff guided queue and temporary shuttle arrangement
Malaysia transport update 2025-11-02
There are 4 comments in total
author
reply
Show 1 replies
Say something",Commuters reported long queue and train delay after track maintenance at Universiti station at Putra Heights Passengers shared delay slip and crowding evidence during rush hour Rapid KL staff guided queue and temporary shuttle arrangement Malaysia transport update 2025 11 02 There are 4 comments in total author reply Show 1 replies Say something,1,incident_delay,synthetic_mock
mrt kajang - 小红书搜索 - Google Chrome,2555,mock_post_2555.png,mrt kajang - 小红书搜索 - Google Chrome,2026-02-24T02:35:00,"City transit watcher
focus on
Service update says all lines are stable with no major delay this morning at KL Sentral.
People shared regular commute and station photos
No emergency notice was posted
Malaysia transport update 2026-08-12
There are 8 comments in total
author
reply
Show 3 replies
Say something",Service update says all lines are stable with no major delay this morning at KL Sentral People shared regular commute and station photos No emergency notice was posted Malaysia transport update 2026 08 12 There are 8 comments in total author reply Show 3 replies Say something,0,normal_update,synthetic_mock
🇲🇾LRT KelanajayaLine通告，列车降速 - 小红书 - Google Chrome,2556,mock_post_2556.png,🇲🇾LRT KelanajayaLine通告，列车降速 - 小红书 - Google Chrome,2026-02-24T02:36:00,"Leisurely kitten
focus on
Kelana Jaya line maintenance phase affected frequency and caused crowding at stations at Kelana Jaya.
Passengers shared delay slip and crowding evidence during rush hour
Rapid KL staff guided queue and temporary shuttle arrangement
Malaysia transport update 2025-02-14
There are 2 comments in total
author
reply
Show 1 replies
Say something",Kelana Jaya line maintenance phase affected frequency and caused crowding at stations at Kelana Jaya Passengers shared delay slip and crowding evidence during rush hour Rapid KL staff guided queue and temporary shuttle arrangement Malaysia transport update 2025 02 14 There are 2 comments in total author reply Show 1 replies Say something,1,incident_maintenance_impact,synthetic_mock
🇲🇾LRT停运 注意了‼️ - 小红书 - Google Chrome,2557,mock_post_2557.png,🇲🇾LRT停运 注意了‼️ - 小红书 - Google Chrome,2026-02-24T02:37:00,"KL daily commuter
focus on
Routine travel post about route tips and fare sharing at Masjid Jamek.
People shared regular commute and station photos
No emergency notice was posted
Malaysia transport update 2025-06-08
There are 14 comments in total
author
reply
Show 3 replies
Say something",Routine travel post about route tips and fare sharing at Masjid Jamek People shared regular commute and station photos No emergency notice was posted Malaysia transport update 2025 06 08 There are 14 comments in total author reply Show 3 replies Say something,0,normal_travel_tip,synthetic_mock
🇲🇾LRT KelanajayaLine通告，列车降速 - 小红书 - Google Chrome,2558,mock_post_2558.png,🇲🇾LRT KelanajayaLine通告，列车降速 - 小红书 - Google Chrome,2026-02-24T02:38:00,"Little Red Potato 66A1
focus on
Rapid KL announced temporary service disruption between KLCC and Gombak with shuttle support at KLCC.
Passengers shared delay slip and crowding evidence during rush hour
Rapid KL staff guided queue and temporary shuttle arrangement
There are 11 comments in total
author
reply
Show 2 replies
Say something",Rapid KL announced temporary service disruption between KLCC and Gombak with shuttle support at KLCC Passengers shared delay slip and crowding evidence during rush hour Rapid KL staff guided queue and temporary shuttle arrangement There are 11 comments in total author reply Show 2 replies Say something,1,incident_service_disruption,synthetic_mock
mrt - 小红书搜索 - Google Chrome,2559,mock_post_2559.png,mrt - 小红书搜索 - Google Chrome,2026-02-24T02:39:00,"Rapid commuter diary
focus on
Normal operation resumed and train intervals are back to schedule at Wangsa Maju.
People shared regular commute and station photos
No emergency notice was posted
Malaysia transport update 2024-10-21
There are 10 comments in total
author
reply
Show 1 replies
Say something",Normal operation resumed and train intervals are back to schedule at Wangsa Maju People shared regular commute and station photos No emergency notice was posted Malaysia transport update 2024 10 21 There are 10 comments in total author reply Show 1 replies Say something,0,normal_operation,synthetic_mock
地铁 马来西亚 - 小红书搜索 - Google Chrome,2560,mock_post_2560.png,地铁 马来西亚 - 小红书搜索 - Google Chrome,2026-02-24T02:40:00,"Leisurely kitten
focus on
Passengers were asked to get off at Pasar Seni due to train fault and wait for replacement at KL Sentral.
Passengers shared delay slip and crowding evidence during rush hour
Rapid KL staff guided queue and temporary shuttle arrangement
Malaysia transport update 2025-07-13
There are 9 comments in total
author
reply
Show 3 replies
Say something",Passengers were asked to get off at Pasar Seni due to train fault and wait for replacement at KL Sentral Passengers shared delay slip and crowding evidence during rush hour Rapid KL staff guided queue and temporary shuttle arrangement Malaysia transport update 2025 07 13 There are 9 comments in total author reply Show 3 replies Say something,1,incident_train_fault,synthetic_mock
lrtkelanajaya故障 - 小红书搜索 - Google Chrome,2561,mock_post_2561.png,lrtkelanajaya故障 - 小红书搜索 - Google Chrome,2026-02-24T02:41:00,"Rapid commuter diary
focus on
Routine travel post about route tips and fare sharing at Wangsa Maju.
People shared regular commute and station photos
No emergency notice was posted
Malaysia transport update 2024-06-26
There are 14 comments in total
author
reply
Show 2 replies
Say something",Routine travel post about route tips and fare sharing at Wangsa Maju People shared regular commute and station photos No emergency notice was posted Malaysia transport update 2024 06 26 There are 14 comments in total author reply Show 2 replies Say something,0,normal_travel_tip,synthetic_mock
地铁 马来西亚 - 小红书搜索 - Google Chrome,2562,mock_post_2562.png,地铁 马来西亚 - 小红书搜索 - Google Chrome,2026-02-24T02:42:00,"Leisurely kitten
focus on
LRT Kelana Jaya line had a signaling issue during peak hour and trains moved slowly at Gombak.
Passengers shared delay slip and crowding evidence during rush hour
Rapid KL staff guided queue and temporary shuttle arrangement
Malaysia transport update 2025-08-25
There are 15 comments in total
author
reply
Show 2 replies
Say something",LRT Kelana Jaya line had a signaling issue during peak hour and trains moved slowly at Gombak Passengers shared delay slip and crowding evidence during rush hour Rapid KL staff guided queue and temporary shuttle arrangement Malaysia transport update 2025 08 25 There are 15 comments in total author reply Show 2 replies Say something,1,incident_breakdown,synthetic_mock
lrtkelanajaya线 - 小红书搜索 - Google Chrome,2563,mock_post_2563.png,lrtkelanajaya线 - 小红书搜索 - Google Chrome,2026-02-24T02:43:00,"Rapid commuter diary
focus on
Normal operation resumed and train intervals are back to schedule at KL Sentral.
People shared regular commute and station photos
No emergency notice was posted
There are 10 comments in total
author
reply
Show 2 replies
Say something",Normal operation resumed and train intervals are back to schedule at KL Sentral People shared regular commute and station photos No emergency notice was posted There are 10 comments in total author reply Show 2 replies Say something,0,normal_operation,synthetic_mock
lrtkelanajaya线 - 小红书搜索 - Google Chrome,2564,mock_post_2564.png,lrtkelanajaya线 - 小红书搜索 - Google Chrome,2026-02-24T02:44:00,"KL daily commuter
focus on
Rapid KL announced temporary service disruption between KLCC and Gombak with shuttle support at Masjid Jamek.
Passengers shared delay slip and crowding evidence during rush hour
Rapid KL staff guided queue and temporary shuttle arrangement
There are 14 comments in total
author
reply
Show 1 replies
Say something",Rapid KL announced temporary service disruption between KLCC and Gombak with shuttle support at Masjid Jamek Passengers shared delay slip and crowding evidence during rush hour Rapid KL staff guided queue and temporary shuttle arrangement There are 14 comments in total author reply Show 1 replies Say something,1,incident_service_disruption,synthetic_mock
mrt fault - 小红书搜索 - Google Chrome,2565,mock_post_2565.png,mrt fault - 小红书搜索 - Google Chrome,2026-02-24T02:45:00,"KL daily commuter
focus on
Commuting to work was smooth and station crowd level was manageable today at Gombak.
People shared regular commute and station photos
No emergency notice was posted
Malaysia transport update 2025-03-28
There are 6 comments in total
author
reply
Show 2 replies
Say something",Commuting to work was smooth and station crowd level was manageable today at Gombak People shared regular commute and station photos No emergency notice was posted Malaysia transport update 2025 03 28 There are 6 comments in total author reply Show 2 replies Say something,0,normal_commute,synthetic_mock
lrt is bad again - Xiaohongshu search - Google Chrome,2566,mock_post_2566.png,lrt is bad again - Xiaohongshu search - Google Chrome,2026-02-24T02:46:00,"Xiaoxuan Talk Malaysia Official
focus on
Kelana Jaya line maintenance phase affected frequency and caused crowding at stations at Gombak.
Passengers shared delay slip and crowding evidence during rush hour
Rapid KL staff guided queue and temporary shuttle arrangement
Malaysia transport update 2026-06-20
There are 12 comments in total
author
reply
Show 1 replies
Say something",Kelana Jaya line maintenance phase affected frequency and caused crowding at stations at Gombak Passengers shared delay slip and crowding evidence during rush hour Rapid KL staff guided queue and temporary shuttle arrangement Malaysia transport update 2026 06 20 There are 12 comments in total author reply Show 1 replies Say something,1,incident_maintenance_impact,synthetic_mock
lrtkelanajaya故障 - 小红书搜索 - Google Chrome,2567,mock_post_2567.png,lrtkelanajaya故障 - 小红书搜索 - Google Chrome,2026-02-24T02:47:00,"Ootashi store
focus on
Normal operation resumed and train intervals are back to schedule at Wangsa Maju.
People shared regular commute and station photos
No emergency notice was posted
There are 4 comments in total
author
reply
Show 1 replies
Say something",Normal operation resumed and train intervals are back to schedule at Wangsa Maju People shared regular commute and station photos No emergency notice was posted There are 4 comments in total author reply Show 1 replies Say something,0,normal_operation,synthetic_mock
🇲🇾LRT停运 注意了‼️ - 小红书 - Google Chrome,2568,mock_post_2568.png,🇲🇾LRT停运 注意了‼️ - 小红书 - Google Chrome,2026-02-24T02:48:00,"KL daily commuter
focus on
Commuters reported long queue and train delay after track maintenance at Universiti station at Pasar Seni.
Passengers shared delay slip and crowding evidence during rush hour
Rapid KL staff guided queue and temporary shuttle arrangement
There are 14 comments in total
author
reply
Show 2 replies
Say something",Commuters reported long queue and train delay after track maintenance at Universiti station at Pasar Seni Passengers shared delay slip and crowding evidence during rush hour Rapid KL staff guided queue and temporary shuttle arrangement There are 14 comments in total author reply Show 2 replies Say something,1,incident_delay,synthetic_mock
lrt klcc - 小红书搜索 - Google Chrome,2569,mock_post_2569.png,lrt klcc - 小红书搜索 - Google Chrome,2026-02-24T02:49:00,"Rapid commuter diary
focus on
No disruption observed and transfer between lines completed without waiting at Gombak.
People shared regular commute and station photos
No emergency notice was posted
Malaysia transport update 2025-10-03
There are 13 comments in total
author
reply
Show 1 replies
Say something",No disruption observed and transfer between lines completed without waiting at Gombak People shared regular commute and station photos No emergency notice was posted Malaysia transport update 2025 10 03 There are 13 comments in total author reply Show 1 replies Say something,0,normal_no_incident,synthetic_mock
mrt fault - 小红书搜索 - Google Chrome,2570,mock_post_2570.png,mrt fault - 小红书搜索 - Google Chrome,2026-02-24T02:50:00,"Leisurely kitten
focus on
LRT Kelana Jaya line had a signaling issue during peak hour and trains moved slowly at Pasar Seni.
Passengers shared delay slip and crowding evidence during rush hour
Rapid KL staff guided queue and temporary shuttle arrangement
There are 4 comments in total
author
reply
Show 1 replies
Say something",LRT Kelana Jaya line had a signaling issue during peak hour and trains moved slowly at Pasar Seni Passengers shared delay slip and crowding evidence during rush hour Rapid KL staff guided queue and temporary shuttle arrangement There are 4 comments in total author reply Show 1 replies Say something,1,incident_breakdown,synthetic_mock
lrt is bad again - Xiaohongshu search - Google Chrome,2571,mock_post_2571.png,lrt is bad again - Xiaohongshu search - Google Chrome,2026-02-24T02:51:00,"Little Red Potato 66A1
focus on
Routine travel post about route tips and fare sharing at Gombak.
People shared regular commute and station photos
No emergency notice was posted
There are 13 comments in total
author
reply
Show 1 replies
Say something",Routine travel post about route tips and fare sharing at Gombak People shared regular commute and station photos No emergency notice was posted There are 13 comments in total author reply Show 1 replies Say something,0,normal_travel_tip,synthetic_mock
lrtkelanajaya故障 - 小红书搜索 - Google Chrome,2572,mock_post_2572.png,lrtkelanajaya故障 - 小红书搜索 - Google Chrome,2026-02-24T02:52:00,"Xiaoxuan Talk Malaysia Official
focus on
Passengers were asked to get off at Pasar Seni due to train fault and wait for replacement at Kelana Jaya.
Passengers shared delay slip and crowding evidence during rush hour
Rapid KL staff guided queue and temporary shuttle arrangement
Malaysia transport update 2026-07-16
There are 16 comments in total
author
reply
Show 3 replies
Say something",Passengers were asked to get off at Pasar Seni due to train fault and wait for replacement at Kelana Jaya Passengers shared delay slip and crowding evidence during rush hour Rapid KL staff guided queue and temporary shuttle arrangement Malaysia transport update 2026 07 16 There are 16 comments in total author reply Show 3 replies Say something,1,incident_train_fault,synthetic_mock
lrt is bad again - Xiaohongshu search - Google Chrome,2573,mock_post_2573.png,lrt is bad again - Xiaohongshu search - Google Chrome,2026-02-24T02:53:00,"Ootashi store
focus on
Service update says all lines are stable with no major delay this morning at KLCC.
People shared regular commute and station photos
No emergency notice was posted
There are 12 comments in total
author
reply
Show 2 replies
Say something",Service update says all lines are stable with no major delay this morning at KLCC People shared regular commute and station photos No emergency notice was posted There are 12 comments in total author reply Show 2 replies Say something,0,normal_update,synthetic_mock
lrtkelanajaya故障 - 小红书搜索 - Google Chrome,2574,mock_post_2574.png,lrtkelanajaya故障 - 小红书搜索 - Google Chrome,2026-02-24T02:54:00,"Ootashi store
focus on
Commuters reported long queue and train delay after track maintenance at Universiti station at Ampang Park.
Passengers shared delay slip and crowding evidence during rush hour
Rapid KL staff guided queue and temporary shuttle arrangement
There are 14 comments in total
author
reply
Show 2 replies
Say something",Commuters reported long queue and train delay after track maintenance at Universiti station at Ampang Park Passengers shared delay slip and crowding evidence during rush hour Rapid KL staff guided queue and temporary shuttle arrangement There are 14 comments in total author reply Show 2 replies Say something,1,incident_delay,synthetic_mock
mrt - 小红书搜索 - Google Chrome,2575,mock_post_2575.png,mrt - 小红书搜索 - Google Chrome,2026-02-24T02:55:00,"Xiaoxuan Talk Malaysia Official
focus on
General city transport post not related to outage or malfunction at Wangsa Maju.
People shared regular commute and station photos
No emergency notice was posted
Malaysia transport update 2024-03-02
There are 7 comments in total
author
reply
Show 3 replies
Say something",General city transport post not related to outage or malfunction at Wangsa Maju People shared regular commute and station photos No emergency notice was posted Malaysia transport update 2024 03 02 There are 7 comments in total author reply Show 3 replies Say something,0,normal_general,synthetic_mock
lrt is bad again - Xiaohongshu search - Google Chrome,2576,mock_post_2576.png,lrt is bad again - Xiaohongshu search - Google Chrome,2026-02-24T02:56:00,"Leisurely kitten
focus on
Rapid KL announced temporary service disruption between KLCC and Gombak with shuttle support at Ampang Park.
Passengers shared delay slip and crowding evidence during rush hour
Rapid KL staff guided queue and temporary shuttle arrangement
Malaysia transport update 2025-12-19
There are 13 comments in total
author
reply
Show 3 replies
Say something",Rapid KL announced temporary service disruption between KLCC and Gombak with shuttle support at Ampang Park Passengers shared delay slip and crowding evidence during rush hour Rapid KL staff guided queue and temporary shuttle arrangement Malaysia transport update 2025 12 19 There are 13 comments in total author reply Show 3 replies Say something,1,incident_service_disruption,synthetic_mock
mrt - 小红书搜索 - Google Chrome,2577,mock_post_2577.png,mrt - 小红书搜索 - Google Chrome,2026-02-24T02:57:00,"Leisurely kitten
focus on
No disruption observed and transfer between lines completed without waiting at Masjid Jamek.
People shared regular commute and station photos
No emergency notice was posted
There are 6 comments in total
author
reply
Show 2 replies
Say something",No disruption observed and transfer between lines completed without waiting at Masjid Jamek People shared regular commute and station photos No emergency notice was posted There are 6 comments in total author reply Show 2 replies Say something,0,normal_no_incident,synthetic_mock
mrt fault - 小红书搜索 - Google Chrome,2578,mock_post_2578.png,mrt fault - 小红书搜索 - Google Chrome,2026-02-24T02:58:00,"Leisurely kitten
focus on
Passengers were asked to get off at Pasar Seni due to train fault and wait for replacement at Pasar Seni.
Passengers shared delay slip and crowding evidence during rush hour
Rapid KL staff guided queue and temporary shuttle arrangement
Malaysia transport update 2026-09-23
There are 8 comments in total
author
reply
Show 3 replies
Say something",Passengers were asked to get off at Pasar Seni due to train fault and wait for replacement at Pasar Seni Passengers shared delay slip and crowding evidence during rush hour Rapid KL staff guided queue and temporary shuttle arrangement Malaysia transport update 2026 09 23 There are 8 comments in total author reply Show 3 replies Say something,1,incident_train_fault,synthetic_mock
lrt is bad again - Xiaohongshu search - Google Chrome,2579,mock_post_2579.png,lrt is bad again - Xiaohongshu search - Google Chrome,2026-02-24T02:59:00,"KL daily commuter
focus on
Commuting to work was smooth and station crowd level was manageable today at Putra Heights.
People shared regular commute and station photos
No emergency notice was posted
There are 9 comments in total
author
reply
Show 1 replies
Say something",Commuting to work was smooth and station crowd level was manageable today at Putra Heights People shared regular commute and station photos No emergency notice was posted There are 9 comments in total author reply Show 1 replies Say something,0,normal_commute,synthetic_mock
lrtkelanajaya故障 - 小红书搜索 - Google Chrome,2580,mock_post_2580.png,lrtkelanajaya故障 - 小红书搜索 - Google Chrome,2026-02-24T03:00:00,"Leisurely kitten
focus on
Kelana Jaya line maintenance phase affected frequency and caused crowding at stations at Wangsa Maju.
Passengers shared delay slip and crowding evidence during rush hour
Rapid KL staff guided queue and temporary shuttle arrangement
Malaysia transport update 2025-05-21
There are 15 comments in total
author
reply
Show 2 replies
Say something",Kelana Jaya line maintenance phase affected frequency and caused crowding at stations at Wangsa Maju Passengers shared delay slip and crowding evidence during rush hour Rapid KL staff guided queue and temporary shuttle arrangement Malaysia transport update 2025 05 21 There are 15 comments in total author reply Show 2 replies Say something,1,incident_maintenance_impact,synthetic_mock
地铁 马来西亚 - 小红书搜索 - Google Chrome,2581,mock_post_2581.png,地铁 马来西亚 - 小红书搜索 - Google Chrome,2026-02-24T03:01:00,"Xiaoxuan Talk Malaysia Official
focus on
Service update says all lines are stable with no major delay this morning at KLCC.
People shared regular commute and station photos
No emergency notice was posted
Malaysia transport update 2024-03-23
There are 15 comments in total
author
reply
Show 2 replies
Say something",Service update says all lines are stable with no major delay this morning at KLCC People shared regular commute and station photos No emergency notice was posted Malaysia transport update 2024 03 23 There are 15 comments in total author reply Show 2 replies Say something,0,normal_update,synthetic_mock
mrtkajang问题 - 小红书搜索 - Google Chrome,2582,mock_post_2582.png,mrtkajang问题 - 小红书搜索 - Google Chrome,2026-02-24T03:02:00,"City transit watcher
focus on
Passengers were asked to get off at Pasar Seni due to train fault and wait for replacement at Ampang Park.
Passengers shared delay slip and crowding evidence during rush hour
Rapid KL staff guided queue and temporary shuttle arrangement
There are 3 comments in total
author
reply
Show 2 replies
Say something",Passengers were asked to get off at Pasar Seni due to train fault and wait for replacement at Ampang Park Passengers shared delay slip and crowding evidence during rush hour Rapid KL staff guided queue and temporary shuttle arrangement There are 3 comments in total author reply Show 2 replies Say something,1,incident_train_fault,synthetic_mock
lrtkelanajaya故障 - 小红书搜索 - Google Chrome,2583,mock_post_2583.png,lrtkelanajaya故障 - 小红书搜索 - Google Chrome,2026-02-24T03:03:00,"Ootashi store
focus on
No disruption observed and transfer between lines completed without waiting at Universiti.
People shared regular commute and station photos
No emergency notice was posted
There are 6 comments in total
author
reply
Show 2 replies
Say something",No disruption observed and transfer between lines completed without waiting at Universiti People shared regular commute and station photos No emergency notice was posted There are 6 comments in total author reply Show 2 replies Say something,0,normal_no_incident,synthetic_mock
🇲🇾LRT停运 注意了‼️ - 小红书 - Google Chrome,2584,mock_post_2584.png,🇲🇾LRT停运 注意了‼️ - 小红书 - Google Chrome,2026-02-24T03:04:00,"KL daily commuter
focus on
LRT Kelana Jaya line had a signaling issue during peak hour and trains moved slowly at Universiti.
Passengers shared delay slip and crowding evidence during rush hour
Rapid KL staff guided queue and temporary shuttle arrangement
There are 18 comments in total
author
reply
Show 2 replies
Say something",LRT Kelana Jaya line had a signaling issue during peak hour and trains moved slowly at Universiti Passengers shared delay slip and crowding evidence during rush hour Rapid KL staff guided queue and temporary shuttle arrangement There are 18 comments in total author reply Show 2 replies Say something,1,incident_breakdown,synthetic_mock
🇲🇾LRT KelanajayaLine通告，列车降速 - 小红书 - Google Chrome,2585,mock_post_2585.png,🇲🇾LRT KelanajayaLine通告，列车降速 - 小红书 - Google Chrome,2026-02-24T03:05:00,"Rapid commuter diary
focus on
Service update says all lines are stable with no major delay this morning at KLCC.
People shared regular commute and station photos
No emergency notice was posted
Malaysia transport update 2024-11-18
There are 2 comments in total
author
reply
Show 1 replies
Say something",Service update says all lines are stable with no major delay this morning at KLCC People shared regular commute and station photos No emergency notice was posted Malaysia transport update 2024 11 18 There are 2 comments in total author reply Show 1 replies Say something,0,normal_update,synthetic_mock
mrt kajang - 小红书搜索 - Google Chrome,2586,mock_post_2586.png,mrt kajang - 小红书搜索 - Google Chrome,2026-02-24T03:06:00,"KL daily commuter
focus on
Power trip caused brief outage and service resumed after technicians completed repair at Universiti.
Passengers shared delay slip and crowding evidence during rush hour
Rapid KL staff guided queue and temporary shuttle arrangement
Malaysia transport update 2025-12-21
There are 7 comments in total
author
reply
Show 1 replies
Say something",Power trip caused brief outage and service resumed after technicians completed repair at Universiti Passengers shared delay slip and crowding evidence during rush hour Rapid KL staff guided queue and temporary shuttle arrangement Malaysia transport update 2025 12 21 There are 7 comments in total author reply Show 1 replies Say something,1,incident_power_outage,synthetic_mock
mrt - 小红书搜索 - Google Chrome,2587,mock_post_2587.png,mrt - 小红书搜索 - Google Chrome,2026-02-24T03:07:00,"Leisurely kitten
focus on
Routine travel post about route tips and fare sharing at Universiti.
People shared regular commute and station photos
No emergency notice was posted
There are 17 comments in total
author
reply
Show 1 replies
Say something",Routine travel post about route tips and fare sharing at Universiti People shared regular commute and station photos No emergency notice was posted There are 17 comments in total author reply Show 1 replies Say something,0,normal_travel_tip,synthetic_mock
lrt is bad again - Xiaohongshu search - Google Chrome,2588,mock_post_2588.png,lrt is bad again - Xiaohongshu search - Google Chrome,2026-02-24T03:08:00,"Leisurely kitten
focus on
Passengers were asked to get off at Pasar Seni due to train fault and wait for replacement at Universiti.
Passengers shared delay slip and crowding evidence during rush hour
Rapid KL staff guided queue and temporary shuttle arrangement
There are 10 comments in total
author
reply
Show 1 replies
Say something",Passengers were asked to get off at Pasar Seni due to train fault and wait for replacement at Universiti Passengers shared delay slip and crowding evidence during rush hour Rapid KL staff guided queue and temporary shuttle arrangement There are 10 comments in total author reply Show 1 replies Say something,1,incident_train_fault,synthetic_mock
地铁 马来西亚 - 小红书搜索 - Google Chrome,2589,mock_post_2589.png,地铁 马来西亚 - 小红书搜索 - Google Chrome,2026-02-24T03:09:00,"Little Red Potato 66A1
focus on
General city transport post not related to outage or malfunction at KLCC.
People shared regular commute and station photos
No emergency notice was posted
Malaysia transport update 2025-08-16
There are 17 comments in total
author
reply
Show 2 replies
Say something",General city transport post not related to outage or malfunction at KLCC People shared regular commute and station photos No emergency notice was posted Malaysia transport update 2025 08 16 There are 17 comments in total author reply Show 2 replies Say something,0,normal_general,synthetic_mock
mrt - 小红书搜索 - Google Chrome,2590,mock_post_2590.png,mrt - 小红书搜索 - Google Chrome,2026-02-24T03:10:00,"Leisurely kitten
focus on
LRT Kelana Jaya line had a signaling issue during peak hour and trains moved slowly at Wangsa Maju.
Passengers shared delay slip and crowding evidence during rush hour
Rapid KL staff guided queue and temporary shuttle arrangement
There are 9 comments in total
author
reply
Show 2 replies
Say something",LRT Kelana Jaya line had a signaling issue during peak hour and trains moved slowly at Wangsa Maju Passengers shared delay slip and crowding evidence during rush hour Rapid KL staff guided queue and temporary shuttle arrangement There are 9 comments in total author reply Show 2 replies Say something,1,incident_breakdown,synthetic_mock
lrt klcc - 小红书搜索 - Google Chrome,2591,mock_post_2591.png,lrt klcc - 小红书搜索 - Google Chrome,2026-02-24T03:11:00,"Leisurely kitten
focus on
General city transport post not related to outage or malfunction at Putra Heights.
People shared regular commute and station photos
No emergency notice was posted
Malaysia transport update 2024-09-07
There are 18 comments in total
author
reply
Show 2 replies
Say something",General city transport post not related to outage or malfunction at Putra Heights People shared regular commute and station photos No emergency notice was posted Malaysia transport update 2024 09 07 There are 18 comments in total author reply Show 2 replies Say something,0,normal_general,synthetic_mock
🇲🇾LRT停运 注意了‼️ - 小红书 - Google Chrome,2592,mock_post_2592.png,🇲🇾LRT停运 注意了‼️ - 小红书 - Google Chrome,2026-02-24T03:12:00,"Little Red Potato 66A1
focus on
Power trip caused brief outage and service resumed after technicians completed repair at KL Sentral.
Passengers shared delay slip and crowding evidence during rush hour
Rapid KL staff guided queue and temporary shuttle arrangement
Malaysia transport update 2026-09-04
There are 1 comments in total
author
reply
Show 3 replies
Say something",Power trip caused brief outage and service resumed after technicians completed repair at KL Sentral Passengers shared delay slip and crowding evidence during rush hour Rapid KL staff guided queue and temporary shuttle arrangement Malaysia transport update 2026 09 04 There are 1 comments in total author reply Show 3 replies Say something,1,incident_power_outage,synthetic_mock
地铁 马来西亚 - 小红书搜索 - Google Chrome,2593,mock_post_2593.png,地铁 马来西亚 - 小红书搜索 - Google Chrome,2026-02-24T03:13:00,"Ootashi store
focus on
General city transport post not related to outage or malfunction at Putra Heights.
People shared regular commute and station photos
No emergency notice was posted
There are 4 comments in total
author
reply
Show 1 replies
Say something",General city transport post not related to outage or malfunction at Putra Heights People shared regular commute and station photos No emergency notice was posted There are 4 comments in total author reply Show 1 replies Say something,0,normal_general,synthetic_mock
mrt kajang - 小红书搜索 - Google Chrome,2594,mock_post_2594.png,mrt kajang - 小红书搜索 - Google Chrome,2026-02-24T03:14:00,"Little Red Potato 66A1
focus on
Power trip caused brief outage and service resumed after technicians completed repair at Masjid Jamek.
Passengers shared delay slip and crowding evidence during rush hour
Rapid KL staff guided queue and temporary shuttle arrangement
There are 18 comments in total
author
reply
Show 3 replies
Say something",Power trip caused brief outage and service resumed after technicians completed repair at Masjid Jamek Passengers shared delay slip and crowding evidence during rush hour Rapid KL staff guided queue and temporary shuttle arrangement There are 18 comments in total author reply Show 3 replies Say something,1,incident_power_outage,synthetic_mock
🇲🇾LRT KelanajayaLine通告，列车降速 - 小红书 - Google Chrome,2595,mock_post_2595.png,🇲🇾LRT KelanajayaLine通告，列车降速 - 小红书 - Google Chrome,2026-02-24T03:15:00,"Little Red Potato 66A1
focus on
Routine travel post about route tips and fare sharing at KL Sentral.
People shared regular commute and station photos
No emergency notice was posted
Malaysia transport update 2026-09-17
There are 5 comments in total
author
reply
Show 3 replies
Say something",Routine travel post about route tips and fare sharing at KL Sentral People shared regular commute and station photos No emergency notice was posted Malaysia transport update 2026 09 17 There are 5 comments in total author reply Show 3 replies Say something,0,normal_travel_tip,synthetic_mock
mrt - 小红书搜索 - Google Chrome,2596,mock_post_2596.png,mrt - 小红书搜索 - Google Chrome,2026-02-24T03:16:00,"Leisurely kitten
focus on
LRT Kelana Jaya line had a signaling issue during peak hour and trains moved slowly at Gombak.
Passengers shared delay slip and crowding evidence during rush hour
Rapid KL staff guided queue and temporary shuttle arrangement
Malaysia transport update 2026-03-27
There are 16 comments in total
author
reply
Show 1 replies
Say something",LRT Kelana Jaya line had a signaling issue during peak hour and trains moved slowly at Gombak Passengers shared delay slip and crowding evidence during rush hour Rapid KL staff guided queue and temporary shuttle arrangement Malaysia transport update 2026 03 27 There are 16 comments in total author reply Show 1 replies Say something,1,incident_breakdown,synthetic_mock
mrt kajang - 小红书搜索 - Google Chrome,2597,mock_post_2597.png,mrt kajang - 小红书搜索 - Google Chrome,2026-02-24T03:17:00,"Leisurely kitten
focus on
No disruption observed and transfer between lines completed without waiting at Pasar Seni.
People shared regular commute and station photos
No emergency notice was posted
Malaysia transport update 2024-02-28
There are 18 comments in total
author
reply
Show 3 replies
Say something",No disruption observed and transfer between lines completed without waiting at Pasar Seni People shared regular commute and station photos No emergency notice was posted Malaysia transport update 2024 02 28 There are 18 comments in total author reply Show 3 replies Say something,0,normal_no_incident,synthetic_mock
mrtkajang问题 - 小红书搜索 - Google Chrome,2598,mock_post_2598.png,mrtkajang问题 - 小红书搜索 - Google Chrome,2026-02-24T03:18:00,"Ootashi store
focus on
Kelana Jaya line maintenance phase affected frequency and caused crowding at stations at Gombak.
Passengers shared delay slip and crowding evidence during rush hour
Rapid KL staff guided queue and temporary shuttle arrangement
Malaysia transport update 2024-09-21
There are 8 comments in total
author
reply
Show 3 replies
Say something",Kelana Jaya line maintenance phase affected frequency and caused crowding at stations at Gombak Passengers shared delay slip and crowding evidence during rush hour Rapid KL staff guided queue and temporary shuttle arrangement Malaysia transport update 2024 09 21 There are 8 comments in total author reply Show 3 replies Say something,1,incident_maintenance_impact,synthetic_mock
lrt is bad again - Xiaohongshu search - Google Chrome,2599,mock_post_2599.png,lrt is bad again - Xiaohongshu search - Google Chrome,2026-02-24T03:19:00,"Ootashi store
focus on
Service update says all lines are stable with no major delay this morning at Masjid Jamek.
People shared regular commute and station photos
No emergency notice was posted
Malaysia transport update 2024-03-04
There are 18 comments in total
author
reply
Show 2 replies
Say something",Service update says all lines are stable with no major delay this morning at Masjid Jamek People shared regular commute and station photos No emergency notice was posted Malaysia transport update 2024 03 04 There are 18 comments in total author reply Show 2 replies Say something,0,normal_update,synthetic_mock
🇲🇾LRT KelanajayaLine通告，列车降速 - 小红书 - Google Chrome,2600,mock_post_2600.png,🇲🇾LRT KelanajayaLine通告，列车降速 - 小红书 - Google Chrome,2026-02-24T03:20:00,"Little Red Potato 66A1
focus on
Power trip caused brief outage and service resumed after technicians completed repair at Pasar Seni.
Passengers shared delay slip and crowding evidence during rush hour
Rapid KL staff guided queue and temporary shuttle arrangement
Malaysia transport update 2024-09-28
There are 17 comments in total
author
reply
Show 1 replies
Say something",Power trip caused brief outage and service resumed after technicians completed repair at Pasar Seni Passengers shared delay slip and crowding evidence during rush hour Rapid KL staff guided queue and temporary shuttle arrangement Malaysia transport update 2024 09 28 There are 17 comments in total author reply Show 1 replies Say something,1,incident_power_outage,synthetic_mock
lrtkelanajaya故障 - 小红书搜索 - Google Chrome,2601,mock_post_2601.png,lrtkelanajaya故障 - 小红书搜索 - Google Chrome,2026-02-24T03:21:00,"Ootashi store
focus on
Routine travel post about route tips and fare sharing at Universiti.
People shared regular commute and station photos
No emergency notice was posted
Malaysia transport update 2024-02-01
There are 6 comments in total
author
reply
Show 1 replies
Say something",Routine travel post about route tips and fare sharing at Universiti People shared regular commute and station photos No emergency notice was posted Malaysia transport update 2024 02 01 There are 6 comments in total author reply Show 1 replies Say something,0,normal_travel_tip,synthetic_mock
mrt kajang - 小红书搜索 - Google Chrome,2602,mock_post_2602.png,mrt kajang - 小红书搜索 - Google Chrome,2026-02-24T03:22:00,"Xiaoxuan Talk Malaysia Official
focus on
LRT Kelana Jaya line had a signaling issue during peak hour and trains moved slowly at Kelana Jaya.
Passengers shared delay slip and crowding evidence during rush hour
Rapid KL staff guided queue and temporary shuttle arrangement
There are 13 comments in total
author
reply
Show 2 replies
Say something",LRT Kelana Jaya line had a signaling issue during peak hour and trains moved slowly at Kelana Jaya Passengers shared delay slip and crowding evidence during rush hour Rapid KL staff guided queue and temporary shuttle arrangement There are 13 comments in total author reply Show 2 replies Say something,1,incident_breakdown,synthetic_mock
🇲🇾LRT KelanajayaLine通告，列车降速 - 小红书 - Google Chrome,2603,mock_post_2603.png,🇲🇾LRT KelanajayaLine通告，列车降速 - 小红书 - Google Chrome,2026-02-24T03:23:00,"Xiaoxuan Talk Malaysia Official
focus on
No disruption observed and transfer between lines completed without waiting at KLCC.
People shared regular commute and station photos
No emergency notice was posted
There are 17 comments in total
author
reply
Show 3 replies
Say something",No disruption observed and transfer between lines completed without waiting at KLCC People shared regular commute and station photos No emergency notice was posted There are 17 comments in total author reply Show 3 replies Say something,0,normal_no_incident,synthetic_mock
lrt is bad again - Xiaohongshu search - Google Chrome,2604,mock_post_2604.png,lrt is bad again - Xiaohongshu search - Google Chrome,2026-02-24T03:24:00,"KL daily commuter
focus on
Kelana Jaya line maintenance phase affected frequency and caused crowding at stations at Masjid Jamek.
Passengers shared delay slip and crowding evidence during rush hour
Rapid KL staff guided queue and temporary shuttle arrangement
There are 13 comments in total
author
reply
Show 1 replies
Say something",Kelana Jaya line maintenance phase affected frequency and caused crowding at stations at Masjid Jamek Passengers shared delay slip and crowding evidence during rush hour Rapid KL staff guided queue and temporary shuttle arrangement There are 13 comments in total author reply Show 1 replies Say something,1,incident_maintenance_impact,synthetic_mock
lrt is bad again - Xiaohongshu search - Google Chrome,2605,mock_post_2605.png,lrt is bad again - Xiaohongshu search - Google Chrome,2026-02-24T03:25:00,"KL daily commuter
focus on
Routine travel post about route tips and fare sharing at KLCC.
People shared regular commute and station photos
No emergency notice was posted
Malaysia transport update 2025-07-26
There are 3 comments in total
author
reply
Show 2 replies
Say something",Routine travel post about route tips and fare sharing at KLCC People shared regular commute and station photos No emergency notice was posted Malaysia transport update 2025 07 26 There are 3 comments in total author reply Show 2 replies Say something,0,normal_travel_tip,synthetic_mock
地铁 马来西亚 - 小红书搜索 - Google Chrome,2606,mock_post_2606.png,地铁 马来西亚 - 小红书搜索 - Google Chrome,2026-02-24T03:26:00,"Little Red Potato 66A1
focus on
Kelana Jaya line maintenance phase affected frequency and caused crowding at stations at Universiti.
Passengers shared delay slip and crowding evidence during rush hour
Rapid KL staff guided queue and temporary shuttle arrangement
Malaysia transport update 2025-11-08
There are 3 comments in total
author
reply
Show 3 replies
Say something",Kelana Jaya line maintenance phase affected frequency and caused crowding at stations at Universiti Passengers shared delay slip and crowding evidence during rush hour Rapid KL staff guided queue and temporary shuttle arrangement Malaysia transport update 2025 11 08 There are 3 comments in total author reply Show 3 replies Say something,1,incident_maintenance_impact,synthetic_mock
mrt - 小红书搜索 - Google Chrome,2607,mock_post_2607.png,mrt - 小红书搜索 - Google Chrome,2026-02-24T03:27:00,"Leisurely kitten
focus on
Normal operation resumed and train intervals are back to schedule at Ampang Park.
People shared regular commute and station photos
No emergency notice was posted
Malaysia transport update 2026-11-05
There are 7 comments in total
author
reply
Show 2 replies
Say something",Normal operation resumed and train intervals are back to schedule at Ampang Park People shared regular commute and station photos No emergency notice was posted Malaysia transport update 2026 11 05 There are 7 comments in total author reply Show 2 replies Say something,0,normal_operation,synthetic_mock
lrt is bad again - Xiaohongshu search - Google Chrome,2608,mock_post_2608.png,lrt is bad again - Xiaohongshu search - Google Chrome,2026-02-24T03:28:00,"Leisurely kitten
focus on
Power trip caused brief outage and service resumed after technicians completed repair at KL Sentral.
Passengers shared delay slip and crowding evidence during rush hour
Rapid KL staff guided queue and temporary shuttle arrangement
There are 4 comments in total
author
reply
Show 1 replies
Say something",Power trip caused brief outage and service resumed after technicians completed repair at KL Sentral Passengers shared delay slip and crowding evidence during rush hour Rapid KL staff guided queue and temporary shuttle arrangement There are 4 comments in total author reply Show 1 replies Say something,1,incident_power_outage,synthetic_mock
lrt is bad again - Xiaohongshu search - Google Chrome,2609,mock_post_2609.png,lrt is bad again - Xiaohongshu search - Google Chrome,2026-02-24T03:29:00,"Rapid commuter diary
focus on
Service update says all lines are stable with no major delay this morning at Kelana Jaya.
People shared regular commute and station photos
No emergency notice was posted
There are 13 comments in total
author
reply
Show 1 replies
Say something",Service update says all lines are stable with no major delay this morning at Kelana Jaya People shared regular commute and station photos No emergency notice was posted There are 13 comments in total author reply Show 1 replies Say something,0,normal_update,synthetic_mock
lrt klcc - 小红书搜索 - Google Chrome,2610,mock_post_2610.png,lrt klcc - 小红书搜索 - Google Chrome,2026-02-24T03:30:00,"Leisurely kitten
focus on
Commuters reported long queue and train delay after track maintenance at Universiti station at Gombak.
Passengers shared delay slip and crowding evidence during rush hour
Rapid KL staff guided queue and temporary shuttle arrangement
There are 13 comments in total
author
reply
Show 2 replies
Say something",Commuters reported long queue and train delay after track maintenance at Universiti station at Gombak Passengers shared delay slip and crowding evidence during rush hour Rapid KL staff guided queue and temporary shuttle arrangement There are 13 comments in total author reply Show 2 replies Say something,1,incident_delay,synthetic_mock
lrt klcc - 小红书搜索 - Google Chrome,2611,mock_post_2611.png,lrt klcc - 小红书搜索 - Google Chrome,2026-02-24T03:31:00,"City transit watcher
focus on
Commuting to work was smooth and station crowd level was manageable today at Kelana Jaya.
People shared regular commute and station photos
No emergency notice was posted
Malaysia transport update 2025-11-13
There are 14 comments in total
author
reply
Show 2 replies
Say something",Commuting to work was smooth and station crowd level was manageable today at Kelana Jaya People shared regular commute and station photos No emergency notice was posted Malaysia transport update 2025 11 13 There are 14 comments in total author reply Show 2 replies Say something,0,normal_commute,synthetic_mock
lrt klcc - 小红书搜索 - Google Chrome,2612,mock_post_2612.png,lrt klcc - 小红书搜索 - Google Chrome,2026-02-24T03:32:00,"City transit watcher
focus on
LRT Kelana Jaya line had a signaling issue during peak hour and trains moved slowly at Kelana Jaya.
Passengers shared delay slip and crowding evidence during rush hour
Rapid KL staff guided queue and temporary shuttle arrangement
Malaysia transport update 2025-05-28
There are 3 comments in total
author
reply
Show 3 replies
Say something",LRT Kelana Jaya line had a signaling issue during peak hour and trains moved slowly at Kelana Jaya Passengers shared delay slip and crowding evidence during rush hour Rapid KL staff guided queue and temporary shuttle arrangement Malaysia transport update 2025 05 28 There are 3 comments in total author reply Show 3 replies Say something,1,incident_breakdown,synthetic_mock
🇲🇾LRT KelanajayaLine通告，列车降速 - 小红书 - Google Chrome,2613,mock_post_2613.png,🇲🇾LRT KelanajayaLine通告，列车降速 - 小红书 - Google Chrome,2026-02-24T03:33:00,"Leisurely kitten
focus on
General city transport post not related to outage or malfunction at Universiti.
People shared regular commute and station photos
No emergency notice was posted
Malaysia transport update 2025-09-11
There are 4 comments in total
author
reply
Show 2 replies
Say something",General city transport post not related to outage or malfunction at Universiti People shared regular commute and station photos No emergency notice was posted Malaysia transport update 2025 09 11 There are 4 comments in total author reply Show 2 replies Say something,0,normal_general,synthetic_mock
🇲🇾LRT KelanajayaLine通告，列车降速 - 小红书 - Google Chrome,2614,mock_post_2614.png,🇲🇾LRT KelanajayaLine通告，列车降速 - 小红书 - Google Chrome,2026-02-24T03:34:00,"KL daily commuter
focus on
Passengers were asked to get off at Pasar Seni due to train fault and wait for replacement at Gombak.
Passengers shared delay slip and crowding evidence during rush hour
Rapid KL staff guided queue and temporary shuttle arrangement
There are 2 comments in total
author
reply
Show 3 replies
Say something",Passengers were asked to get off at Pasar Seni due to train fault and wait for replacement at Gombak Passengers shared delay slip and crowding evidence during rush hour Rapid KL staff guided queue and temporary shuttle arrangement There are 2 comments in total author reply Show 3 replies Say something,1,incident_train_fault,synthetic_mock
mrt kajang - 小红书搜索 - Google Chrome,2615,mock_post_2615.png,mrt kajang - 小红书搜索 - Google Chrome,2026-02-24T03:35:00,"KL daily commuter
focus on
Normal operation resumed and train intervals are back to schedule at Putra Heights.
People shared regular commute and station photos
No emergency notice was posted
There are 7 comments in total
author
reply
Show 2 replies
Say something",Normal operation resumed and train intervals are back to schedule at Putra Heights People shared regular commute and station photos No emergency notice was posted There are 7 comments in total author reply Show 2 replies Say something,0,normal_operation,synthetic_mock
🇲🇾LRT KelanajayaLine通告，列车降速 - 小红书 - Google Chrome,2616,mock_post_2616.png,🇲🇾LRT KelanajayaLine通告，列车降速 - 小红书 - Google Chrome,2026-02-24T03:36:00,"Leisurely kitten
focus on
Passengers were asked to get off at Pasar Seni due to train fault and wait for replacement at Universiti.
Passengers shared delay slip and crowding evidence during rush hour
Rapid KL staff guided queue and temporary shuttle arrangement
There are 13 comments in total
author
reply
Show 3 replies
Say something",Passengers were asked to get off at Pasar Seni due to train fault and wait for replacement at Universiti Passengers shared delay slip and crowding evidence during rush hour Rapid KL staff guided queue and temporary shuttle arrangement There are 13 comments in total author reply Show 3 replies Say something,1,incident_train_fault,synthetic_mock
lrtkelanajaya线 - 小红书搜索 - Google Chrome,2617,mock_post_2617.png,lrtkelanajaya线 - 小红书搜索 - Google Chrome,2026-02-24T03:37:00,"Rapid commuter diary
focus on
Routine travel post about route tips and fare sharing at KL Sentral.
People shared regular commute and station photos
No emergency notice was posted
Malaysia transport update 2026-08-26
There are 1 comments in total
author
reply
Show 3 replies
Say something",Routine travel post about route tips and fare sharing at KL Sentral People shared regular commute and station photos No emergency notice was posted Malaysia transport update 2026 08 26 There are 1 comments in total author reply Show 3 replies Say something,0,normal_travel_tip,synthetic_mock
地铁 马来西亚 - 小红书搜索 - Google Chrome,2618,mock_post_2618.png,地铁 马来西亚 - 小红书搜索 - Google Chrome,2026-02-24T03:38:00,"Little Red Potato 66A1
focus on
Passengers were asked to get off at Pasar Seni due to train fault and wait for replacement at Wangsa Maju.
Passengers shared delay slip and crowding evidence during rush hour
Rapid KL staff guided queue and temporary shuttle arrangement
There are 4 comments in total
author
reply
Show 2 replies
Say something",Passengers were asked to get off at Pasar Seni due to train fault and wait for replacement at Wangsa Maju Passengers shared delay slip and crowding evidence during rush hour Rapid KL staff guided queue and temporary shuttle arrangement There are 4 comments in total author reply Show 2 replies Say something,1,incident_train_fault,synthetic_mock
mrt fault - 小红书搜索 - Google Chrome,2619,mock_post_2619.png,mrt fault - 小红书搜索 - Google Chrome,2026-02-24T03:39:00,"KL daily commuter
focus on
General city transport post not related to outage or malfunction at Ampang Park.
People shared regular commute and station photos
No emergency notice was posted
There are 12 comments in total
author
reply
Show 1 replies
Say something",General city transport post not related to outage or malfunction at Ampang Park People shared regular commute and station photos No emergency notice was posted There are 12 comments in total author reply Show 1 replies Say something,0,normal_general,synthetic_mock
🇲🇾LRT KelanajayaLine通告，列车降速 - 小红书 - Google Chrome,2620,mock_post_2620.png,🇲🇾LRT KelanajayaLine通告，列车降速 - 小红书 - Google Chrome,2026-02-24T03:40:00,"Ootashi store
focus on
Passengers were asked to get off at Pasar Seni due to train fault and wait for replacement at Wangsa Maju.
Passengers shared delay slip and crowding evidence during rush hour
Rapid KL staff guided queue and temporary shuttle arrangement
Malaysia transport update 2024-10-15
There are 13 comments in total
author
reply
Show 1 replies
Say something",Passengers were asked to get off at Pasar Seni due to train fault and wait for replacement at Wangsa Maju Passengers shared delay slip and crowding evidence during rush hour Rapid KL staff guided queue and temporary shuttle arrangement Malaysia transport update 2024 10 15 There are 13 comments in total author reply Show 1 replies Say something,1,incident_train_fault,synthetic_mock
mrt fault - 小红书搜索 - Google Chrome,2621,mock_post_2621.png,mrt fault - 小红书搜索 - Google Chrome,2026-02-24T03:41:00,"Xiaoxuan Talk Malaysia Official
focus on
Service update says all lines are stable with no major delay this morning at Pasar Seni.
People shared regular commute and station photos
No emergency notice was posted
There are 5 comments in total
author
reply
Show 2 replies
Say something",Service update says all lines are stable with no major delay this morning at Pasar Seni People shared regular commute and station photos No emergency notice was posted There are 5 comments in total author reply Show 2 replies Say something,0,normal_update,synthetic_mock
lrt is bad again - Xiaohongshu search - Google Chrome,2622,mock_post_2622.png,lrt is bad again - Xiaohongshu search - Google Chrome,2026-02-24T03:42:00,"Little Red Potato 66A1
focus on
Power trip caused brief outage and service resumed after technicians completed repair at Masjid Jamek.
Passengers shared delay slip and crowding evidence during rush hour
Rapid KL staff guided queue and temporary shuttle arrangement
There are 6 comments in total
author
reply
Show 2 replies
Say something",Power trip caused brief outage and service resumed after technicians completed repair at Masjid Jamek Passengers shared delay slip and crowding evidence during rush hour Rapid KL staff guided queue and temporary shuttle arrangement There are 6 comments in total author reply Show 2 replies Say something,1,incident_power_outage,synthetic_mock
lrt klcc - 小红书搜索 - Google Chrome,2623,mock_post_2623.png,lrt klcc - 小红书搜索 - Google Chrome,2026-02-24T03:43:00,"Little Red Potato 66A1
focus on
Commuting to work was smooth and station crowd level was manageable today at KLCC.
People shared regular commute and station photos
No emergency notice was posted
There are 12 comments in total
author
reply
Show 1 replies
Say something",Commuting to work was smooth and station crowd level was manageable today at KLCC People shared regular commute and station photos No emergency notice was posted There are 12 comments in total author reply Show 1 replies Say something,0,normal_commute,synthetic_mock
lrt klcc - 小红书搜索 - Google Chrome,2624,mock_post_2624.png,lrt klcc - 小红书搜索 - Google Chrome,2026-02-24T03:44:00,"Leisurely kitten
focus on
Power trip caused brief outage and service resumed after technicians completed repair at Putra Heights.
Passengers shared delay slip and crowding evidence during rush hour
Rapid KL staff guided queue and temporary shuttle arrangement
Malaysia transport update 2024-08-16
There are 15 comments in total
author
reply
Show 2 replies
Say something",Power trip caused brief outage and service resumed after technicians completed repair at Putra Heights Passengers shared delay slip and crowding evidence during rush hour Rapid KL staff guided queue and temporary shuttle arrangement Malaysia transport update 2024 08 16 There are 15 comments in total author reply Show 2 replies Say something,1,incident_power_outage,synthetic_mock
地铁 马来西亚 - 小红书搜索 - Google Chrome,2625,mock_post_2625.png,地铁 马来西亚 - 小红书搜索 - Google Chrome,2026-02-24T03:45:00,"Rapid commuter diary
focus on
General city transport post not related to outage or malfunction at Pasar Seni.
People shared regular commute and station photos
No emergency notice was posted
Malaysia transport update 2026-03-26
There are 3 comments in total
author
reply
Show 1 replies
Say something",General city transport post not related to outage or malfunction at Pasar Seni People shared regular commute and station photos No emergency notice was posted Malaysia transport update 2026 03 26 There are 3 comments in total author reply Show 1 replies Say something,0,normal_general,synthetic_mock
mrt kajang - 小红书搜索 - Google Chrome,2626,mock_post_2626.png,mrt kajang - 小红书搜索 - Google Chrome,2026-02-24T03:46:00,"Ootashi store
focus on
Kelana Jaya line maintenance phase affected frequency and caused crowding at stations at Masjid Jamek.
Passengers shared delay slip and crowding evidence during rush hour
Rapid KL staff guided queue and temporary shuttle arrangement
Malaysia transport update 2026-12-19
There are 13 comments in total
author
reply
Show 1 replies
Say something",Kelana Jaya line maintenance phase affected frequency and caused crowding at stations at Masjid Jamek Passengers shared delay slip and crowding evidence during rush hour Rapid KL staff guided queue and temporary shuttle arrangement Malaysia transport update 2026 12 19 There are 13 comments in total author reply Show 1 replies Say something,1,incident_maintenance_impact,synthetic_mock
lrt is bad again - Xiaohongshu search - Google Chrome,2627,mock_post_2627.png,lrt is bad again - Xiaohongshu search - Google Chrome,2026-02-24T03:47:00,"Ootashi store
focus on
Commuting to work was smooth and station crowd level was manageable today at Pasar Seni.
People shared regular commute and station photos
No emergency notice was posted
Malaysia transport update 2025-06-17
There are 3 comments in total
author
reply
Show 2 replies
Say something",Commuting to work was smooth and station crowd level was manageable today at Pasar Seni People shared regular commute and station photos No emergency notice was posted Malaysia transport update 2025 06 17 There are 3 comments in total author reply Show 2 replies Say something,0,normal_commute,synthetic_mock
lrt klcc - 小红书搜索 - Google Chrome,2628,mock_post_2628.png,lrt klcc - 小红书搜索 - Google Chrome,2026-02-24T03:48:00,"City transit watcher
focus on
Kelana Jaya line maintenance phase affected frequency and caused crowding at stations at Gombak.
Passengers shared delay slip and crowding evidence during rush hour
Rapid KL staff guided queue and temporary shuttle arrangement
There are 9 comments in total
author
reply
Show 1 replies
Say something",Kelana Jaya line maintenance phase affected frequency and caused crowding at stations at Gombak Passengers shared delay slip and crowding evidence during rush hour Rapid KL staff guided queue and temporary shuttle arrangement There are 9 comments in total author reply Show 1 replies Say something,1,incident_maintenance_impact,synthetic_mock
lrtkelanajaya故障 - 小红书搜索 - Google Chrome,2629,mock_post_2629.png,lrtkelanajaya故障 - 小红书搜索 - Google Chrome,2026-02-24T03:49:00,"City transit watcher
focus on
Routine travel post about route tips and fare sharing at Putra Heights.
People shared regular commute and station photos
No emergency notice was posted
Malaysia transport update 2025-01-11
There are 14 comments in total
author
reply
Show 3 replies
Say something",Routine travel post about route tips and fare sharing at Putra Heights People shared regular commute and station photos No emergency notice was posted Malaysia transport update 2025 01 11 There are 14 comments in total author reply Show 3 replies Say something,0,normal_travel_tip,synthetic_mock
🇲🇾LRT KelanajayaLine通告，列车降速 - 小红书 - Google Chrome,2630,mock_post_2630.png,🇲🇾LRT KelanajayaLine通告，列车降速 - 小红书 - Google Chrome,2026-02-24T03:50:00,"Ootashi store
focus on
LRT Kelana Jaya line had a signaling issue during peak hour and trains moved slowly at KL Sentral.
Passengers shared delay slip and crowding evidence during rush hour
Rapid KL staff guided queue and temporary shuttle arrangement
Malaysia transport update 2025-08-27
There are 1 comments in total
author
reply
Show 3 replies
Say something",LRT Kelana Jaya line had a signaling issue during peak hour and trains moved slowly at KL Sentral Passengers shared delay slip and crowding evidence during rush hour Rapid KL staff guided queue and temporary shuttle arrangement Malaysia transport update 2025 08 27 There are 1 comments in total author reply Show 3 replies Say something,1,incident_breakdown,synthetic_mock
mrt fault - 小红书搜索 - Google Chrome,2631,mock_post_2631.png,mrt fault - 小红书搜索 - Google Chrome,2026-02-24T03:51:00,"Xiaoxuan Talk Malaysia Official
focus on
Normal operation resumed and train intervals are back to schedule at Kelana Jaya.
People shared regular commute and station photos
No emergency notice was posted
There are 8 comments in total
author
reply
Show 3 replies
Say something",Normal operation resumed and train intervals are back to schedule at Kelana Jaya People shared regular commute and station photos No emergency notice was posted There are 8 comments in total author reply Show 3 replies Say something,0,normal_operation,synthetic_mock
地铁 马来西亚 - 小红书搜索 - Google Chrome,2632,mock_post_2632.png,地铁 马来西亚 - 小红书搜索 - Google Chrome,2026-02-24T03:52:00,"Xiaoxuan Talk Malaysia Official
focus on
Power trip caused brief outage and service resumed after technicians completed repair at Gombak.
Passengers shared delay slip and crowding evidence during rush hour
Rapid KL staff guided queue and temporary shuttle arrangement
Malaysia transport update 2024-03-09
There are 16 comments in total
author
reply
Show 1 replies
Say something",Power trip caused brief outage and service resumed after technicians completed repair at Gombak Passengers shared delay slip and crowding evidence during rush hour Rapid KL staff guided queue and temporary shuttle arrangement Malaysia transport update 2024 03 09 There are 16 comments in total author reply Show 1 replies Say something,1,incident_power_outage,synthetic_mock
mrtkajang问题 - 小红书搜索 - Google Chrome,2633,mock_post_2633.png,mrtkajang问题 - 小红书搜索 - Google Chrome,2026-02-24T03:53:00,"Little Red Potato 66A1
focus on
Service update says all lines are stable with no major delay this morning at Masjid Jamek.
People shared regular commute and station photos
No emergency notice was posted
Malaysia transport update 2026-05-01
There are 2 comments in total
author
reply
Show 1 replies
Say something",Service update says all lines are stable with no major delay this morning at Masjid Jamek People shared regular commute and station photos No emergency notice was posted Malaysia transport update 2026 05 01 There are 2 comments in total author reply Show 1 replies Say something,0,normal_update,synthetic_mock
lrtkelanajaya故障 - 小红书搜索 - Google Chrome,2634,mock_post_2634.png,lrtkelanajaya故障 - 小红书搜索 - Google Chrome,2026-02-24T03:54:00,"Ootashi store
focus on
Passengers were asked to get off at Pasar Seni due to train fault and wait for replacement at Masjid Jamek.
Passengers shared delay slip and crowding evidence during rush hour
Rapid KL staff guided queue and temporary shuttle arrangement
Malaysia transport update 2025-12-15
There are 8 comments in total
author
reply
Show 1 replies
Say something",Passengers were asked to get off at Pasar Seni due to train fault and wait for replacement at Masjid Jamek Passengers shared delay slip and crowding evidence during rush hour Rapid KL staff guided queue and temporary shuttle arrangement Malaysia transport update 2025 12 15 There are 8 comments in total author reply Show 1 replies Say something,1,incident_train_fault,synthetic_mock
lrt is bad again - Xiaohongshu search - Google Chrome,2635,mock_post_2635.png,lrt is bad again - Xiaohongshu search - Google Chrome,2026-02-24T03:55:00,"Rapid commuter diary
focus on
No disruption observed and transfer between lines completed without waiting at KLCC.
People shared regular commute and station photos
No emergency notice was posted
There are 18 comments in total
author
reply
Show 2 replies
Say something",No disruption observed and transfer between lines completed without waiting at KLCC People shared regular commute and station photos No emergency notice was posted There are 18 comments in total author reply Show 2 replies Say something,0,normal_no_incident,synthetic_mock
lrt is bad again - Xiaohongshu search - Google Chrome,2636,mock_post_2636.png,lrt is bad again - Xiaohongshu search - Google Chrome,2026-02-24T03:56:00,"Xiaoxuan Talk Malaysia Official
focus on
Power trip caused brief outage and service resumed after technicians completed repair at KLCC.
Passengers shared delay slip and crowding evidence during rush hour
Rapid KL staff guided queue and temporary shuttle arrangement
There are 18 comments in total
author
reply
Show 3 replies
Say something",Power trip caused brief outage and service resumed after technicians completed repair at KLCC Passengers shared delay slip and crowding evidence during rush hour Rapid KL staff guided queue and temporary shuttle arrangement There are 18 comments in total author reply Show 3 replies Say something,1,incident_power_outage,synthetic_mock
🇲🇾LRT停运 注意了‼️ - 小红书 - Google Chrome,2637,mock_post_2637.png,🇲🇾LRT停运 注意了‼️ - 小红书 - Google Chrome,2026-02-24T03:57:00,"Little Red Potato 66A1
focus on
Normal operation resumed and train intervals are back to schedule at KLCC.
People shared regular commute and station photos
No emergency notice was posted
Malaysia transport update 2024-10-06
There are 15 comments in total
author
reply
Show 1 replies
Say something",Normal operation resumed and train intervals are back to schedule at KLCC People shared regular commute and station photos No emergency notice was posted Malaysia transport update 2024 10 06 There are 15 comments in total author reply Show 1 replies Say something,0,normal_operation,synthetic_mock
mrtkajang问题 - 小红书搜索 - Google Chrome,2638,mock_post_2638.png,mrtkajang问题 - 小红书搜索 - Google Chrome,2026-02-24T03:58:00,"Ootashi store
focus on
LRT Kelana Jaya line had a signaling issue during peak hour and trains moved slowly at Putra Heights.
Passengers shared delay slip and crowding evidence during rush hour
Rapid KL staff guided queue and temporary shuttle arrangement
Malaysia transport update 2026-01-24
There are 12 comments in total
author
reply
Show 1 replies
Say something",LRT Kelana Jaya line had a signaling issue during peak hour and trains moved slowly at Putra Heights Passengers shared delay slip and crowding evidence during rush hour Rapid KL staff guided queue and temporary shuttle arrangement Malaysia transport update 2026 01 24 There are 12 comments in total author reply Show 1 replies Say something,1,incident_breakdown,synthetic_mock
mrt fault - 小红书搜索 - Google Chrome,2639,mock_post_2639.png,mrt fault - 小红书搜索 - Google Chrome,2026-02-24T03:59:00,"Ootashi store
focus on
Normal operation resumed and train intervals are back to schedule at KL Sentral.
People shared regular commute and station photos
No emergency notice was posted
Malaysia transport update 2024-08-03
There are 14 comments in total
author
reply
Show 3 replies
Say something",Normal operation resumed and train intervals are back to schedule at KL Sentral People shared regular commute and station photos No emergency notice was posted Malaysia transport update 2024 08 03 There are 14 comments in total author reply Show 3 replies Say something,0,normal_operation,synthetic_mock
🇲🇾LRT停运 注意了‼️ - 小红书 - Google Chrome,2640,mock_post_2640.png,🇲🇾LRT停运 注意了‼️ - 小红书 - Google Chrome,2026-02-24T04:00:00,"Xiaoxuan Talk Malaysia Official
focus on
Kelana Jaya line maintenance phase affected frequency and caused crowding at stations at Kelana Jaya.
Passengers shared delay slip and crowding evidence during rush hour
Rapid KL staff guided queue and temporary shuttle arrangement
There are 9 comments in total
author
reply
Show 3 replies
Say something",Kelana Jaya line maintenance phase affected frequency and caused crowding at stations at Kelana Jaya Passengers shared delay slip and crowding evidence during rush hour Rapid KL staff guided queue and temporary shuttle arrangement There are 9 comments in total author reply Show 3 replies Say something,1,incident_maintenance_impact,synthetic_mock
mrt fault - 小红书搜索 - Google Chrome,2641,mock_post_2641.png,mrt fault - 小红书搜索 - Google Chrome,2026-02-24T04:01:00,"Little Red Potato 66A1
focus on
Normal operation resumed and train intervals are back to schedule at Masjid Jamek.
People shared regular commute and station photos
No emergency notice was posted
There are 18 comments in total
author
reply
Show 3 replies
Say something",Normal operation resumed and train intervals are back to schedule at Masjid Jamek People shared regular commute and station photos No emergency notice was posted There are 18 comments in total author reply Show 3 replies Say something,0,normal_operation,synthetic_mock
地铁 马来西亚 - 小红书搜索 - Google Chrome,2642,mock_post_2642.png,地铁 马来西亚 - 小红书搜索 - Google Chrome,2026-02-24T04:02:00,"Ootashi store
focus on
Kelana Jaya line maintenance phase affected frequency and caused crowding at stations at Gombak.
Passengers shared delay slip and crowding evidence during rush hour
Rapid KL staff guided queue and temporary shuttle arrangement
There are 5 comments in total
author
reply
Show 3 replies
Say something",Kelana Jaya line maintenance phase affected frequency and caused crowding at stations at Gombak Passengers shared delay slip and crowding evidence during rush hour Rapid KL staff guided queue and temporary shuttle arrangement There are 5 comments in total author reply Show 3 replies Say something,1,incident_maintenance_impact,synthetic_mock
mrt fault - 小红书搜索 - Google Chrome,2643,mock_post_2643.png,mrt fault - 小红书搜索 - Google Chrome,2026-02-24T04:03:00,"Little Red Potato 66A1
focus on
No disruption observed and transfer between lines completed without waiting at Wangsa Maju.
People shared regular commute and station photos
No emergency notice was posted
There are 7 comments in total
author
reply
Show 2 replies
Say something",No disruption observed and transfer between lines completed without waiting at Wangsa Maju People shared regular commute and station photos No emergency notice was posted There are 7 comments in total author reply Show 2 replies Say something,0,normal_no_incident,synthetic_mock
地铁 马来西亚 - 小红书搜索 - Google Chrome,2644,mock_post_2644.png,地铁 马来西亚 - 小红书搜索 - Google Chrome,2026-02-24T04:04:00,"Leisurely kitten
focus on
Rapid KL announced temporary service disruption between KLCC and Gombak with shuttle support at KL Sentral.
Passengers shared delay slip and crowding evidence during rush hour
Rapid KL staff guided queue and temporary shuttle arrangement
Malaysia transport update 2025-02-14
There are 3 comments in total
author
reply
Show 3 replies
Say something",Rapid KL announced temporary service disruption between KLCC and Gombak with shuttle support at KL Sentral Passengers shared delay slip and crowding evidence during rush hour Rapid KL staff guided queue and temporary shuttle arrangement Malaysia transport update 2025 02 14 There are 3 comments in total author reply Show 3 replies Say something,1,incident_service_disruption,synthetic_mock
lrtkelanajaya线 - 小红书搜索 - Google Chrome,2645,mock_post_2645.png,lrtkelanajaya线 - 小红书搜索 - Google Chrome,2026-02-24T04:05:00,"Ootashi store
focus on
Service update says all lines are stable with no major delay this morning at Ampang Park.
People shared regular commute and station photos
No emergency notice was posted
There are 18 comments in total
author
reply
Show 1 replies
Say something",Service update says all lines are stable with no major delay this morning at Ampang Park People shared regular commute and station photos No emergency notice was posted There are 18 comments in total author reply Show 1 replies Say something,0,normal_update,synthetic_mock
🇲🇾LRT KelanajayaLine通告，列车降速 - 小红书 - Google Chrome,2646,mock_post_2646.png,🇲🇾LRT KelanajayaLine通告，列车降速 - 小红书 - Google Chrome,2026-02-24T04:06:00,"Xiaoxuan Talk Malaysia Official
focus on
Kelana Jaya line maintenance phase affected frequency and caused crowding at stations at KLCC.
Passengers shared delay slip and crowding evidence during rush hour
Rapid KL staff guided queue and temporary shuttle arrangement
Malaysia transport update 2024-03-12
There are 18 comments in total
author
reply
Show 3 replies
Say something",Kelana Jaya line maintenance phase affected frequency and caused crowding at stations at KLCC Passengers shared delay slip and crowding evidence during rush hour Rapid KL staff guided queue and temporary shuttle arrangement Malaysia transport update 2024 03 12 There are 18 comments in total author reply Show 3 replies Say something,1,incident_maintenance_impact,synthetic_mock
mrt - 小红书搜索 - Google Chrome,2647,mock_post_2647.png,mrt - 小红书搜索 - Google Chrome,2026-02-24T04:07:00,"City transit watcher
focus on
No disruption observed and transfer between lines completed without waiting at Universiti.
People shared regular commute and station photos
No emergency notice was posted
Malaysia transport update 2025-05-07
There are 12 comments in total
author
reply
Show 2 replies
Say something",No disruption observed and transfer between lines completed without waiting at Universiti People shared regular commute and station photos No emergency notice was posted Malaysia transport update 2025 05 07 There are 12 comments in total author reply Show 2 replies Say something,0,normal_no_incident,synthetic_mock
地铁 马来西亚 - 小红书搜索 - Google Chrome,2648,mock_post_2648.png,地铁 马来西亚 - 小红书搜索 - Google Chrome,2026-02-24T04:08:00,"Leisurely kitten
focus on
Passengers were asked to get off at Pasar Seni due to train fault and wait for replacement at Universiti.
Passengers shared delay slip and crowding evidence during rush hour
Rapid KL staff guided queue and temporary shuttle arrangement
There are 5 comments in total
author
reply
Show 2 replies
Say something",Passengers were asked to get off at Pasar Seni due to train fault and wait for replacement at Universiti Passengers shared delay slip and crowding evidence during rush hour Rapid KL staff guided queue and temporary shuttle arrangement There are 5 comments in total author reply Show 2 replies Say something,1,incident_train_fault,synthetic_mock
lrtkelanajaya线 - 小红书搜索 - Google Chrome,2649,mock_post_2649.png,lrtkelanajaya线 - 小红书搜索 - Google Chrome,2026-02-24T04:09:00,"KL daily commuter
focus on
Normal operation resumed and train intervals are back to schedule at Wangsa Maju.
People shared regular commute and station photos
No emergency notice was posted
Malaysia transport update 2026-07-02
There are 14 comments in total
author
reply
Show 2 replies
Say something",Normal operation resumed and train intervals are back to schedule at Wangsa Maju People shared regular commute and station photos No emergency notice was posted Malaysia transport update 2026 07 02 There are 14 comments in total author reply Show 2 replies Say something,0,normal_operation,synthetic_mock
地铁 马来西亚 - 小红书搜索 - Google Chrome,2650,mock_post_2650.png,地铁 马来西亚 - 小红书搜索 - Google Chrome,2026-02-24T04:10:00,"Ootashi store
focus on
Passengers were asked to get off at Pasar Seni due to train fault and wait for replacement at Masjid Jamek.
Passengers shared delay slip and crowding evidence during rush hour
Rapid KL staff guided queue and temporary shuttle arrangement
There are 9 comments in total
author
reply
Show 2 replies
Say something",Passengers were asked to get off at Pasar Seni due to train fault and wait for replacement at Masjid Jamek Passengers shared delay slip and crowding evidence during rush hour Rapid KL staff guided queue and temporary shuttle arrangement There are 9 comments in total author reply Show 2 replies Say something,1,incident_train_fault,synthetic_mock
🇲🇾LRT停运 注意了‼️ - 小红书 - Google Chrome,2651,mock_post_2651.png,🇲🇾LRT停运 注意了‼️ - 小红书 - Google Chrome,2026-02-24T04:11:00,"Little Red Potato 66A1
focus on
Routine travel post about route tips and fare sharing at Universiti.
People shared regular commute and station photos
No emergency notice was posted
Malaysia transport update 2024-06-26
There are 8 comments in total
author
reply
Show 2 replies
Say something",Routine travel post about route tips and fare sharing at Universiti People shared regular commute and station photos No emergency notice was posted Malaysia transport update 2024 06 26 There are 8 comments in total author reply Show 2 replies Say something,0,normal_travel_tip,synthetic_mock
mrt - 小红书搜索 - Google Chrome,2652,mock_post_2652.png,mrt - 小红书搜索 - Google Chrome,2026-02-24T04:12:00,"Ootashi store
focus on
Commuters reported long queue and train delay after track maintenance at Universiti station at Wangsa Maju.
Passengers shared delay slip and crowding evidence during rush hour
Rapid KL staff guided queue and temporary shuttle arrangement
Malaysia transport update 2025-06-02
There are 15 comments in total
author
reply
Show 2 replies
Say something",Commuters reported long queue and train delay after track maintenance at Universiti station at Wangsa Maju Passengers shared delay slip and crowding evidence during rush hour Rapid KL staff guided queue and temporary shuttle arrangement Malaysia transport update 2025 06 02 There are 15 comments in total author reply Show 2 replies Say something,1,incident_delay,synthetic_mock
mrt kajang - 小红书搜索 - Google Chrome,2653,mock_post_2653.png,mrt kajang - 小红书搜索 - Google Chrome,2026-02-24T04:13:00,"Rapid commuter diary
focus on
General city transport post not related to outage or malfunction at Kelana Jaya.
People shared regular commute and station photos
No emergency notice was posted
Malaysia transport update 2026-06-12
There are 3 comments in total
author
reply
Show 2 replies
Say something",General city transport post not related to outage or malfunction at Kelana Jaya People shared regular commute and station photos No emergency notice was posted Malaysia transport update 2026 06 12 There are 3 comments in total author reply Show 2 replies Say something,0,normal_general,synthetic_mock
mrt fault - 小红书搜索 - Google Chrome,2654,mock_post_2654.png,mrt fault - 小红书搜索 - Google Chrome,2026-02-24T04:14:00,"Little Red Potato 66A1
focus on
Rapid KL announced temporary service disruption between KLCC and Gombak with shuttle support at Universiti.
Passengers shared delay slip and crowding evidence during rush hour
Rapid KL staff guided queue and temporary shuttle arrangement
Malaysia transport update 2024-10-02
There are 18 comments in total
author
reply
Show 2 replies
Say something",Rapid KL announced temporary service disruption between KLCC and Gombak with shuttle support at Universiti Passengers shared delay slip and crowding evidence during rush hour Rapid KL staff guided queue and temporary shuttle arrangement Malaysia transport update 2024 10 02 There are 18 comments in total author reply Show 2 replies Say something,1,incident_service_disruption,synthetic_mock
lrt is bad again - Xiaohongshu search - Google Chrome,2655,mock_post_2655.png,lrt is bad again - Xiaohongshu search - Google Chrome,2026-02-24T04:15:00,"Rapid commuter diary
focus on
Normal operation resumed and train intervals are back to schedule at Kelana Jaya.
People shared regular commute and station photos
No emergency notice was posted
There are 10 comments in total
author
reply
Show 3 replies
Say something",Normal operation resumed and train intervals are back to schedule at Kelana Jaya People shared regular commute and station photos No emergency notice was posted There are 10 comments in total author reply Show 3 replies Say something,0,normal_operation,synthetic_mock
lrt klcc - 小红书搜索 - Google Chrome,2656,mock_post_2656.png,lrt klcc - 小红书搜索 - Google Chrome,2026-02-24T04:16:00,"Xiaoxuan Talk Malaysia Official
focus on
Kelana Jaya line maintenance phase affected frequency and caused crowding at stations at KL Sentral.
Passengers shared delay slip and crowding evidence during rush hour
Rapid KL staff guided queue and temporary shuttle arrangement
There are 4 comments in total
author
reply
Show 1 replies
Say something",Kelana Jaya line maintenance phase affected frequency and caused crowding at stations at KL Sentral Passengers shared delay slip and crowding evidence during rush hour Rapid KL staff guided queue and temporary shuttle arrangement There are 4 comments in total author reply Show 1 replies Say something,1,incident_maintenance_impact,synthetic_mock
mrtkajang问题 - 小红书搜索 - Google Chrome,2657,mock_post_2657.png,mrtkajang问题 - 小红书搜索 - Google Chrome,2026-02-24T04:17:00,"Rapid commuter diary
focus on
No disruption observed and transfer between lines completed without waiting at Masjid Jamek.
People shared regular commute and station photos
No emergency notice was posted
Malaysia transport update 2026-01-05
There are 11 comments in total
author
reply
Show 2 replies
Say something",No disruption observed and transfer between lines completed without waiting at Masjid Jamek People shared regular commute and station photos No emergency notice was posted Malaysia transport update 2026 01 05 There are 11 comments in total author reply Show 2 replies Say something,0,normal_no_incident,synthetic_mock
🇲🇾LRT停运 注意了‼️ - 小红书 - Google Chrome,2658,mock_post_2658.png,🇲🇾LRT停运 注意了‼️ - 小红书 - Google Chrome,2026-02-24T04:18:00,"Xiaoxuan Talk Malaysia Official
focus on
Kelana Jaya line maintenance phase affected frequency and caused crowding at stations at Wangsa Maju.
Passengers shared delay slip and crowding evidence during rush hour
Rapid KL staff guided queue and temporary shuttle arrangement
There are 6 comments in total
author
reply
Show 1 replies
Say something",Kelana Jaya line maintenance phase affected frequency and caused crowding at stations at Wangsa Maju Passengers shared delay slip and crowding evidence during rush hour Rapid KL staff guided queue and temporary shuttle arrangement There are 6 comments in total author reply Show 1 replies Say something,1,incident_maintenance_impact,synthetic_mock
mrt - 小红书搜索 - Google Chrome,2659,mock_post_2659.png,mrt - 小红书搜索 - Google Chrome,2026-02-24T04:19:00,"City transit watcher
focus on
Normal operation resumed and train intervals are back to schedule at Wangsa Maju.
People shared regular commute and station photos
No emergency notice was posted
There are 8 comments in total
author
reply
Show 2 replies
Say something",Normal operation resumed and train intervals are back to schedule at Wangsa Maju People shared regular commute and station photos No emergency notice was posted There are 8 comments in total author reply Show 2 replies Say something,0,normal_operation,synthetic_mock
mrtkajang问题 - 小红书搜索 - Google Chrome,2660,mock_post_2660.png,mrtkajang问题 - 小红书搜索 - Google Chrome,2026-02-24T04:20:00,"City transit watcher
focus on
Kelana Jaya line maintenance phase affected frequency and caused crowding at stations at KLCC.
Passengers shared delay slip and crowding evidence during rush hour
Rapid KL staff guided queue and temporary shuttle arrangement
Malaysia transport update 2024-02-22
There are 5 comments in total
author
reply
Show 1 replies
Say something",Kelana Jaya line maintenance phase affected frequency and caused crowding at stations at KLCC Passengers shared delay slip and crowding evidence during rush hour Rapid KL staff guided queue and temporary shuttle arrangement Malaysia transport update 2024 02 22 There are 5 comments in total author reply Show 1 replies Say something,1,incident_maintenance_impact,synthetic_mock
lrtkelanajaya故障 - 小红书搜索 - Google Chrome,2661,mock_post_2661.png,lrtkelanajaya故障 - 小红书搜索 - Google Chrome,2026-02-24T04:21:00,"Leisurely kitten
focus on
Commuting to work was smooth and station crowd level was manageable today at KL Sentral.
People shared regular commute and station photos
No emergency notice was posted
There are 2 comments in total
author
reply
Show 1 replies
Say something",Commuting to work was smooth and station crowd level was manageable today at KL Sentral People shared regular commute and station photos No emergency notice was posted There are 2 comments in total author reply Show 1 replies Say something,0,normal_commute,synthetic_mock
🇲🇾LRT停运 注意了‼️ - 小红书 - Google Chrome,2662,mock_post_2662.png,🇲🇾LRT停运 注意了‼️ - 小红书 - Google Chrome,2026-02-24T04:22:00,"Xiaoxuan Talk Malaysia Official
focus on
Power trip caused brief outage and service resumed after technicians completed repair at Kelana Jaya.
Passengers shared delay slip and crowding evidence during rush hour
Rapid KL staff guided queue and temporary shuttle arrangement
Malaysia transport update 2025-04-28
There are 6 comments in total
author
reply
Show 2 replies
Say something",Power trip caused brief outage and service resumed after technicians completed repair at Kelana Jaya Passengers shared delay slip and crowding evidence during rush hour Rapid KL staff guided queue and temporary shuttle arrangement Malaysia transport update 2025 04 28 There are 6 comments in total author reply Show 2 replies Say something,1,incident_power_outage,synthetic_mock
lrt is bad again - Xiaohongshu search - Google Chrome,2663,mock_post_2663.png,lrt is bad again - Xiaohongshu search - Google Chrome,2026-02-24T04:23:00,"Leisurely kitten
focus on
General city transport post not related to outage or malfunction at KL Sentral.
People shared regular commute and station photos
No emergency notice was posted
Malaysia transport update 2026-06-02
There are 15 comments in total
author
reply
Show 2 replies
Say something",General city transport post not related to outage or malfunction at KL Sentral People shared regular commute and station photos No emergency notice was posted Malaysia transport update 2026 06 02 There are 15 comments in total author reply Show 2 replies Say something,0,normal_general,synthetic_mock
mrt fault - 小红书搜索 - Google Chrome,2664,mock_post_2664.png,mrt fault - 小红书搜索 - Google Chrome,2026-02-24T04:24:00,"KL daily commuter
focus on
Power trip caused brief outage and service resumed after technicians completed repair at KLCC.
Passengers shared delay slip and crowding evidence during rush hour
Rapid KL staff guided queue and temporary shuttle arrangement
Malaysia transport update 2024-03-15
There are 18 comments in total
author
reply
Show 1 replies
Say something",Power trip caused brief outage and service resumed after technicians completed repair at KLCC Passengers shared delay slip and crowding evidence during rush hour Rapid KL staff guided queue and temporary shuttle arrangement Malaysia transport update 2024 03 15 There are 18 comments in total author reply Show 1 replies Say something,1,incident_power_outage,synthetic_mock
lrt is bad again - Xiaohongshu search - Google Chrome,2665,mock_post_2665.png,lrt is bad again - Xiaohongshu search - Google Chrome,2026-02-24T04:25:00,"City transit watcher
focus on
General city transport post not related to outage or malfunction at KL Sentral.
People shared regular commute and station photos
No emergency notice was posted
Malaysia transport update 2024-04-22
There are 3 comments in total
author
reply
Show 1 replies
Say something",General city transport post not related to outage or malfunction at KL Sentral People shared regular commute and station photos No emergency notice was posted Malaysia transport update 2024 04 22 There are 3 comments in total author reply Show 1 replies Say something,0,normal_general,synthetic_mock
lrt is bad again - Xiaohongshu search - Google Chrome,2666,mock_post_2666.png,lrt is bad again - Xiaohongshu search - Google Chrome,2026-02-24T04:26:00,"City transit watcher
focus on
Power trip caused brief outage and service resumed after technicians completed repair at Gombak.
Passengers shared delay slip and crowding evidence during rush hour
Rapid KL staff guided queue and temporary shuttle arrangement
There are 10 comments in total
author
reply
Show 3 replies
Say something",Power trip caused brief outage and service resumed after technicians completed repair at Gombak Passengers shared delay slip and crowding evidence during rush hour Rapid KL staff guided queue and temporary shuttle arrangement There are 10 comments in total author reply Show 3 replies Say something,1,incident_power_outage,synthetic_mock
lrt is bad again - Xiaohongshu search - Google Chrome,2667,mock_post_2667.png,lrt is bad again - Xiaohongshu search - Google Chrome,2026-02-24T04:27:00,"Xiaoxuan Talk Malaysia Official
focus on
Service update says all lines are stable with no major delay this morning at KL Sentral.
People shared regular commute and station photos
No emergency notice was posted
Malaysia transport update 2025-03-02
There are 7 comments in total
author
reply
Show 2 replies
Say something",Service update says all lines are stable with no major delay this morning at KL Sentral People shared regular commute and station photos No emergency notice was posted Malaysia transport update 2025 03 02 There are 7 comments in total author reply Show 2 replies Say something,0,normal_update,synthetic_mock
lrt klcc - 小红书搜索 - Google Chrome,2668,mock_post_2668.png,lrt klcc - 小红书搜索 - Google Chrome,2026-02-24T04:28:00,"City transit watcher
focus on
Passengers were asked to get off at Pasar Seni due to train fault and wait for replacement at KL Sentral.
Passengers shared delay slip and crowding evidence during rush hour
Rapid KL staff guided queue and temporary shuttle arrangement
There are 10 comments in total
author
reply
Show 1 replies
Say something",Passengers were asked to get off at Pasar Seni due to train fault and wait for replacement at KL Sentral Passengers shared delay slip and crowding evidence during rush hour Rapid KL staff guided queue and temporary shuttle arrangement There are 10 comments in total author reply Show 1 replies Say something,1,incident_train_fault,synthetic_mock
🇲🇾LRT停运 注意了‼️ - 小红书 - Google Chrome,2669,mock_post_2669.png,🇲🇾LRT停运 注意了‼️ - 小红书 - Google Chrome,2026-02-24T04:29:00,"City transit watcher
focus on
Routine travel post about route tips and fare sharing at Gombak.
People shared regular commute and station photos
No emergency notice was posted
There are 4 comments in total
author
reply
Show 1 replies
Say something",Routine travel post about route tips and fare sharing at Gombak People shared regular commute and station photos No emergency notice was posted There are 4 comments in total author reply Show 1 replies Say something,0,normal_travel_tip,synthetic_mock
mrt fault - 小红书搜索 - Google Chrome,2670,mock_post_2670.png,mrt fault - 小红书搜索 - Google Chrome,2026-02-24T04:30:00,"Little Red Potato 66A1
focus on
Commuters reported long queue and train delay after track maintenance at Universiti station at KL Sentral.
Passengers shared delay slip and crowding evidence during rush hour
Rapid KL staff guided queue and temporary shuttle arrangement
There are 18 comments in total
author
reply
Show 2 replies
Say something",Commuters reported long queue and train delay after track maintenance at Universiti station at KL Sentral Passengers shared delay slip and crowding evidence during rush hour Rapid KL staff guided queue and temporary shuttle arrangement There are 18 comments in total author reply Show 2 replies Say something,1,incident_delay,synthetic_mock
mrt fault - 小红书搜索 - Google Chrome,2671,mock_post_2671.png,mrt fault - 小红书搜索 - Google Chrome,2026-02-24T04:31:00,"City transit watcher
focus on
Service update says all lines are stable with no major delay this morning at Putra Heights.
People shared regular commute and station photos
No emergency notice was posted
There are 5 comments in total
author
reply
Show 1 replies
Say something",Service update says all lines are stable with no major delay this morning at Putra Heights People shared regular commute and station photos No emergency notice was posted There are 5 comments in total author reply Show 1 replies Say something,0,normal_update,synthetic_mock
lrt is bad again - Xiaohongshu search - Google Chrome,2672,mock_post_2672.png,lrt is bad again - Xiaohongshu search - Google Chrome,2026-02-24T04:32:00,"Xiaoxuan Talk Malaysia Official
focus on
Power trip caused brief outage and service resumed after technicians completed repair at KLCC.
Passengers shared delay slip and crowding evidence during rush hour
Rapid KL staff guided queue and temporary shuttle arrangement
Malaysia transport update 2025-10-19
There are 1 comments in total
author
reply
Show 3 replies
Say something",Power trip caused brief outage and service resumed after technicians completed repair at KLCC Passengers shared delay slip and crowding evidence during rush hour Rapid KL staff guided queue and temporary shuttle arrangement Malaysia transport update 2025 10 19 There are 1 comments in total author reply Show 3 replies Say something,1,incident_power_outage,synthetic_mock
lrt klcc - 小红书搜索 - Google Chrome,2673,mock_post_2673.png,lrt klcc - 小红书搜索 - Google Chrome,2026-02-24T04:33:00,"Rapid commuter diary
focus on
No disruption observed and transfer between lines completed without waiting at KL Sentral.
People shared regular commute and station photos
No emergency notice was posted
There are 18 comments in total
author
reply
Show 1 replies
Say something",No disruption observed and transfer between lines completed without waiting at KL Sentral People shared regular commute and station photos No emergency notice was posted There are 18 comments in total author reply Show 1 replies Say something,0,normal_no_incident,synthetic_mock
地铁 马来西亚 - 小红书搜索 - Google Chrome,2674,mock_post_2674.png,地铁 马来西亚 - 小红书搜索 - Google Chrome,2026-02-24T04:34:00,"City transit watcher
focus on
Passengers were asked to get off at Pasar Seni due to train fault and wait for replacement at Wangsa Maju.
Passengers shared delay slip and crowding evidence during rush hour
Rapid KL staff guided queue and temporary shuttle arrangement
Malaysia transport update 2025-01-25
There are 8 comments in total
author
reply
Show 2 replies
Say something",Passengers were asked to get off at Pasar Seni due to train fault and wait for replacement at Wangsa Maju Passengers shared delay slip and crowding evidence during rush hour Rapid KL staff guided queue and temporary shuttle arrangement Malaysia transport update 2025 01 25 There are 8 comments in total author reply Show 2 replies Say something,1,incident_train_fault,synthetic_mock
lrtkelanajaya线 - 小红书搜索 - Google Chrome,2675,mock_post_2675.png,lrtkelanajaya线 - 小红书搜索 - Google Chrome,2026-02-24T04:35:00,"City transit watcher
focus on
Commuting to work was smooth and station crowd level was manageable today at Pasar Seni.
People shared regular commute and station photos
No emergency notice was posted
There are 7 comments in total
author
reply
Show 3 replies
Say something",Commuting to work was smooth and station crowd level was manageable today at Pasar Seni People shared regular commute and station photos No emergency notice was posted There are 7 comments in total author reply Show 3 replies Say something,0,normal_commute,synthetic_mock
lrt is bad again - Xiaohongshu search - Google Chrome,2676,mock_post_2676.png,lrt is bad again - Xiaohongshu search - Google Chrome,2026-02-24T04:36:00,"Leisurely kitten
focus on
Passengers were asked to get off at Pasar Seni due to train fault and wait for replacement at Gombak.
Passengers shared delay slip and crowding evidence during rush hour
Rapid KL staff guided queue and temporary shuttle arrangement
There are 12 comments in total
author
reply
Show 1 replies
Say something",Passengers were asked to get off at Pasar Seni due to train fault and wait for replacement at Gombak Passengers shared delay slip and crowding evidence during rush hour Rapid KL staff guided queue and temporary shuttle arrangement There are 12 comments in total author reply Show 1 replies Say something,1,incident_train_fault,synthetic_mock
lrtkelanajaya故障 - 小红书搜索 - Google Chrome,2677,mock_post_2677.png,lrtkelanajaya故障 - 小红书搜索 - Google Chrome,2026-02-24T04:37:00,"Rapid commuter diary
focus on
Normal operation resumed and train intervals are back to schedule at Wangsa Maju.
People shared regular commute and station photos
No emergency notice was posted
Malaysia transport update 2024-06-11
There are 1 comments in total
author
reply
Show 1 replies
Say something",Normal operation resumed and train intervals are back to schedule at Wangsa Maju People shared regular commute and station photos No emergency notice was posted Malaysia transport update 2024 06 11 There are 1 comments in total author reply Show 1 replies Say something,0,normal_operation,synthetic_mock
lrtkelanajaya故障 - 小红书搜索 - Google Chrome,2678,mock_post_2678.png,lrtkelanajaya故障 - 小红书搜索 - Google Chrome,2026-02-24T04:38:00,"KL daily commuter
focus on
Kelana Jaya line maintenance phase affected frequency and caused crowding at stations at Putra Heights.
Passengers shared delay slip and crowding evidence during rush hour
Rapid KL staff guided queue and temporary shuttle arrangement
Malaysia transport update 2025-04-13
There are 11 comments in total
author
reply
Show 2 replies
Say something",Kelana Jaya line maintenance phase affected frequency and caused crowding at stations at Putra Heights Passengers shared delay slip and crowding evidence during rush hour Rapid KL staff guided queue and temporary shuttle arrangement Malaysia transport update 2025 04 13 There are 11 comments in total author reply Show 2 replies Say something,1,incident_maintenance_impact,synthetic_mock
lrtkelanajaya故障 - 小红书搜索 - Google Chrome,2679,mock_post_2679.png,lrtkelanajaya故障 - 小红书搜索 - Google Chrome,2026-02-24T04:39:00,"Leisurely kitten
focus on
No disruption observed and transfer between lines completed without waiting at Pasar Seni.
People shared regular commute and station photos
No emergency notice was posted
Malaysia transport update 2026-05-06
There are 2 comments in total
author
reply
Show 3 replies
Say something",No disruption observed and transfer between lines completed without waiting at Pasar Seni People shared regular commute and station photos No emergency notice was posted Malaysia transport update 2026 05 06 There are 2 comments in total author reply Show 3 replies Say something,0,normal_no_incident,synthetic_mock
mrt - 小红书搜索 - Google Chrome,2680,mock_post_2680.png,mrt - 小红书搜索 - Google Chrome,2026-02-24T04:40:00,"City transit watcher
focus on
Kelana Jaya line maintenance phase affected frequency and caused crowding at stations at KL Sentral.
Passengers shared delay slip and crowding evidence during rush hour
Rapid KL staff guided queue and temporary shuttle arrangement
There are 8 comments in total
author
reply
Show 1 replies
Say something",Kelana Jaya line maintenance phase affected frequency and caused crowding at stations at KL Sentral Passengers shared delay slip and crowding evidence during rush hour Rapid KL staff guided queue and temporary shuttle arrangement There are 8 comments in total author reply Show 1 replies Say something,1,incident_maintenance_impact,synthetic_mock
lrt is bad again - Xiaohongshu search - Google Chrome,2681,mock_post_2681.png,lrt is bad again - Xiaohongshu search - Google Chrome,2026-02-24T04:41:00,"Xiaoxuan Talk Malaysia Official
focus on
Commuting to work was smooth and station crowd level was manageable today at KLCC.
People shared regular commute and station photos
No emergency notice was posted
Malaysia transport update 2024-10-02
There are 14 comments in total
author
reply
Show 3 replies
Say something",Commuting to work was smooth and station crowd level was manageable today at KLCC People shared regular commute and station photos No emergency notice was posted Malaysia transport update 2024 10 02 There are 14 comments in total author reply Show 3 replies Say something,0,normal_commute,synthetic_mock
mrt kajang - 小红书搜索 - Google Chrome,2682,mock_post_2682.png,mrt kajang - 小红书搜索 - Google Chrome,2026-02-24T04:42:00,"Xiaoxuan Talk Malaysia Official
focus on
Commuters reported long queue and train delay after track maintenance at Universiti station at Universiti.
Passengers shared delay slip and crowding evidence during rush hour
Rapid KL staff guided queue and temporary shuttle arrangement
There are 18 comments in total
author
reply
Show 3 replies
Say something",Commuters reported long queue and train delay after track maintenance at Universiti station at Universiti Passengers shared delay slip and crowding evidence during rush hour Rapid KL staff guided queue and temporary shuttle arrangement There are 18 comments in total author reply Show 3 replies Say something,1,incident_delay,synthetic_mock
lrtkelanajaya线 - 小红书搜索 - Google Chrome,2683,mock_post_2683.png,lrtkelanajaya线 - 小红书搜索 - Google Chrome,2026-02-24T04:43:00,"Ootashi store
focus on
Routine travel post about route tips and fare sharing at Gombak.
People shared regular commute and station photos
No emergency notice was posted
Malaysia transport update 2024-02-13
There are 13 comments in total
author
reply
Show 2 replies
Say something",Routine travel post about route tips and fare sharing at Gombak People shared regular commute and station photos No emergency notice was posted Malaysia transport update 2024 02 13 There are 13 comments in total author reply Show 2 replies Say something,0,normal_travel_tip,synthetic_mock
地铁 马来西亚 - 小红书搜索 - Google Chrome,2684,mock_post_2684.png,地铁 马来西亚 - 小红书搜索 - Google Chrome,2026-02-24T04:44:00,"Xiaoxuan Talk Malaysia Official
focus on
Rapid KL announced temporary service disruption between KLCC and Gombak with shuttle support at KL Sentral.
Passengers shared delay slip and crowding evidence during rush hour
Rapid KL staff guided queue and temporary shuttle arrangement
Malaysia transport update 2026-06-15
There are 11 comments in total
author
reply
Show 3 replies
Say something",Rapid KL announced temporary service disruption between KLCC and Gombak with shuttle support at KL Sentral Passengers shared delay slip and crowding evidence during rush hour Rapid KL staff guided queue and temporary shuttle arrangement Malaysia transport update 2026 06 15 There are 11 comments in total author reply Show 3 replies Say something,1,incident_service_disruption,synthetic_mock
lrtkelanajaya故障 - 小红书搜索 - Google Chrome,2685,mock_post_2685.png,lrtkelanajaya故障 - 小红书搜索 - Google Chrome,2026-02-24T04:45:00,"Leisurely kitten
focus on
Routine travel post about route tips and fare sharing at Ampang Park.
People shared regular commute and station photos
No emergency notice was posted
There are 6 comments in total
author
reply
Show 1 replies
Say something",Routine travel post about route tips and fare sharing at Ampang Park People shared regular commute and station photos No emergency notice was posted There are 6 comments in total author reply Show 1 replies Say something,0,normal_travel_tip,synthetic_mock
mrt kajang - 小红书搜索 - Google Chrome,2686,mock_post_2686.png,mrt kajang - 小红书搜索 - Google Chrome,2026-02-24T04:46:00,"KL daily commuter
focus on
Passengers were asked to get off at Pasar Seni due to train fault and wait for replacement at KL Sentral.
Passengers shared delay slip and crowding evidence during rush hour
Rapid KL staff guided queue and temporary shuttle arrangement
Malaysia transport update 2024-07-02
There are 8 comments in total
author
reply
Show 1 replies
Say something",Passengers were asked to get off at Pasar Seni due to train fault and wait for replacement at KL Sentral Passengers shared delay slip and crowding evidence during rush hour Rapid KL staff guided queue and temporary shuttle arrangement Malaysia transport update 2024 07 02 There are 8 comments in total author reply Show 1 replies Say something,1,incident_train_fault,synthetic_mock
地铁 马来西亚 - 小红书搜索 - Google Chrome,2687,mock_post_2687.png,地铁 马来西亚 - 小红书搜索 - Google Chrome,2026-02-24T04:47:00,"KL daily commuter
focus on
General city transport post not related to outage or malfunction at Pasar Seni.
People shared regular commute and station photos
No emergency notice was posted
Malaysia transport update 2026-03-15
There are 12 comments in total
author
reply
Show 2 replies
Say something",General city transport post not related to outage or malfunction at Pasar Seni People shared regular commute and station photos No emergency notice was posted Malaysia transport update 2026 03 15 There are 12 comments in total author reply Show 2 replies Say something,0,normal_general,synthetic_mock
mrtkajang问题 - 小红书搜索 - Google Chrome,2688,mock_post_2688.png,mrtkajang问题 - 小红书搜索 - Google Chrome,2026-02-24T04:48:00,"Leisurely kitten
focus on
Rapid KL announced temporary service disruption between KLCC and Gombak with shuttle support at KLCC.
Passengers shared delay slip and crowding evidence during rush hour
Rapid KL staff guided queue and temporary shuttle arrangement
Malaysia transport update 2025-01-23
There are 5 comments in total
author
reply
Show 1 replies
Say something",Rapid KL announced temporary service disruption between KLCC and Gombak with shuttle support at KLCC Passengers shared delay slip and crowding evidence during rush hour Rapid KL staff guided queue and temporary shuttle arrangement Malaysia transport update 2025 01 23 There are 5 comments in total author reply Show 1 replies Say something,1,incident_service_disruption,synthetic_mock
lrtkelanajaya故障 - 小红书搜索 - Google Chrome,2689,mock_post_2689.png,lrtkelanajaya故障 - 小红书搜索 - Google Chrome,2026-02-24T04:49:00,"KL daily commuter
focus on
Normal operation resumed and train intervals are back to schedule at KLCC.
People shared regular commute and station photos
No emergency notice was posted
Malaysia transport update 2024-04-23
There are 18 comments in total
author
reply
Show 1 replies
Say something",Normal operation resumed and train intervals are back to schedule at KLCC People shared regular commute and station photos No emergency notice was posted Malaysia transport update 2024 04 23 There are 18 comments in total author reply Show 1 replies Say something,0,normal_operation,synthetic_mock
🇲🇾LRT KelanajayaLine通告，列车降速 - 小红书 - Google Chrome,2690,mock_post_2690.png,🇲🇾LRT KelanajayaLine通告，列车降速 - 小红书 - Google Chrome,2026-02-24T04:50:00,"City transit watcher
focus on
Rapid KL announced temporary service disruption between KLCC and Gombak with shuttle support at Wangsa Maju.
Passengers shared delay slip and crowding evidence during rush hour
Rapid KL staff guided queue and temporary shuttle arrangement
There are 4 comments in total
author
reply
Show 3 replies
Say something",Rapid KL announced temporary service disruption between KLCC and Gombak with shuttle support at Wangsa Maju Passengers shared delay slip and crowding evidence during rush hour Rapid KL staff guided queue and temporary shuttle arrangement There are 4 comments in total author reply Show 3 replies Say something,1,incident_service_disruption,synthetic_mock
lrt is bad again - Xiaohongshu search - Google Chrome,2691,mock_post_2691.png,lrt is bad again - Xiaohongshu search - Google Chrome,2026-02-24T04:51:00,"Xiaoxuan Talk Malaysia Official
focus on
General city transport post not related to outage or malfunction at Pasar Seni.
People shared regular commute and station photos
No emergency notice was posted
Malaysia transport update 2026-02-17
There are 16 comments in total
author
reply
Show 3 replies
Say something",General city transport post not related to outage or malfunction at Pasar Seni People shared regular commute and station photos No emergency notice was posted Malaysia transport update 2026 02 17 There are 16 comments in total author reply Show 3 replies Say something,0,normal_general,synthetic_mock
地铁 马来西亚 - 小红书搜索 - Google Chrome,2692,mock_post_2692.png,地铁 马来西亚 - 小红书搜索 - Google Chrome,2026-02-24T04:52:00,"Little Red Potato 66A1
focus on
Kelana Jaya line maintenance phase affected frequency and caused crowding at stations at Putra Heights.
Passengers shared delay slip and crowding evidence during rush hour
Rapid KL staff guided queue and temporary shuttle arrangement
Malaysia transport update 2024-02-17
There are 14 comments in total
author
reply
Show 1 replies
Say something",Kelana Jaya line maintenance phase affected frequency and caused crowding at stations at Putra Heights Passengers shared delay slip and crowding evidence during rush hour Rapid KL staff guided queue and temporary shuttle arrangement Malaysia transport update 2024 02 17 There are 14 comments in total author reply Show 1 replies Say something,1,incident_maintenance_impact,synthetic_mock
mrtkajang问题 - 小红书搜索 - Google Chrome,2693,mock_post_2693.png,mrtkajang问题 - 小红书搜索 - Google Chrome,2026-02-24T04:53:00,"Little Red Potato 66A1
focus on
Commuting to work was smooth and station crowd level was manageable today at Putra Heights.
People shared regular commute and station photos
No emergency notice was posted
There are 11 comments in total
author
reply
Show 3 replies
Say something",Commuting to work was smooth and station crowd level was manageable today at Putra Heights People shared regular commute and station photos No emergency notice was posted There are 11 comments in total author reply Show 3 replies Say something,0,normal_commute,synthetic_mock
地铁 马来西亚 - 小红书搜索 - Google Chrome,2694,mock_post_2694.png,地铁 马来西亚 - 小红书搜索 - Google Chrome,2026-02-24T04:54:00,"Ootashi store
focus on
Kelana Jaya line maintenance phase affected frequency and caused crowding at stations at Ampang Park.
Passengers shared delay slip and crowding evidence during rush hour
Rapid KL staff guided queue and temporary shuttle arrangement
There are 4 comments in total
author
reply
Show 2 replies
Say something",Kelana Jaya line maintenance phase affected frequency and caused crowding at stations at Ampang Park Passengers shared delay slip and crowding evidence during rush hour Rapid KL staff guided queue and temporary shuttle arrangement There are 4 comments in total author reply Show 2 replies Say something,1,incident_maintenance_impact,synthetic_mock
🇲🇾LRT KelanajayaLine通告，列车降速 - 小红书 - Google Chrome,2695,mock_post_2695.png,🇲🇾LRT KelanajayaLine通告，列车降速 - 小红书 - Google Chrome,2026-02-24T04:55:00,"City transit watcher
focus on
Routine travel post about route tips and fare sharing at Kelana Jaya.
People shared regular commute and station photos
No emergency notice was posted
Malaysia transport update 2025-04-16
There are 18 comments in total
author
reply
Show 3 replies
Say something",Routine travel post about route tips and fare sharing at Kelana Jaya People shared regular commute and station photos No emergency notice was posted Malaysia transport update 2025 04 16 There are 18 comments in total author reply Show 3 replies Say something,0,normal_travel_tip,synthetic_mock
🇲🇾LRT KelanajayaLine通告，列车降速 - 小红书 - Google Chrome,2696,mock_post_2696.png,🇲🇾LRT KelanajayaLine通告，列车降速 - 小红书 - Google Chrome,2026-02-24T04:56:00,"Little Red Potato 66A1
focus on
Rapid KL announced temporary service disruption between KLCC and Gombak with shuttle support at KLCC.
Passengers shared delay slip and crowding evidence during rush hour
Rapid KL staff guided queue and temporary shuttle arrangement
There are 5 comments in total
author
reply
Show 3 replies
Say something",Rapid KL announced temporary service disruption between KLCC and Gombak with shuttle support at KLCC Passengers shared delay slip and crowding evidence during rush hour Rapid KL staff guided queue and temporary shuttle arrangement There are 5 comments in total author reply Show 3 replies Say something,1,incident_service_disruption,synthetic_mock
lrt klcc - 小红书搜索 - Google Chrome,2697,mock_post_2697.png,lrt klcc - 小红书搜索 - Google Chrome,2026-02-24T04:57:00,"KL daily commuter
focus on
No disruption observed and transfer between lines completed without waiting at Pasar Seni.
People shared regular commute and station photos
No emergency notice was posted
Malaysia transport update 2025-05-28
There are 2 comments in total
author
reply
Show 3 replies
Say something",No disruption observed and transfer between lines completed without waiting at Pasar Seni People shared regular commute and station photos No emergency notice was posted Malaysia transport update 2025 05 28 There are 2 comments in total author reply Show 3 replies Say something,0,normal_no_incident,synthetic_mock
lrt is bad again - Xiaohongshu search - Google Chrome,2698,mock_post_2698.png,lrt is bad again - Xiaohongshu search - Google Chrome,2026-02-24T04:58:00,"Ootashi store
focus on
Passengers were asked to get off at Pasar Seni due to train fault and wait for replacement at Pasar Seni.
Passengers shared delay slip and crowding evidence during rush hour
Rapid KL staff guided queue and temporary shuttle arrangement
There are 16 comments in total
author
reply
Show 1 replies
Say something",Passengers were asked to get off at Pasar Seni due to train fault and wait for replacement at Pasar Seni Passengers shared delay slip and crowding evidence during rush hour Rapid KL staff guided queue and temporary shuttle arrangement There are 16 comments in total author reply Show 1 replies Say something,1,incident_train_fault,synthetic_mock
🇲🇾LRT停运 注意了‼️ - 小红书 - Google Chrome,2699,mock_post_2699.png,🇲🇾LRT停运 注意了‼️ - 小红书 - Google Chrome,2026-02-24T04:59:00,"Little Red Potato 66A1
focus on
Normal operation resumed and train intervals are back to schedule at Pasar Seni.
People shared regular commute and station photos
No emergency notice was posted
Malaysia transport update 2025-09-05
There are 8 comments in total
author
reply
Show 1 replies
Say something",Normal operation resumed and train intervals are back to schedule at Pasar Seni People shared regular commute and station photos No emergency notice was posted Malaysia transport update 2025 09 05 There are 8 comments in total author reply Show 1 replies Say something,0,normal_operation,synthetic_mock
lrtkelanajaya故障 - 小红书搜索 - Google Chrome,2700,mock_post_2700.png,lrtkelanajaya故障 - 小红书搜索 - Google Chrome,2026-02-24T05:00:00,"Leisurely kitten
focus on
Rapid KL announced temporary service disruption between KLCC and Gombak with shuttle support at Kelana Jaya.
Passengers shared delay slip and crowding evidence during rush hour
Rapid KL staff guided queue and temporary shuttle arrangement
Malaysia transport update 2025-08-09
There are 7 comments in total
author
reply
Show 3 replies
Say something",Rapid KL announced temporary service disruption between KLCC and Gombak with shuttle support at Kelana Jaya Passengers shared delay slip and crowding evidence during rush hour Rapid KL staff guided queue and temporary shuttle arrangement Malaysia transport update 2025 08 09 There are 7 comments in total author reply Show 3 replies Say something,1,incident_service_disruption,synthetic_mock
lrt is bad again - Xiaohongshu search - Google Chrome,2701,mock_post_2701.png,lrt is bad again - Xiaohongshu search - Google Chrome,2026-02-24T05:01:00,"City transit watcher
focus on
General city transport post not related to outage or malfunction at Masjid Jamek.
People shared regular commute and station photos
No emergency notice was posted
Malaysia transport update 2025-06-19
There are 7 comments in total
author
reply
Show 3 replies
Say something",General city transport post not related to outage or malfunction at Masjid Jamek People shared regular commute and station photos No emergency notice was posted Malaysia transport update 2025 06 19 There are 7 comments in total author reply Show 3 replies Say something,0,normal_general,synthetic_mock
lrt is bad again - Xiaohongshu search - Google Chrome,2702,mock_post_2702.png,lrt is bad again - Xiaohongshu search - Google Chrome,2026-02-24T05:02:00,"City transit watcher
focus on
Kelana Jaya line maintenance phase affected frequency and caused crowding at stations at Pasar Seni.
Passengers shared delay slip and crowding evidence during rush hour
Rapid KL staff guided queue and temporary shuttle arrangement
There are 1 comments in total
author
reply
Show 1 replies
Say something",Kelana Jaya line maintenance phase affected frequency and caused crowding at stations at Pasar Seni Passengers shared delay slip and crowding evidence during rush hour Rapid KL staff guided queue and temporary shuttle arrangement There are 1 comments in total author reply Show 1 replies Say something,1,incident_maintenance_impact,synthetic_mock
lrtkelanajaya故障 - 小红书搜索 - Google Chrome,2703,mock_post_2703.png,lrtkelanajaya故障 - 小红书搜索 - Google Chrome,2026-02-24T05:03:00,"Xiaoxuan Talk Malaysia Official
focus on
General city transport post not related to outage or malfunction at Universiti.
People shared regular commute and station photos
No emergency notice was posted
Malaysia transport update 2026-12-05
There are 8 comments in total
author
reply
Show 1 replies
Say something",General city transport post not related to outage or malfunction at Universiti People shared regular commute and station photos No emergency notice was posted Malaysia transport update 2026 12 05 There are 8 comments in total author reply Show 1 replies Say something,0,normal_general,synthetic_mock
lrtkelanajaya线 - 小红书搜索 - Google Chrome,2704,mock_post_2704.png,lrtkelanajaya线 - 小红书搜索 - Google Chrome,2026-02-24T05:04:00,"Rapid commuter diary
focus on
Kelana Jaya line maintenance phase affected frequency and caused crowding at stations at Ampang Park.
Passengers shared delay slip and crowding evidence during rush hour
Rapid KL staff guided queue and temporary shuttle arrangement
Malaysia transport update 2024-12-04
There are 8 comments in total
author
reply
Show 2 replies
Say something",Kelana Jaya line maintenance phase affected frequency and caused crowding at stations at Ampang Park Passengers shared delay slip and crowding evidence during rush hour Rapid KL staff guided queue and temporary shuttle arrangement Malaysia transport update 2024 12 04 There are 8 comments in total author reply Show 2 replies Say something,1,incident_maintenance_impact,synthetic_mock
lrtkelanajaya线 - 小红书搜索 - Google Chrome,2705,mock_post_2705.png,lrtkelanajaya线 - 小红书搜索 - Google Chrome,2026-02-24T05:05:00,"Little Red Potato 66A1
focus on
Normal operation resumed and train intervals are back to schedule at Pasar Seni.
People shared regular commute and station photos
No emergency notice was posted
Malaysia transport update 2025-01-14
There are 9 comments in total
author
reply
Show 2 replies
Say something",Normal operation resumed and train intervals are back to schedule at Pasar Seni People shared regular commute and station photos No emergency notice was posted Malaysia transport update 2025 01 14 There are 9 comments in total author reply Show 2 replies Say something,0,normal_operation,synthetic_mock
mrtkajang问题 - 小红书搜索 - Google Chrome,2706,mock_post_2706.png,mrtkajang问题 - 小红书搜索 - Google Chrome,2026-02-24T05:06:00,"Leisurely kitten
focus on
LRT Kelana Jaya line had a signaling issue during peak hour and trains moved slowly at Kelana Jaya.
Passengers shared delay slip and crowding evidence during rush hour
Rapid KL staff guided queue and temporary shuttle arrangement
There are 8 comments in total
author
reply
Show 2 replies
Say something",LRT Kelana Jaya line had a signaling issue during peak hour and trains moved slowly at Kelana Jaya Passengers shared delay slip and crowding evidence during rush hour Rapid KL staff guided queue and temporary shuttle arrangement There are 8 comments in total author reply Show 2 replies Say something,1,incident_breakdown,synthetic_mock
地铁 马来西亚 - 小红书搜索 - Google Chrome,2707,mock_post_2707.png,地铁 马来西亚 - 小红书搜索 - Google Chrome,2026-02-24T05:07:00,"Rapid commuter diary
focus on
No disruption observed and transfer between lines completed without waiting at Putra Heights.
People shared regular commute and station photos
No emergency notice was posted
There are 4 comments in total
author
reply
Show 3 replies
Say something",No disruption observed and transfer between lines completed without waiting at Putra Heights People shared regular commute and station photos No emergency notice was posted There are 4 comments in total author reply Show 3 replies Say something,0,normal_no_incident,synthetic_mock
🇲🇾LRT停运 注意了‼️ - 小红书 - Google Chrome,2708,mock_post_2708.png,🇲🇾LRT停运 注意了‼️ - 小红书 - Google Chrome,2026-02-24T05:08:00,"KL daily commuter
focus on
Rapid KL announced temporary service disruption between KLCC and Gombak with shuttle support at Pasar Seni.
Passengers shared delay slip and crowding evidence during rush hour
Rapid KL staff guided queue and temporary shuttle arrangement
Malaysia transport update 2024-11-06
There are 3 comments in total
author
reply
Show 2 replies
Say something",Rapid KL announced temporary service disruption between KLCC and Gombak with shuttle support at Pasar Seni Passengers shared delay slip and crowding evidence during rush hour Rapid KL staff guided queue and temporary shuttle arrangement Malaysia transport update 2024 11 06 There are 3 comments in total author reply Show 2 replies Say something,1,incident_service_disruption,synthetic_mock
地铁 马来西亚 - 小红书搜索 - Google Chrome,2709,mock_post_2709.png,地铁 马来西亚 - 小红书搜索 - Google Chrome,2026-02-24T05:09:00,"Rapid commuter diary
focus on
General city transport post not related to outage or malfunction at KLCC.
People shared regular commute and station photos
No emergency notice was posted
Malaysia transport update 2026-01-28
There are 6 comments in total
author
reply
Show 3 replies
Say something",General city transport post not related to outage or malfunction at KLCC People shared regular commute and station photos No emergency notice was posted Malaysia transport update 2026 01 28 There are 6 comments in total author reply Show 3 replies Say something,0,normal_general,synthetic_mock
🇲🇾LRT KelanajayaLine通告，列车降速 - 小红书 - Google Chrome,2710,mock_post_2710.png,🇲🇾LRT KelanajayaLine通告，列车降速 - 小红书 - Google Chrome,2026-02-24T05:10:00,"KL daily commuter
focus on
Rapid KL announced temporary service disruption between KLCC and Gombak with shuttle support at KLCC.
Passengers shared delay slip and crowding evidence during rush hour
Rapid KL staff guided queue and temporary shuttle arrangement
Malaysia transport update 2024-12-18
There are 9 comments in total
author
reply
Show 1 replies
Say something",Rapid KL announced temporary service disruption between KLCC and Gombak with shuttle support at KLCC Passengers shared delay slip and crowding evidence during rush hour Rapid KL staff guided queue and temporary shuttle arrangement Malaysia transport update 2024 12 18 There are 9 comments in total author reply Show 1 replies Say something,1,incident_service_disruption,synthetic_mock
lrt is bad again - Xiaohongshu search - Google Chrome,2711,mock_post_2711.png,lrt is bad again - Xiaohongshu search - Google Chrome,2026-02-24T05:11:00,"Ootashi store
focus on
No disruption observed and transfer between lines completed without waiting at Wangsa Maju.
People shared regular commute and station photos
No emergency notice was posted
Malaysia transport update 2024-04-04
There are 14 comments in total
author
reply
Show 2 replies
Say something",No disruption observed and transfer between lines completed without waiting at Wangsa Maju People shared regular commute and station photos No emergency notice was posted Malaysia transport update 2024 04 04 There are 14 comments in total author reply Show 2 replies Say something,0,normal_no_incident,synthetic_mock
lrt is bad again - Xiaohongshu search - Google Chrome,2712,mock_post_2712.png,lrt is bad again - Xiaohongshu search - Google Chrome,2026-02-24T05:12:00,"Leisurely kitten
focus on
Passengers were asked to get off at Pasar Seni due to train fault and wait for replacement at Kelana Jaya.
Passengers shared delay slip and crowding evidence during rush hour
Rapid KL staff guided queue and temporary shuttle arrangement
Malaysia transport update 2025-07-27
There are 13 comments in total
author
reply
Show 2 replies
Say something",Passengers were asked to get off at Pasar Seni due to train fault and wait for replacement at Kelana Jaya Passengers shared delay slip and crowding evidence during rush hour Rapid KL staff guided queue and temporary shuttle arrangement Malaysia transport update 2025 07 27 There are 13 comments in total author reply Show 2 replies Say something,1,incident_train_fault,synthetic_mock
mrt fault - 小红书搜索 - Google Chrome,2713,mock_post_2713.png,mrt fault - 小红书搜索 - Google Chrome,2026-02-24T05:13:00,"City transit watcher
focus on
No disruption observed and transfer between lines completed without waiting at Universiti.
People shared regular commute and station photos
No emergency notice was posted
Malaysia transport update 2024-02-19
There are 17 comments in total
author
reply
Show 2 replies
Say something",No disruption observed and transfer between lines completed without waiting at Universiti People shared regular commute and station photos No emergency notice was posted Malaysia transport update 2024 02 19 There are 17 comments in total author reply Show 2 replies Say something,0,normal_no_incident,synthetic_mock
🇲🇾LRT停运 注意了‼️ - 小红书 - Google Chrome,2714,mock_post_2714.png,🇲🇾LRT停运 注意了‼️ - 小红书 - Google Chrome,2026-02-24T05:14:00,"Leisurely kitten
focus on
Commuters reported long queue and train delay after track maintenance at Universiti station at Kelana Jaya.
Passengers shared delay slip and crowding evidence during rush hour
Rapid KL staff guided queue and temporary shuttle arrangement
There are 9 comments in total
author
reply
Show 2 replies
Say something",Commuters reported long queue and train delay after track maintenance at Universiti station at Kelana Jaya Passengers shared delay slip and crowding evidence during rush hour Rapid KL staff guided queue and temporary shuttle arrangement There are 9 comments in total author reply Show 2 replies Say something,1,incident_delay,synthetic_mock
lrtkelanajaya线 - 小红书搜索 - Google Chrome,2715,mock_post_2715.png,lrtkelanajaya线 - 小红书搜索 - Google Chrome,2026-02-24T05:15:00,"Rapid commuter diary
focus on
Normal operation resumed and train intervals are back to schedule at Ampang Park.
People shared regular commute and station photos
No emergency notice was posted
Malaysia transport update 2024-11-10
There are 7 comments in total
author
reply
Show 3 replies
Say something",Normal operation resumed and train intervals are back to schedule at Ampang Park People shared regular commute and station photos No emergency notice was posted Malaysia transport update 2024 11 10 There are 7 comments in total author reply Show 3 replies Say something,0,normal_operation,synthetic_mock
lrtkelanajaya线 - 小红书搜索 - Google Chrome,2716,mock_post_2716.png,lrtkelanajaya线 - 小红书搜索 - Google Chrome,2026-02-24T05:16:00,"Leisurely kitten
focus on
Passengers were asked to get off at Pasar Seni due to train fault and wait for replacement at Wangsa Maju.
Passengers shared delay slip and crowding evidence during rush hour
Rapid KL staff guided queue and temporary shuttle arrangement
Malaysia transport update 2026-10-13
There are 6 comments in total
author
reply
Show 2 replies
Say something",Passengers were asked to get off at Pasar Seni due to train fault and wait for replacement at Wangsa Maju Passengers shared delay slip and crowding evidence during rush hour Rapid KL staff guided queue and temporary shuttle arrangement Malaysia transport update 2026 10 13 There are 6 comments in total author reply Show 2 replies Say something,1,incident_train_fault,synthetic_mock
lrtkelanajaya线 - 小红书搜索 - Google Chrome,2717,mock_post_2717.png,lrtkelanajaya线 - 小红书搜索 - Google Chrome,2026-02-24T05:17:00,"Rapid commuter diary
focus on
Service update says all lines are stable with no major delay this morning at Pasar Seni.
People shared regular commute and station photos
No emergency notice was posted
Malaysia transport update 2024-02-10
There are 5 comments in total
author
reply
Show 2 replies
Say something",Service update says all lines are stable with no major delay this morning at Pasar Seni People shared regular commute and station photos No emergency notice was posted Malaysia transport update 2024 02 10 There are 5 comments in total author reply Show 2 replies Say something,0,normal_update,synthetic_mock
mrt fault - 小红书搜索 - Google Chrome,2718,mock_post_2718.png,mrt fault - 小红书搜索 - Google Chrome,2026-02-24T05:18:00,"KL daily commuter
focus on
Power trip caused brief outage and service resumed after technicians completed repair at Pasar Seni.
Passengers shared delay slip and crowding evidence during rush hour
Rapid KL staff guided queue and temporary shuttle arrangement
There are 18 comments in total
author
reply
Show 3 replies
Say something",Power trip caused brief outage and service resumed after technicians completed repair at Pasar Seni Passengers shared delay slip and crowding evidence during rush hour Rapid KL staff guided queue and temporary shuttle arrangement There are 18 comments in total author reply Show 3 replies Say something,1,incident_power_outage,synthetic_mock
lrt is bad again - Xiaohongshu search - Google Chrome,2719,mock_post_2719.png,lrt is bad again - Xiaohongshu search - Google Chrome,2026-02-24T05:19:00,"Xiaoxuan Talk Malaysia Official
focus on
Commuting to work was smooth and station crowd level was manageable today at Pasar Seni.
People shared regular commute and station photos
No emergency notice was posted
There are 17 comments in total
author
reply
Show 3 replies
Say something",Commuting to work was smooth and station crowd level was manageable today at Pasar Seni People shared regular commute and station photos No emergency notice was posted There are 17 comments in total author reply Show 3 replies Say something,0,normal_commute,synthetic_mock
🇲🇾LRT KelanajayaLine通告，列车降速 - 小红书 - Google Chrome,2720,mock_post_2720.png,🇲🇾LRT KelanajayaLine通告，列车降速 - 小红书 - Google Chrome,2026-02-24T05:20:00,"Little Red Potato 66A1
focus on
Passengers were asked to get off at Pasar Seni due to train fault and wait for replacement at Ampang Park.
Passengers shared delay slip and crowding evidence during rush hour
Rapid KL staff guided queue and temporary shuttle arrangement
There are 4 comments in total
author
reply
Show 3 replies
Say something",Passengers were asked to get off at Pasar Seni due to train fault and wait for replacement at Ampang Park Passengers shared delay slip and crowding evidence during rush hour Rapid KL staff guided queue and temporary shuttle arrangement There are 4 comments in total author reply Show 3 replies Say something,1,incident_train_fault,synthetic_mock
lrtkelanajaya线 - 小红书搜索 - Google Chrome,2721,mock_post_2721.png,lrtkelanajaya线 - 小红书搜索 - Google Chrome,2026-02-24T05:21:00,"City transit watcher
focus on
No disruption observed and transfer between lines completed without waiting at Pasar Seni.
People shared regular commute and station photos
No emergency notice was posted
Malaysia transport update 2025-12-03
There are 13 comments in total
author
reply
Show 2 replies
Say something",No disruption observed and transfer between lines completed without waiting at Pasar Seni People shared regular commute and station photos No emergency notice was posted Malaysia transport update 2025 12 03 There are 13 comments in total author reply Show 2 replies Say something,0,normal_no_incident,synthetic_mock
mrt - 小红书搜索 - Google Chrome,2722,mock_post_2722.png,mrt - 小红书搜索 - Google Chrome,2026-02-24T05:22:00,"Leisurely kitten
focus on
Rapid KL announced temporary service disruption between KLCC and Gombak with shuttle support at Masjid Jamek.
Passengers shared delay slip and crowding evidence during rush hour
Rapid KL staff guided queue and temporary shuttle arrangement
There are 5 comments in total
author
reply
Show 3 replies
Say something",Rapid KL announced temporary service disruption between KLCC and Gombak with shuttle support at Masjid Jamek Passengers shared delay slip and crowding evidence during rush hour Rapid KL staff guided queue and temporary shuttle arrangement There are 5 comments in total author reply Show 3 replies Say something,1,incident_service_disruption,synthetic_mock
lrtkelanajaya线 - 小红书搜索 - Google Chrome,2723,mock_post_2723.png,lrtkelanajaya线 - 小红书搜索 - Google Chrome,2026-02-24T05:23:00,"Leisurely kitten
focus on
No disruption observed and transfer between lines completed without waiting at Pasar Seni.
People shared regular commute and station photos
No emergency notice was posted
There are 12 comments in total
author
reply
Show 3 replies
Say something",No disruption observed and transfer between lines completed without waiting at Pasar Seni People shared regular commute and station photos No emergency notice was posted There are 12 comments in total author reply Show 3 replies Say something,0,normal_no_incident,synthetic_mock
lrtkelanajaya线 - 小红书搜索 - Google Chrome,2724,mock_post_2724.png,lrtkelanajaya线 - 小红书搜索 - Google Chrome,2026-02-24T05:24:00,"Leisurely kitten
focus on
Rapid KL announced temporary service disruption between KLCC and Gombak with shuttle support at Universiti.
Passengers shared delay slip and crowding evidence during rush hour
Rapid KL staff guided queue and temporary shuttle arrangement
There are 2 comments in total
author
reply
Show 3 replies
Say something",Rapid KL announced temporary service disruption between KLCC and Gombak with shuttle support at Universiti Passengers shared delay slip and crowding evidence during rush hour Rapid KL staff guided queue and temporary shuttle arrangement There are 2 comments in total author reply Show 3 replies Say something,1,incident_service_disruption,synthetic_mock
mrt kajang - 小红书搜索 - Google Chrome,2725,mock_post_2725.png,mrt kajang - 小红书搜索 - Google Chrome,2026-02-24T05:25:00,"City transit watcher
focus on
Normal operation resumed and train intervals are back to schedule at KLCC.
People shared regular commute and station photos
No emergency notice was posted
There are 17 comments in total
author
reply
Show 2 replies
Say something",Normal operation resumed and train intervals are back to schedule at KLCC People shared regular commute and station photos No emergency notice was posted There are 17 comments in total author reply Show 2 replies Say something,0,normal_operation,synthetic_mock
mrt fault - 小红书搜索 - Google Chrome,2726,mock_post_2726.png,mrt fault - 小红书搜索 - Google Chrome,2026-02-24T05:26:00,"City transit watcher
focus on
LRT Kelana Jaya line had a signaling issue during peak hour and trains moved slowly at Putra Heights.
Passengers shared delay slip and crowding evidence during rush hour
Rapid KL staff guided queue and temporary shuttle arrangement
Malaysia transport update 2025-12-13
There are 9 comments in total
author
reply
Show 2 replies
Say something",LRT Kelana Jaya line had a signaling issue during peak hour and trains moved slowly at Putra Heights Passengers shared delay slip and crowding evidence during rush hour Rapid KL staff guided queue and temporary shuttle arrangement Malaysia transport update 2025 12 13 There are 9 comments in total author reply Show 2 replies Say something,1,incident_breakdown,synthetic_mock
🇲🇾LRT停运 注意了‼️ - 小红书 - Google Chrome,2727,mock_post_2727.png,🇲🇾LRT停运 注意了‼️ - 小红书 - Google Chrome,2026-02-24T05:27:00,"Little Red Potato 66A1
focus on
No disruption observed and transfer between lines completed without waiting at Wangsa Maju.
People shared regular commute and station photos
No emergency notice was posted
There are 9 comments in total
author
reply
Show 3 replies
Say something",No disruption observed and transfer between lines completed without waiting at Wangsa Maju People shared regular commute and station photos No emergency notice was posted There are 9 comments in total author reply Show 3 replies Say something,0,normal_no_incident,synthetic_mock
🇲🇾LRT KelanajayaLine通告，列车降速 - 小红书 - Google Chrome,2728,mock_post_2728.png,🇲🇾LRT KelanajayaLine通告，列车降速 - 小红书 - Google Chrome,2026-02-24T05:28:00,"Leisurely kitten
focus on
Commuters reported long queue and train delay after track maintenance at Universiti station at Universiti.
Passengers shared delay slip and crowding evidence during rush hour
Rapid KL staff guided queue and temporary shuttle arrangement
There are 14 comments in total
author
reply
Show 2 replies
Say something",Commuters reported long queue and train delay after track maintenance at Universiti station at Universiti Passengers shared delay slip and crowding evidence during rush hour Rapid KL staff guided queue and temporary shuttle arrangement There are 14 comments in total author reply Show 2 replies Say something,1,incident_delay,synthetic_mock
lrt klcc - 小红书搜索 - Google Chrome,2729,mock_post_2729.png,lrt klcc - 小红书搜索 - Google Chrome,2026-02-24T05:29:00,"Rapid commuter diary
focus on
No disruption observed and transfer between lines completed without waiting at Gombak.
People shared regular commute and station photos
No emergency notice was posted
Malaysia transport update 2026-10-25
There are 17 comments in total
author
reply
Show 2 replies
Say something",No disruption observed and transfer between lines completed without waiting at Gombak People shared regular commute and station photos No emergency notice was posted Malaysia transport update 2026 10 25 There are 17 comments in total author reply Show 2 replies Say something,0,normal_no_incident,synthetic_mock
地铁 马来西亚 - 小红书搜索 - Google Chrome,2730,mock_post_2730.png,地铁 马来西亚 - 小红书搜索 - Google Chrome,2026-02-24T05:30:00,"Leisurely kitten
focus on
Power trip caused brief outage and service resumed after technicians completed repair at Universiti.
Passengers shared delay slip and crowding evidence during rush hour
Rapid KL staff guided queue and temporary shuttle arrangement
Malaysia transport update 2024-06-10
There are 12 comments in total
author
reply
Show 1 replies
Say something",Power trip caused brief outage and service resumed after technicians completed repair at Universiti Passengers shared delay slip and crowding evidence during rush hour Rapid KL staff guided queue and temporary shuttle arrangement Malaysia transport update 2024 06 10 There are 12 comments in total author reply Show 1 replies Say something,1,incident_power_outage,synthetic_mock
lrtkelanajaya故障 - 小红书搜索 - Google Chrome,2731,mock_post_2731.png,lrtkelanajaya故障 - 小红书搜索 - Google Chrome,2026-02-24T05:31:00,"Little Red Potato 66A1
focus on
General city transport post not related to outage or malfunction at Kelana Jaya.
People shared regular commute and station photos
No emergency notice was posted
Malaysia transport update 2026-05-17
There are 3 comments in total
author
reply
Show 2 replies
Say something",General city transport post not related to outage or malfunction at Kelana Jaya People shared regular commute and station photos No emergency notice was posted Malaysia transport update 2026 05 17 There are 3 comments in total author reply Show 2 replies Say something,0,normal_general,synthetic_mock
mrtkajang问题 - 小红书搜索 - Google Chrome,2732,mock_post_2732.png,mrtkajang问题 - 小红书搜索 - Google Chrome,2026-02-24T05:32:00,"Ootashi store
focus on
Power trip caused brief outage and service resumed after technicians completed repair at KL Sentral.
Passengers shared delay slip and crowding evidence during rush hour
Rapid KL staff guided queue and temporary shuttle arrangement
Malaysia transport update 2025-10-13
There are 13 comments in total
author
reply
Show 2 replies
Say something",Power trip caused brief outage and service resumed after technicians completed repair at KL Sentral Passengers shared delay slip and crowding evidence during rush hour Rapid KL staff guided queue and temporary shuttle arrangement Malaysia transport update 2025 10 13 There are 13 comments in total author reply Show 2 replies Say something,1,incident_power_outage,synthetic_mock
mrt - 小红书搜索 - Google Chrome,2733,mock_post_2733.png,mrt - 小红书搜索 - Google Chrome,2026-02-24T05:33:00,"KL daily commuter
focus on
Service update says all lines are stable with no major delay this morning at KLCC.
People shared regular commute and station photos
No emergency notice was posted
There are 1 comments in total
author
reply
Show 2 replies
Say something",Service update says all lines are stable with no major delay this morning at KLCC People shared regular commute and station photos No emergency notice was posted There are 1 comments in total author reply Show 2 replies Say something,0,normal_update,synthetic_mock
lrtkelanajaya故障 - 小红书搜索 - Google Chrome,2734,mock_post_2734.png,lrtkelanajaya故障 - 小红书搜索 - Google Chrome,2026-02-24T05:34:00,"Leisurely kitten
focus on
Rapid KL announced temporary service disruption between KLCC and Gombak with shuttle support at Universiti.
Passengers shared delay slip and crowding evidence during rush hour
Rapid KL staff guided queue and temporary shuttle arrangement
There are 4 comments in total
author
reply
Show 2 replies
Say something",Rapid KL announced temporary service disruption between KLCC and Gombak with shuttle support at Universiti Passengers shared delay slip and crowding evidence during rush hour Rapid KL staff guided queue and temporary shuttle arrangement There are 4 comments in total author reply Show 2 replies Say something,1,incident_service_disruption,synthetic_mock
lrtkelanajaya线 - 小红书搜索 - Google Chrome,2735,mock_post_2735.png,lrtkelanajaya线 - 小红书搜索 - Google Chrome,2026-02-24T05:35:00,"KL daily commuter
focus on
No disruption observed and transfer between lines completed without waiting at KLCC.
People shared regular commute and station photos
No emergency notice was posted
Malaysia transport update 2026-05-21
There are 18 comments in total
author
reply
Show 3 replies
Say something",No disruption observed and transfer between lines completed without waiting at KLCC People shared regular commute and station photos No emergency notice was posted Malaysia transport update 2026 05 21 There are 18 comments in total author reply Show 3 replies Say something,0,normal_no_incident,synthetic_mock
mrt - 小红书搜索 - Google Chrome,2736,mock_post_2736.png,mrt - 小红书搜索 - Google Chrome,2026-02-24T05:36:00,"Rapid commuter diary
focus on
Rapid KL announced temporary service disruption between KLCC and Gombak with shuttle support at Pasar Seni.
Passengers shared delay slip and crowding evidence during rush hour
Rapid KL staff guided queue and temporary shuttle arrangement
There are 10 comments in total
author
reply
Show 2 replies
Say something",Rapid KL announced temporary service disruption between KLCC and Gombak with shuttle support at Pasar Seni Passengers shared delay slip and crowding evidence during rush hour Rapid KL staff guided queue and temporary shuttle arrangement There are 10 comments in total author reply Show 2 replies Say something,1,incident_service_disruption,synthetic_mock
mrtkajang问题 - 小红书搜索 - Google Chrome,2737,mock_post_2737.png,mrtkajang问题 - 小红书搜索 - Google Chrome,2026-02-24T05:37:00,"Rapid commuter diary
focus on
Service update says all lines are stable with no major delay this morning at Kelana Jaya.
People shared regular commute and station photos
No emergency notice was posted
There are 8 comments in total
author
reply
Show 3 replies
Say something",Service update says all lines are stable with no major delay this morning at Kelana Jaya People shared regular commute and station photos No emergency notice was posted There are 8 comments in total author reply Show 3 replies Say something,0,normal_update,synthetic_mock
🇲🇾LRT停运 注意了‼️ - 小红书 - Google Chrome,2738,mock_post_2738.png,🇲🇾LRT停运 注意了‼️ - 小红书 - Google Chrome,2026-02-24T05:38:00,"City transit watcher
focus on
Rapid KL announced temporary service disruption between KLCC and Gombak with shuttle support at KLCC.
Passengers shared delay slip and crowding evidence during rush hour
Rapid KL staff guided queue and temporary shuttle arrangement
There are 1 comments in total
author
reply
Show 3 replies
Say something",Rapid KL announced temporary service disruption between KLCC and Gombak with shuttle support at KLCC Passengers shared delay slip and crowding evidence during rush hour Rapid KL staff guided queue and temporary shuttle arrangement There are 1 comments in total author reply Show 3 replies Say something,1,incident_service_disruption,synthetic_mock
lrtkelanajaya故障 - 小红书搜索 - Google Chrome,2739,mock_post_2739.png,lrtkelanajaya故障 - 小红书搜索 - Google Chrome,2026-02-24T05:39:00,"Rapid commuter diary
focus on
General city transport post not related to outage or malfunction at KLCC.
People shared regular commute and station photos
No emergency notice was posted
There are 12 comments in total
author
reply
Show 1 replies
Say something",General city transport post not related to outage or malfunction at KLCC People shared regular commute and station photos No emergency notice was posted There are 12 comments in total author reply Show 1 replies Say something,0,normal_general,synthetic_mock
地铁 马来西亚 - 小红书搜索 - Google Chrome,2740,mock_post_2740.png,地铁 马来西亚 - 小红书搜索 - Google Chrome,2026-02-24T05:40:00,"Leisurely kitten
focus on
LRT Kelana Jaya line had a signaling issue during peak hour and trains moved slowly at KLCC.
Passengers shared delay slip and crowding evidence during rush hour
Rapid KL staff guided queue and temporary shuttle arrangement
There are 15 comments in total
author
reply
Show 1 replies
Say something",LRT Kelana Jaya line had a signaling issue during peak hour and trains moved slowly at KLCC Passengers shared delay slip and crowding evidence during rush hour Rapid KL staff guided queue and temporary shuttle arrangement There are 15 comments in total author reply Show 1 replies Say something,1,incident_breakdown,synthetic_mock
地铁 马来西亚 - 小红书搜索 - Google Chrome,2741,mock_post_2741.png,地铁 马来西亚 - 小红书搜索 - Google Chrome,2026-02-24T05:41:00,"Ootashi store
focus on
Commuting to work was smooth and station crowd level was manageable today at Putra Heights.
People shared regular commute and station photos
No emergency notice was posted
Malaysia transport update 2026-05-24
There are 6 comments in total
author
reply
Show 2 replies
Say something",Commuting to work was smooth and station crowd level was manageable today at Putra Heights People shared regular commute and station photos No emergency notice was posted Malaysia transport update 2026 05 24 There are 6 comments in total author reply Show 2 replies Say something,0,normal_commute,synthetic_mock
lrt klcc - 小红书搜索 - Google Chrome,2742,mock_post_2742.png,lrt klcc - 小红书搜索 - Google Chrome,2026-02-24T05:42:00,"Leisurely kitten
focus on
Power trip caused brief outage and service resumed after technicians completed repair at Gombak.
Passengers shared delay slip and crowding evidence during rush hour
Rapid KL staff guided queue and temporary shuttle arrangement
There are 16 comments in total
author
reply
Show 1 replies
Say something",Power trip caused brief outage and service resumed after technicians completed repair at Gombak Passengers shared delay slip and crowding evidence during rush hour Rapid KL staff guided queue and temporary shuttle arrangement There are 16 comments in total author reply Show 1 replies Say something,1,incident_power_outage,synthetic_mock
地铁 马来西亚 - 小红书搜索 - Google Chrome,2743,mock_post_2743.png,地铁 马来西亚 - 小红书搜索 - Google Chrome,2026-02-24T05:43:00,"City transit watcher
focus on
No disruption observed and transfer between lines completed without waiting at Universiti.
People shared regular commute and station photos
No emergency notice was posted
There are 1 comments in total
author
reply
Show 3 replies
Say something",No disruption observed and transfer between lines completed without waiting at Universiti People shared regular commute and station photos No emergency notice was posted There are 1 comments in total author reply Show 3 replies Say something,0,normal_no_incident,synthetic_mock
mrtkajang问题 - 小红书搜索 - Google Chrome,2744,mock_post_2744.png,mrtkajang问题 - 小红书搜索 - Google Chrome,2026-02-24T05:44:00,"City transit watcher
focus on
Power trip caused brief outage and service resumed after technicians completed repair at Putra Heights.
Passengers shared delay slip and crowding evidence during rush hour
Rapid KL staff guided queue and temporary shuttle arrangement
There are 8 comments in total
author
reply
Show 2 replies
Say something",Power trip caused brief outage and service resumed after technicians completed repair at Putra Heights Passengers shared delay slip and crowding evidence during rush hour Rapid KL staff guided queue and temporary shuttle arrangement There are 8 comments in total author reply Show 2 replies Say something,1,incident_power_outage,synthetic_mock
mrtkajang问题 - 小红书搜索 - Google Chrome,2745,mock_post_2745.png,mrtkajang问题 - 小红书搜索 - Google Chrome,2026-02-24T05:45:00,"Little Red Potato 66A1
focus on
No disruption observed and transfer between lines completed without waiting at Pasar Seni.
People shared regular commute and station photos
No emergency notice was posted
Malaysia transport update 2026-06-14
There are 7 comments in total
author
reply
Show 1 replies
Say something",No disruption observed and transfer between lines completed without waiting at Pasar Seni People shared regular commute and station photos No emergency notice was posted Malaysia transport update 2026 06 14 There are 7 comments in total author reply Show 1 replies Say something,0,normal_no_incident,synthetic_mock
mrt fault - 小红书搜索 - Google Chrome,2746,mock_post_2746.png,mrt fault - 小红书搜索 - Google Chrome,2026-02-24T05:46:00,"Leisurely kitten
focus on
LRT Kelana Jaya line had a signaling issue during peak hour and trains moved slowly at KLCC.
Passengers shared delay slip and crowding evidence during rush hour
Rapid KL staff guided queue and temporary shuttle arrangement
There are 2 comments in total
author
reply
Show 3 replies
Say something",LRT Kelana Jaya line had a signaling issue during peak hour and trains moved slowly at KLCC Passengers shared delay slip and crowding evidence during rush hour Rapid KL staff guided queue and temporary shuttle arrangement There are 2 comments in total author reply Show 3 replies Say something,1,incident_breakdown,synthetic_mock
lrt is bad again - Xiaohongshu search - Google Chrome,2747,mock_post_2747.png,lrt is bad again - Xiaohongshu search - Google Chrome,2026-02-24T05:47:00,"Little Red Potato 66A1
focus on
Service update says all lines are stable with no major delay this morning at Ampang Park.
People shared regular commute and station photos
No emergency notice was posted
Malaysia transport update 2025-06-21
There are 17 comments in total
author
reply
Show 3 replies
Say something",Service update says all lines are stable with no major delay this morning at Ampang Park People shared regular commute and station photos No emergency notice was posted Malaysia transport update 2025 06 21 There are 17 comments in total author reply Show 3 replies Say something,0,normal_update,synthetic_mock
mrt - 小红书搜索 - Google Chrome,2748,mock_post_2748.png,mrt - 小红书搜索 - Google Chrome,2026-02-24T05:48:00,"Ootashi store
focus on
LRT Kelana Jaya line had a signaling issue during peak hour and trains moved slowly at Kelana Jaya.
Passengers shared delay slip and crowding evidence during rush hour
Rapid KL staff guided queue and temporary shuttle arrangement
Malaysia transport update 2026-03-24
There are 5 comments in total
author
reply
Show 1 replies
Say something",LRT Kelana Jaya line had a signaling issue during peak hour and trains moved slowly at Kelana Jaya Passengers shared delay slip and crowding evidence during rush hour Rapid KL staff guided queue and temporary shuttle arrangement Malaysia transport update 2026 03 24 There are 5 comments in total author reply Show 1 replies Say something,1,incident_breakdown,synthetic_mock
mrt kajang - 小红书搜索 - Google Chrome,2749,mock_post_2749.png,mrt kajang - 小红书搜索 - Google Chrome,2026-02-24T05:49:00,"Rapid commuter diary
focus on
Service update says all lines are stable with no major delay this morning at Putra Heights.
People shared regular commute and station photos
No emergency notice was posted
There are 7 comments in total
author
reply
Show 1 replies
Say something",Service update says all lines are stable with no major delay this morning at Putra Heights People shared regular commute and station photos No emergency notice was posted There are 7 comments in total author reply Show 1 replies Say something,0,normal_update,synthetic_mock
mrt kajang - 小红书搜索 - Google Chrome,2750,mock_post_2750.png,mrt kajang - 小红书搜索 - Google Chrome,2026-02-24T05:50:00,"Leisurely kitten
focus on
LRT Kelana Jaya line had a signaling issue during peak hour and trains moved slowly at KL Sentral.
Passengers shared delay slip and crowding evidence during rush hour
Rapid KL staff guided queue and temporary shuttle arrangement
Malaysia transport update 2026-12-26
There are 4 comments in total
author
reply
Show 1 replies
Say something",LRT Kelana Jaya line had a signaling issue during peak hour and trains moved slowly at KL Sentral Passengers shared delay slip and crowding evidence during rush hour Rapid KL staff guided queue and temporary shuttle arrangement Malaysia transport update 2026 12 26 There are 4 comments in total author reply Show 1 replies Say something,1,incident_breakdown,synthetic_mock
lrt klcc - 小红书搜索 - Google Chrome,2751,mock_post_2751.png,lrt klcc - 小红书搜索 - Google Chrome,2026-02-24T05:51:00,"Rapid commuter diary
focus on
Routine travel post about route tips and fare sharing at KLCC.
People shared regular commute and station photos
No emergency notice was posted
There are 2 comments in total
author
reply
Show 1 replies
Say something",Routine travel post about route tips and fare sharing at KLCC People shared regular commute and station photos No emergency notice was posted There are 2 comments in total author reply Show 1 replies Say something,0,normal_travel_tip,synthetic_mock
lrt is bad again - Xiaohongshu search - Google Chrome,2752,mock_post_2752.png,lrt is bad again - Xiaohongshu search - Google Chrome,2026-02-24T05:52:00,"Little Red Potato 66A1
focus on
Rapid KL announced temporary service disruption between KLCC and Gombak with shuttle support at Wangsa Maju.
Passengers shared delay slip and crowding evidence during rush hour
Rapid KL staff guided queue and temporary shuttle arrangement
Malaysia transport update 2026-03-17
There are 13 comments in total
author
reply
Show 1 replies
Say something",Rapid KL announced temporary service disruption between KLCC and Gombak with shuttle support at Wangsa Maju Passengers shared delay slip and crowding evidence during rush hour Rapid KL staff guided queue and temporary shuttle arrangement Malaysia transport update 2026 03 17 There are 13 comments in total author reply Show 1 replies Say something,1,incident_service_disruption,synthetic_mock
mrt fault - 小红书搜索 - Google Chrome,2753,mock_post_2753.png,mrt fault - 小红书搜索 - Google Chrome,2026-02-24T05:53:00,"Little Red Potato 66A1
focus on
Routine travel post about route tips and fare sharing at Pasar Seni.
People shared regular commute and station photos
No emergency notice was posted
There are 16 comments in total
author
reply
Show 1 replies
Say something",Routine travel post about route tips and fare sharing at Pasar Seni People shared regular commute and station photos No emergency notice was posted There are 16 comments in total author reply Show 1 replies Say something,0,normal_travel_tip,synthetic_mock
lrtkelanajaya故障 - 小红书搜索 - Google Chrome,2754,mock_post_2754.png,lrtkelanajaya故障 - 小红书搜索 - Google Chrome,2026-02-24T05:54:00,"Little Red Potato 66A1
focus on
Rapid KL announced temporary service disruption between KLCC and Gombak with shuttle support at Putra Heights.
Passengers shared delay slip and crowding evidence during rush hour
Rapid KL staff guided queue and temporary shuttle arrangement
Malaysia transport update 2026-11-07
There are 8 comments in total
author
reply
Show 1 replies
Say something",Rapid KL announced temporary service disruption between KLCC and Gombak with shuttle support at Putra Heights Passengers shared delay slip and crowding evidence during rush hour Rapid KL staff guided queue and temporary shuttle arrangement Malaysia transport update 2026 11 07 There are 8 comments in total author reply Show 1 replies Say something,1,incident_service_disruption,synthetic_mock
🇲🇾LRT KelanajayaLine通告，列车降速 - 小红书 - Google Chrome,2755,mock_post_2755.png,🇲🇾LRT KelanajayaLine通告，列车降速 - 小红书 - Google Chrome,2026-02-24T05:55:00,"Ootashi store
focus on
Service update says all lines are stable with no major delay this morning at Ampang Park.
People shared regular commute and station photos
No emergency notice was posted
There are 7 comments in total
author
reply
Show 3 replies
Say something",Service update says all lines are stable with no major delay this morning at Ampang Park People shared regular commute and station photos No emergency notice was posted There are 7 comments in total author reply Show 3 replies Say something,0,normal_update,synthetic_mock
lrtkelanajaya线 - 小红书搜索 - Google Chrome,2756,mock_post_2756.png,lrtkelanajaya线 - 小红书搜索 - Google Chrome,2026-02-24T05:56:00,"Xiaoxuan Talk Malaysia Official
focus on
Passengers were asked to get off at Pasar Seni due to train fault and wait for replacement at Pasar Seni.
Passengers shared delay slip and crowding evidence during rush hour
Rapid KL staff guided queue and temporary shuttle arrangement
Malaysia transport update 2025-12-23
There are 8 comments in total
author
reply
Show 2 replies
Say something",Passengers were asked to get off at Pasar Seni due to train fault and wait for replacement at Pasar Seni Passengers shared delay slip and crowding evidence during rush hour Rapid KL staff guided queue and temporary shuttle arrangement Malaysia transport update 2025 12 23 There are 8 comments in total author reply Show 2 replies Say something,1,incident_train_fault,synthetic_mock
lrt klcc - 小红书搜索 - Google Chrome,2757,mock_post_2757.png,lrt klcc - 小红书搜索 - Google Chrome,2026-02-24T05:57:00,"Rapid commuter diary
focus on
Service update says all lines are stable with no major delay this morning at Universiti.
People shared regular commute and station photos
No emergency notice was posted
Malaysia transport update 2026-06-02
There are 16 comments in total
author
reply
Show 2 replies
Say something",Service update says all lines are stable with no major delay this morning at Universiti People shared regular commute and station photos No emergency notice was posted Malaysia transport update 2026 06 02 There are 16 comments in total author reply Show 2 replies Say something,0,normal_update,synthetic_mock
地铁 马来西亚 - 小红书搜索 - Google Chrome,2758,mock_post_2758.png,地铁 马来西亚 - 小红书搜索 - Google Chrome,2026-02-24T05:58:00,"Rapid commuter diary
focus on
LRT Kelana Jaya line had a signaling issue during peak hour and trains moved slowly at Masjid Jamek.
Passengers shared delay slip and crowding evidence during rush hour
Rapid KL staff guided queue and temporary shuttle arrangement
Malaysia transport update 2024-07-20
There are 16 comments in total
author
reply
Show 1 replies
Say something",LRT Kelana Jaya line had a signaling issue during peak hour and trains moved slowly at Masjid Jamek Passengers shared delay slip and crowding evidence during rush hour Rapid KL staff guided queue and temporary shuttle arrangement Malaysia transport update 2024 07 20 There are 16 comments in total author reply Show 1 replies Say something,1,incident_breakdown,synthetic_mock
lrt klcc - 小红书搜索 - Google Chrome,2759,mock_post_2759.png,lrt klcc - 小红书搜索 - Google Chrome,2026-02-24T05:59:00,"Rapid commuter diary
focus on
Service update says all lines are stable with no major delay this morning at Universiti.
People shared regular commute and station photos
No emergency notice was posted
Malaysia transport update 2024-08-04
There are 5 comments in total
author
reply
Show 2 replies
Say something",Service update says all lines are stable with no major delay this morning at Universiti People shared regular commute and station photos No emergency notice was posted Malaysia transport update 2024 08 04 There are 5 comments in total author reply Show 2 replies Say something,0,normal_update,synthetic_mock
地铁 马来西亚 - 小红书搜索 - Google Chrome,2760,mock_post_2760.png,地铁 马来西亚 - 小红书搜索 - Google Chrome,2026-02-24T06:00:00,"Ootashi store
focus on
Commuters reported long queue and train delay after track maintenance at Universiti station at Masjid Jamek.
Passengers shared delay slip and crowding evidence during rush hour
Rapid KL staff guided queue and temporary shuttle arrangement
There are 18 comments in total
author
reply
Show 3 replies
Say something",Commuters reported long queue and train delay after track maintenance at Universiti station at Masjid Jamek Passengers shared delay slip and crowding evidence during rush hour Rapid KL staff guided queue and temporary shuttle arrangement There are 18 comments in total author reply Show 3 replies Say something,1,incident_delay,synthetic_mock
mrt - 小红书搜索 - Google Chrome,2761,mock_post_2761.png,mrt - 小红书搜索 - Google Chrome,2026-02-24T06:01:00,"City transit watcher
focus on
General city transport post not related to outage or malfunction at Pasar Seni.
People shared regular commute and station photos
No emergency notice was posted
Malaysia transport update 2025-11-26
There are 14 comments in total
author
reply
Show 3 replies
Say something",General city transport post not related to outage or malfunction at Pasar Seni People shared regular commute and station photos No emergency notice was posted Malaysia transport update 2025 11 26 There are 14 comments in total author reply Show 3 replies Say something,0,normal_general,synthetic_mock
lrtkelanajaya故障 - 小红书搜索 - Google Chrome,2762,mock_post_2762.png,lrtkelanajaya故障 - 小红书搜索 - Google Chrome,2026-02-24T06:02:00,"KL daily commuter
focus on
Passengers were asked to get off at Pasar Seni due to train fault and wait for replacement at Gombak.
Passengers shared delay slip and crowding evidence during rush hour
Rapid KL staff guided queue and temporary shuttle arrangement
Malaysia transport update 2024-06-15
There are 9 comments in total
author
reply
Show 1 replies
Say something",Passengers were asked to get off at Pasar Seni due to train fault and wait for replacement at Gombak Passengers shared delay slip and crowding evidence during rush hour Rapid KL staff guided queue and temporary shuttle arrangement Malaysia transport update 2024 06 15 There are 9 comments in total author reply Show 1 replies Say something,1,incident_train_fault,synthetic_mock
地铁 马来西亚 - 小红书搜索 - Google Chrome,2763,mock_post_2763.png,地铁 马来西亚 - 小红书搜索 - Google Chrome,2026-02-24T06:03:00,"City transit watcher
focus on
Service update says all lines are stable with no major delay this morning at Universiti.
People shared regular commute and station photos
No emergency notice was posted
There are 5 comments in total
author
reply
Show 1 replies
Say something",Service update says all lines are stable with no major delay this morning at Universiti People shared regular commute and station photos No emergency notice was posted There are 5 comments in total author reply Show 1 replies Say something,0,normal_update,synthetic_mock
mrt fault - 小红书搜索 - Google Chrome,2764,mock_post_2764.png,mrt fault - 小红书搜索 - Google Chrome,2026-02-24T06:04:00,"KL daily commuter
focus on
LRT Kelana Jaya line had a signaling issue during peak hour and trains moved slowly at KLCC.
Passengers shared delay slip and crowding evidence during rush hour
Rapid KL staff guided queue and temporary shuttle arrangement
There are 9 comments in total
author
reply
Show 1 replies
Say something",LRT Kelana Jaya line had a signaling issue during peak hour and trains moved slowly at KLCC Passengers shared delay slip and crowding evidence during rush hour Rapid KL staff guided queue and temporary shuttle arrangement There are 9 comments in total author reply Show 1 replies Say something,1,incident_breakdown,synthetic_mock
mrt fault - 小红书搜索 - Google Chrome,2765,mock_post_2765.png,mrt fault - 小红书搜索 - Google Chrome,2026-02-24T06:05:00,"Ootashi store
focus on
Routine travel post about route tips and fare sharing at KL Sentral.
People shared regular commute and station photos
No emergency notice was posted
There are 6 comments in total
author
reply
Show 1 replies
Say something",Routine travel post about route tips and fare sharing at KL Sentral People shared regular commute and station photos No emergency notice was posted There are 6 comments in total author reply Show 1 replies Say something,0,normal_travel_tip,synthetic_mock
lrt is bad again - Xiaohongshu search - Google Chrome,2766,mock_post_2766.png,lrt is bad again - Xiaohongshu search - Google Chrome,2026-02-24T06:06:00,"Rapid commuter diary
focus on
Power trip caused brief outage and service resumed after technicians completed repair at Kelana Jaya.
Passengers shared delay slip and crowding evidence during rush hour
Rapid KL staff guided queue and temporary shuttle arrangement
Malaysia transport update 2026-06-07
There are 12 comments in total
author
reply
Show 3 replies
Say something",Power trip caused brief outage and service resumed after technicians completed repair at Kelana Jaya Passengers shared delay slip and crowding evidence during rush hour Rapid KL staff guided queue and temporary shuttle arrangement Malaysia transport update 2026 06 07 There are 12 comments in total author reply Show 3 replies Say something,1,incident_power_outage,synthetic_mock
lrt klcc - 小红书搜索 - Google Chrome,2767,mock_post_2767.png,lrt klcc - 小红书搜索 - Google Chrome,2026-02-24T06:07:00,"KL daily commuter
focus on
No disruption observed and transfer between lines completed without waiting at Universiti.
People shared regular commute and station photos
No emergency notice was posted
There are 16 comments in total
author
reply
Show 1 replies
Say something",No disruption observed and transfer between lines completed without waiting at Universiti People shared regular commute and station photos No emergency notice was posted There are 16 comments in total author reply Show 1 replies Say something,0,normal_no_incident,synthetic_mock
lrt klcc - 小红书搜索 - Google Chrome,2768,mock_post_2768.png,lrt klcc - 小红书搜索 - Google Chrome,2026-02-24T06:08:00,"Little Red Potato 66A1
focus on
Kelana Jaya line maintenance phase affected frequency and caused crowding at stations at KLCC.
Passengers shared delay slip and crowding evidence during rush hour
Rapid KL staff guided queue and temporary shuttle arrangement
Malaysia transport update 2025-11-26
There are 16 comments in total
author
reply
Show 2 replies
Say something",Kelana Jaya line maintenance phase affected frequency and caused crowding at stations at KLCC Passengers shared delay slip and crowding evidence during rush hour Rapid KL staff guided queue and temporary shuttle arrangement Malaysia transport update 2025 11 26 There are 16 comments in total author reply Show 2 replies Say something,1,incident_maintenance_impact,synthetic_mock
mrt - 小红书搜索 - Google Chrome,2769,mock_post_2769.png,mrt - 小红书搜索 - Google Chrome,2026-02-24T06:09:00,"Rapid commuter diary
focus on
Service update says all lines are stable with no major delay this morning at Kelana Jaya.
People shared regular commute and station photos
No emergency notice was posted
There are 8 comments in total
author
reply
Show 3 replies
Say something",Service update says all lines are stable with no major delay this morning at Kelana Jaya People shared regular commute and station photos No emergency notice was posted There are 8 comments in total author reply Show 3 replies Say something,0,normal_update,synthetic_mock
mrt kajang - 小红书搜索 - Google Chrome,2770,mock_post_2770.png,mrt kajang - 小红书搜索 - Google Chrome,2026-02-24T06:10:00,"Leisurely kitten
focus on
LRT Kelana Jaya line had a signaling issue during peak hour and trains moved slowly at Masjid Jamek.
Passengers shared delay slip and crowding evidence during rush hour
Rapid KL staff guided queue and temporary shuttle arrangement
Malaysia transport update 2026-02-08
There are 13 comments in total
author
reply
Show 1 replies
Say something",LRT Kelana Jaya line had a signaling issue during peak hour and trains moved slowly at Masjid Jamek Passengers shared delay slip and crowding evidence during rush hour Rapid KL staff guided queue and temporary shuttle arrangement Malaysia transport update 2026 02 08 There are 13 comments in total author reply Show 1 replies Say something,1,incident_breakdown,synthetic_mock
🇲🇾LRT KelanajayaLine通告，列车降速 - 小红书 - Google Chrome,2771,mock_post_2771.png,🇲🇾LRT KelanajayaLine通告，列车降速 - 小红书 - Google Chrome,2026-02-24T06:11:00,"Little Red Potato 66A1
focus on
General city transport post not related to outage or malfunction at Kelana Jaya.
People shared regular commute and station photos
No emergency notice was posted
There are 13 comments in total
author
reply
Show 1 replies
Say something",General city transport post not related to outage or malfunction at Kelana Jaya People shared regular commute and station photos No emergency notice was posted There are 13 comments in total author reply Show 1 replies Say something,0,normal_general,synthetic_mock
lrt is bad again - Xiaohongshu search - Google Chrome,2772,mock_post_2772.png,lrt is bad again - Xiaohongshu search - Google Chrome,2026-02-24T06:12:00,"City transit watcher
focus on
Kelana Jaya line maintenance phase affected frequency and caused crowding at stations at Ampang Park.
Passengers shared delay slip and crowding evidence during rush hour
Rapid KL staff guided queue and temporary shuttle arrangement
Malaysia transport update 2024-06-24
There are 9 comments in total
author
reply
Show 2 replies
Say something",Kelana Jaya line maintenance phase affected frequency and caused crowding at stations at Ampang Park Passengers shared delay slip and crowding evidence during rush hour Rapid KL staff guided queue and temporary shuttle arrangement Malaysia transport update 2024 06 24 There are 9 comments in total author reply Show 2 replies Say something,1,incident_maintenance_impact,synthetic_mock
🇲🇾LRT停运 注意了‼️ - 小红书 - Google Chrome,2773,mock_post_2773.png,🇲🇾LRT停运 注意了‼️ - 小红书 - Google Chrome,2026-02-24T06:13:00,"Leisurely kitten
focus on
Commuting to work was smooth and station crowd level was manageable today at Putra Heights.
People shared regular commute and station photos
No emergency notice was posted
There are 6 comments in total
author
reply
Show 3 replies
Say something",Commuting to work was smooth and station crowd level was manageable today at Putra Heights People shared regular commute and station photos No emergency notice was posted There are 6 comments in total author reply Show 3 replies Say something,0,normal_commute,synthetic_mock
🇲🇾LRT停运 注意了‼️ - 小红书 - Google Chrome,2774,mock_post_2774.png,🇲🇾LRT停运 注意了‼️ - 小红书 - Google Chrome,2026-02-24T06:14:00,"Xiaoxuan Talk Malaysia Official
focus on
LRT Kelana Jaya line had a signaling issue during peak hour and trains moved slowly at Putra Heights.
Passengers shared delay slip and crowding evidence during rush hour
Rapid KL staff guided queue and temporary shuttle arrangement
Malaysia transport update 2026-05-03
There are 3 comments in total
author
reply
Show 3 replies
Say something",LRT Kelana Jaya line had a signaling issue during peak hour and trains moved slowly at Putra Heights Passengers shared delay slip and crowding evidence during rush hour Rapid KL staff guided queue and temporary shuttle arrangement Malaysia transport update 2026 05 03 There are 3 comments in total author reply Show 3 replies Say something,1,incident_breakdown,synthetic_mock
lrtkelanajaya线 - 小红书搜索 - Google Chrome,2775,mock_post_2775.png,lrtkelanajaya线 - 小红书搜索 - Google Chrome,2026-02-24T06:15:00,"Rapid commuter diary
focus on
Commuting to work was smooth and station crowd level was manageable today at Putra Heights.
People shared regular commute and station photos
No emergency notice was posted
Malaysia transport update 2026-11-03
There are 13 comments in total
author
reply
Show 3 replies
Say something",Commuting to work was smooth and station crowd level was manageable today at Putra Heights People shared regular commute and station photos No emergency notice was posted Malaysia transport update 2026 11 03 There are 13 comments in total author reply Show 3 replies Say something,0,normal_commute,synthetic_mock
lrtkelanajaya故障 - 小红书搜索 - Google Chrome,2776,mock_post_2776.png,lrtkelanajaya故障 - 小红书搜索 - Google Chrome,2026-02-24T06:16:00,"Rapid commuter diary
focus on
Passengers were asked to get off at Pasar Seni due to train fault and wait for replacement at Putra Heights.
Passengers shared delay slip and crowding evidence during rush hour
Rapid KL staff guided queue and temporary shuttle arrangement
Malaysia transport update 2025-03-02
There are 16 comments in total
author
reply
Show 1 replies
Say something",Passengers were asked to get off at Pasar Seni due to train fault and wait for replacement at Putra Heights Passengers shared delay slip and crowding evidence during rush hour Rapid KL staff guided queue and temporary shuttle arrangement Malaysia transport update 2025 03 02 There are 16 comments in total author reply Show 1 replies Say something,1,incident_train_fault,synthetic_mock
🇲🇾LRT停运 注意了‼️ - 小红书 - Google Chrome,2777,mock_post_2777.png,🇲🇾LRT停运 注意了‼️ - 小红书 - Google Chrome,2026-02-24T06:17:00,"Ootashi store
focus on
Normal operation resumed and train intervals are back to schedule at Gombak.
People shared regular commute and station photos
No emergency notice was posted
Malaysia transport update 2024-11-01
There are 3 comments in total
author
reply
Show 3 replies
Say something",Normal operation resumed and train intervals are back to schedule at Gombak People shared regular commute and station photos No emergency notice was posted Malaysia transport update 2024 11 01 There are 3 comments in total author reply Show 3 replies Say something,0,normal_operation,synthetic_mock
mrt - 小红书搜索 - Google Chrome,2778,mock_post_2778.png,mrt - 小红书搜索 - Google Chrome,2026-02-24T06:18:00,"Ootashi store
focus on
Power trip caused brief outage and service resumed after technicians completed repair at KLCC.
Passengers shared delay slip and crowding evidence during rush hour
Rapid KL staff guided queue and temporary shuttle arrangement
There are 3 comments in total
author
reply
Show 1 replies
Say something",Power trip caused brief outage and service resumed after technicians completed repair at KLCC Passengers shared delay slip and crowding evidence during rush hour Rapid KL staff guided queue and temporary shuttle arrangement There are 3 comments in total author reply Show 1 replies Say something,1,incident_power_outage,synthetic_mock
地铁 马来西亚 - 小红书搜索 - Google Chrome,2779,mock_post_2779.png,地铁 马来西亚 - 小红书搜索 - Google Chrome,2026-02-24T06:19:00,"Little Red Potato 66A1
focus on
Normal operation resumed and train intervals are back to schedule at Universiti.
People shared regular commute and station photos
No emergency notice was posted
Malaysia transport update 2026-07-20
There are 13 comments in total
author
reply
Show 2 replies
Say something",Normal operation resumed and train intervals are back to schedule at Universiti People shared regular commute and station photos No emergency notice was posted Malaysia transport update 2026 07 20 There are 13 comments in total author reply Show 2 replies Say something,0,normal_operation,synthetic_mock
mrt kajang - 小红书搜索 - Google Chrome,2780,mock_post_2780.png,mrt kajang - 小红书搜索 - Google Chrome,2026-02-24T06:20:00,"Rapid commuter diary
focus on
Passengers were asked to get off at Pasar Seni due to train fault and wait for replacement at Ampang Park.
Passengers shared delay slip and crowding evidence during rush hour
Rapid KL staff guided queue and temporary shuttle arrangement
Malaysia transport update 2026-08-07
There are 3 comments in total
author
reply
Show 1 replies
Say something",Passengers were asked to get off at Pasar Seni due to train fault and wait for replacement at Ampang Park Passengers shared delay slip and crowding evidence during rush hour Rapid KL staff guided queue and temporary shuttle arrangement Malaysia transport update 2026 08 07 There are 3 comments in total author reply Show 1 replies Say something,1,incident_train_fault,synthetic_mock
mrt kajang - 小红书搜索 - Google Chrome,2781,mock_post_2781.png,mrt kajang - 小红书搜索 - Google Chrome,2026-02-24T06:21:00,"Ootashi store
focus on
No disruption observed and transfer between lines completed without waiting at Ampang Park.
People shared regular commute and station photos
No emergency notice was posted
Malaysia transport update 2026-03-05
There are 15 comments in total
author
reply
Show 3 replies
Say something",No disruption observed and transfer between lines completed without waiting at Ampang Park People shared regular commute and station photos No emergency notice was posted Malaysia transport update 2026 03 05 There are 15 comments in total author reply Show 3 replies Say something,0,normal_no_incident,synthetic_mock
🇲🇾LRT KelanajayaLine通告，列车降速 - 小红书 - Google Chrome,2782,mock_post_2782.png,🇲🇾LRT KelanajayaLine通告，列车降速 - 小红书 - Google Chrome,2026-02-24T06:22:00,"Rapid commuter diary
focus on
Kelana Jaya line maintenance phase affected frequency and caused crowding at stations at Kelana Jaya.
Passengers shared delay slip and crowding evidence during rush hour
Rapid KL staff guided queue and temporary shuttle arrangement
There are 17 comments in total
author
reply
Show 3 replies
Say something",Kelana Jaya line maintenance phase affected frequency and caused crowding at stations at Kelana Jaya Passengers shared delay slip and crowding evidence during rush hour Rapid KL staff guided queue and temporary shuttle arrangement There are 17 comments in total author reply Show 3 replies Say something,1,incident_maintenance_impact,synthetic_mock
lrt klcc - 小红书搜索 - Google Chrome,2783,mock_post_2783.png,lrt klcc - 小红书搜索 - Google Chrome,2026-02-24T06:23:00,"Rapid commuter diary
focus on
No disruption observed and transfer between lines completed without waiting at Masjid Jamek.
People shared regular commute and station photos
No emergency notice was posted
Malaysia transport update 2026-04-21
There are 10 comments in total
author
reply
Show 1 replies
Say something",No disruption observed and transfer between lines completed without waiting at Masjid Jamek People shared regular commute and station photos No emergency notice was posted Malaysia transport update 2026 04 21 There are 10 comments in total author reply Show 1 replies Say something,0,normal_no_incident,synthetic_mock
lrtkelanajaya线 - 小红书搜索 - Google Chrome,2784,mock_post_2784.png,lrtkelanajaya线 - 小红书搜索 - Google Chrome,2026-02-24T06:24:00,"City transit watcher
focus on
Passengers were asked to get off at Pasar Seni due to train fault and wait for replacement at KLCC.
Passengers shared delay slip and crowding evidence during rush hour
Rapid KL staff guided queue and temporary shuttle arrangement
There are 11 comments in total
author
reply
Show 2 replies
Say something",Passengers were asked to get off at Pasar Seni due to train fault and wait for replacement at KLCC Passengers shared delay slip and crowding evidence during rush hour Rapid KL staff guided queue and temporary shuttle arrangement There are 11 comments in total author reply Show 2 replies Say something,1,incident_train_fault,synthetic_mock
lrtkelanajaya线 - 小红书搜索 - Google Chrome,2785,mock_post_2785.png,lrtkelanajaya线 - 小红书搜索 - Google Chrome,2026-02-24T06:25:00,"City transit watcher
focus on
Normal operation resumed and train intervals are back to schedule at Masjid Jamek.
People shared regular commute and station photos
No emergency notice was posted
There are 11 comments in total
author
reply
Show 1 replies
Say something",Normal operation resumed and train intervals are back to schedule at Masjid Jamek People shared regular commute and station photos No emergency notice was posted There are 11 comments in total author reply Show 1 replies Say something,0,normal_operation,synthetic_mock
mrtkajang问题 - 小红书搜索 - Google Chrome,2786,mock_post_2786.png,mrtkajang问题 - 小红书搜索 - Google Chrome,2026-02-24T06:26:00,"Xiaoxuan Talk Malaysia Official
focus on
LRT Kelana Jaya line had a signaling issue during peak hour and trains moved slowly at Pasar Seni.
Passengers shared delay slip and crowding evidence during rush hour
Rapid KL staff guided queue and temporary shuttle arrangement
Malaysia transport update 2026-02-12
There are 1 comments in total
author
reply
Show 2 replies
Say something",LRT Kelana Jaya line had a signaling issue during peak hour and trains moved slowly at Pasar Seni Passengers shared delay slip and crowding evidence during rush hour Rapid KL staff guided queue and temporary shuttle arrangement Malaysia transport update 2026 02 12 There are 1 comments in total author reply Show 2 replies Say something,1,incident_breakdown,synthetic_mock
mrtkajang问题 - 小红书搜索 - Google Chrome,2787,mock_post_2787.png,mrtkajang问题 - 小红书搜索 - Google Chrome,2026-02-24T06:27:00,"Leisurely kitten
focus on
No disruption observed and transfer between lines completed without waiting at Gombak.
People shared regular commute and station photos
No emergency notice was posted
There are 15 comments in total
author
reply
Show 2 replies
Say something",No disruption observed and transfer between lines completed without waiting at Gombak People shared regular commute and station photos No emergency notice was posted There are 15 comments in total author reply Show 2 replies Say something,0,normal_no_incident,synthetic_mock
地铁 马来西亚 - 小红书搜索 - Google Chrome,2788,mock_post_2788.png,地铁 马来西亚 - 小红书搜索 - Google Chrome,2026-02-24T06:28:00,"Xiaoxuan Talk Malaysia Official
focus on
LRT Kelana Jaya line had a signaling issue during peak hour and trains moved slowly at Kelana Jaya.
Passengers shared delay slip and crowding evidence during rush hour
Rapid KL staff guided queue and temporary shuttle arrangement
Malaysia transport update 2026-08-13
There are 10 comments in total
author
reply
Show 2 replies
Say something",LRT Kelana Jaya line had a signaling issue during peak hour and trains moved slowly at Kelana Jaya Passengers shared delay slip and crowding evidence during rush hour Rapid KL staff guided queue and temporary shuttle arrangement Malaysia transport update 2026 08 13 There are 10 comments in total author reply Show 2 replies Say something,1,incident_breakdown,synthetic_mock
lrt klcc - 小红书搜索 - Google Chrome,2789,mock_post_2789.png,lrt klcc - 小红书搜索 - Google Chrome,2026-02-24T06:29:00,"Rapid commuter diary
focus on
General city transport post not related to outage or malfunction at Wangsa Maju.
People shared regular commute and station photos
No emergency notice was posted
Malaysia transport update 2026-08-19
There are 15 comments in total
author
reply
Show 2 replies
Say something",General city transport post not related to outage or malfunction at Wangsa Maju People shared regular commute and station photos No emergency notice was posted Malaysia transport update 2026 08 19 There are 15 comments in total author reply Show 2 replies Say something,0,normal_general,synthetic_mock
lrt is bad again - Xiaohongshu search - Google Chrome,2790,mock_post_2790.png,lrt is bad again - Xiaohongshu search - Google Chrome,2026-02-24T06:30:00,"Rapid commuter diary
focus on
Power trip caused brief outage and service resumed after technicians completed repair at Universiti.
Passengers shared delay slip and crowding evidence during rush hour
Rapid KL staff guided queue and temporary shuttle arrangement
There are 14 comments in total
author
reply
Show 3 replies
Say something",Power trip caused brief outage and service resumed after technicians completed repair at Universiti Passengers shared delay slip and crowding evidence during rush hour Rapid KL staff guided queue and temporary shuttle arrangement There are 14 comments in total author reply Show 3 replies Say something,1,incident_power_outage,synthetic_mock
lrtkelanajaya线 - 小红书搜索 - Google Chrome,2791,mock_post_2791.png,lrtkelanajaya线 - 小红书搜索 - Google Chrome,2026-02-24T06:31:00,"Xiaoxuan Talk Malaysia Official
focus on
Commuting to work was smooth and station crowd level was manageable today at Putra Heights.
People shared regular commute and station photos
No emergency notice was posted
Malaysia transport update 2024-06-11
There are 8 comments in total
author
reply
Show 2 replies
Say something",Commuting to work was smooth and station crowd level was manageable today at Putra Heights People shared regular commute and station photos No emergency notice was posted Malaysia transport update 2024 06 11 There are 8 comments in total author reply Show 2 replies Say something,0,normal_commute,synthetic_mock
mrtkajang问题 - 小红书搜索 - Google Chrome,2792,mock_post_2792.png,mrtkajang问题 - 小红书搜索 - Google Chrome,2026-02-24T06:32:00,"City transit watcher
focus on
LRT Kelana Jaya line had a signaling issue during peak hour and trains moved slowly at KL Sentral.
Passengers shared delay slip and crowding evidence during rush hour
Rapid KL staff guided queue and temporary shuttle arrangement
Malaysia transport update 2025-10-14
There are 6 comments in total
author
reply
Show 2 replies
Say something",LRT Kelana Jaya line had a signaling issue during peak hour and trains moved slowly at KL Sentral Passengers shared delay slip and crowding evidence during rush hour Rapid KL staff guided queue and temporary shuttle arrangement Malaysia transport update 2025 10 14 There are 6 comments in total author reply Show 2 replies Say something,1,incident_breakdown,synthetic_mock
🇲🇾LRT KelanajayaLine通告，列车降速 - 小红书 - Google Chrome,2793,mock_post_2793.png,🇲🇾LRT KelanajayaLine通告，列车降速 - 小红书 - Google Chrome,2026-02-24T06:33:00,"City transit watcher
focus on
Normal operation resumed and train intervals are back to schedule at KLCC.
People shared regular commute and station photos
No emergency notice was posted
There are 12 comments in total
author
reply
Show 1 replies
Say something",Normal operation resumed and train intervals are back to schedule at KLCC People shared regular commute and station photos No emergency notice was posted There are 12 comments in total author reply Show 1 replies Say something,0,normal_operation,synthetic_mock
lrt is bad again - Xiaohongshu search - Google Chrome,2794,mock_post_2794.png,lrt is bad again - Xiaohongshu search - Google Chrome,2026-02-24T06:34:00,"Ootashi store
focus on
Kelana Jaya line maintenance phase affected frequency and caused crowding at stations at Wangsa Maju.
Passengers shared delay slip and crowding evidence during rush hour
Rapid KL staff guided queue and temporary shuttle arrangement
Malaysia transport update 2024-12-12
There are 15 comments in total
author
reply
Show 3 replies
Say something",Kelana Jaya line maintenance phase affected frequency and caused crowding at stations at Wangsa Maju Passengers shared delay slip and crowding evidence during rush hour Rapid KL staff guided queue and temporary shuttle arrangement Malaysia transport update 2024 12 12 There are 15 comments in total author reply Show 3 replies Say something,1,incident_maintenance_impact,synthetic_mock
lrtkelanajaya线 - 小红书搜索 - Google Chrome,2795,mock_post_2795.png,lrtkelanajaya线 - 小红书搜索 - Google Chrome,2026-02-24T06:35:00,"Leisurely kitten
focus on
Service update says all lines are stable with no major delay this morning at Putra Heights.
People shared regular commute and station photos
No emergency notice was posted
Malaysia transport update 2026-03-15
There are 14 comments in total
author
reply
Show 3 replies
Say something",Service update says all lines are stable with no major delay this morning at Putra Heights People shared regular commute and station photos No emergency notice was posted Malaysia transport update 2026 03 15 There are 14 comments in total author reply Show 3 replies Say something,0,normal_update,synthetic_mock
mrt - 小红书搜索 - Google Chrome,2796,mock_post_2796.png,mrt - 小红书搜索 - Google Chrome,2026-02-24T06:36:00,"Ootashi store
focus on
Power trip caused brief outage and service resumed after technicians completed repair at Gombak.
Passengers shared delay slip and crowding evidence during rush hour
Rapid KL staff guided queue and temporary shuttle arrangement
There are 11 comments in total
author
reply
Show 3 replies
Say something",Power trip caused brief outage and service resumed after technicians completed repair at Gombak Passengers shared delay slip and crowding evidence during rush hour Rapid KL staff guided queue and temporary shuttle arrangement There are 11 comments in total author reply Show 3 replies Say something,1,incident_power_outage,synthetic_mock
mrt kajang - 小红书搜索 - Google Chrome,2797,mock_post_2797.png,mrt kajang - 小红书搜索 - Google Chrome,2026-02-24T06:37:00,"KL daily commuter
focus on
Routine travel post about route tips and fare sharing at KL Sentral.
People shared regular commute and station photos
No emergency notice was posted
There are 11 comments in total
author
reply
Show 3 replies
Say something",Routine travel post about route tips and fare sharing at KL Sentral People shared regular commute and station photos No emergency notice was posted There are 11 comments in total author reply Show 3 replies Say something,0,normal_travel_tip,synthetic_mock
mrt fault - 小红书搜索 - Google Chrome,2798,mock_post_2798.png,mrt fault - 小红书搜索 - Google Chrome,2026-02-24T06:38:00,"Rapid commuter diary
focus on
Commuters reported long queue and train delay after track maintenance at Universiti station at Gombak.
Passengers shared delay slip and crowding evidence during rush hour
Rapid KL staff guided queue and temporary shuttle arrangement
There are 8 comments in total
author
reply
Show 2 replies
Say something",Commuters reported long queue and train delay after track maintenance at Universiti station at Gombak Passengers shared delay slip and crowding evidence during rush hour Rapid KL staff guided queue and temporary shuttle arrangement There are 8 comments in total author reply Show 2 replies Say something,1,incident_delay,synthetic_mock
🇲🇾LRT KelanajayaLine通告，列车降速 - 小红书 - Google Chrome,2799,mock_post_2799.png,🇲🇾LRT KelanajayaLine通告，列车降速 - 小红书 - Google Chrome,2026-02-24T06:39:00,"City transit watcher
focus on
Commuting to work was smooth and station crowd level was manageable today at Gombak.
People shared regular commute and station photos
No emergency notice was posted
Malaysia transport update 2026-05-26
There are 3 comments in total
author
reply
Show 2 replies
Say something",Commuting to work was smooth and station crowd level was manageable today at Gombak People shared regular commute and station photos No emergency notice was posted Malaysia transport update 2026 05 26 There are 3 comments in total author reply Show 2 replies Say something,0,normal_commute,synthetic_mock
lrtkelanajaya线 - 小红书搜索 - Google Chrome,2800,mock_post_2800.png,lrtkelanajaya线 - 小红书搜索 - Google Chrome,2026-02-24T06:40:00,"Little Red Potato 66A1
focus on
LRT Kelana Jaya line had a signaling issue during peak hour and trains moved slowly at Wangsa Maju.
Passengers shared delay slip and crowding evidence during rush hour
Rapid KL staff guided queue and temporary shuttle arrangement
There are 8 comments in total
author
reply
Show 3 replies
Say something",LRT Kelana Jaya line had a signaling issue during peak hour and trains moved slowly at Wangsa Maju Passengers shared delay slip and crowding evidence during rush hour Rapid KL staff guided queue and temporary shuttle arrangement There are 8 comments in total author reply Show 3 replies Say something,1,incident_breakdown,synthetic_mock
🇲🇾LRT KelanajayaLine通告，列车降速 - 小红书 - Google Chrome,2801,mock_post_2801.png,🇲🇾LRT KelanajayaLine通告，列车降速 - 小红书 - Google Chrome,2026-02-24T06:41:00,"Leisurely kitten
focus on
General city transport post not related to outage or malfunction at Gombak.
People shared regular commute and station photos
No emergency notice was posted
There are 10 comments in total
author
reply
Show 1 replies
Say something",General city transport post not related to outage or malfunction at Gombak People shared regular commute and station photos No emergency notice was posted There are 10 comments in total author reply Show 1 replies Say something,0,normal_general,synthetic_mock
lrtkelanajaya故障 - 小红书搜索 - Google Chrome,2802,mock_post_2802.png,lrtkelanajaya故障 - 小红书搜索 - Google Chrome,2026-02-24T06:42:00,"Leisurely kitten
focus on
Commuters reported long queue and train delay after track maintenance at Universiti station at Wangsa Maju.
Passengers shared delay slip and crowding evidence during rush hour
Rapid KL staff guided queue and temporary shuttle arrangement
Malaysia transport update 2026-11-23
There are 18 comments in total
author
reply
Show 1 replies
Say something",Commuters reported long queue and train delay after track maintenance at Universiti station at Wangsa Maju Passengers shared delay slip and crowding evidence during rush hour Rapid KL staff guided queue and temporary shuttle arrangement Malaysia transport update 2026 11 23 There are 18 comments in total author reply Show 1 replies Say something,1,incident_delay,synthetic_mock
lrtkelanajaya线 - 小红书搜索 - Google Chrome,2803,mock_post_2803.png,lrtkelanajaya线 - 小红书搜索 - Google Chrome,2026-02-24T06:43:00,"Little Red Potato 66A1
focus on
Service update says all lines are stable with no major delay this morning at Kelana Jaya.
People shared regular commute and station photos
No emergency notice was posted
Malaysia transport update 2025-03-20
There are 16 comments in total
author
reply
Show 3 replies
Say something",Service update says all lines are stable with no major delay this morning at Kelana Jaya People shared regular commute and station photos No emergency notice was posted Malaysia transport update 2025 03 20 There are 16 comments in total author reply Show 3 replies Say something,0,normal_update,synthetic_mock
mrt - 小红书搜索 - Google Chrome,2804,mock_post_2804.png,mrt - 小红书搜索 - Google Chrome,2026-02-24T06:44:00,"City transit watcher
focus on
Passengers were asked to get off at Pasar Seni due to train fault and wait for replacement at Masjid Jamek.
Passengers shared delay slip and crowding evidence during rush hour
Rapid KL staff guided queue and temporary shuttle arrangement
There are 17 comments in total
author
reply
Show 3 replies
Say something",Passengers were asked to get off at Pasar Seni due to train fault and wait for replacement at Masjid Jamek Passengers shared delay slip and crowding evidence during rush hour Rapid KL staff guided queue and temporary shuttle arrangement There are 17 comments in total author reply Show 3 replies Say something,1,incident_train_fault,synthetic_mock
lrtkelanajaya故障 - 小红书搜索 - Google Chrome,2805,mock_post_2805.png,lrtkelanajaya故障 - 小红书搜索 - Google Chrome,2026-02-24T06:45:00,"Ootashi store
focus on
Normal operation resumed and train intervals are back to schedule at Universiti.
People shared regular commute and station photos
No emergency notice was posted
Malaysia transport update 2024-10-15
There are 5 comments in total
author
reply
Show 1 replies
Say something",Normal operation resumed and train intervals are back to schedule at Universiti People shared regular commute and station photos No emergency notice was posted Malaysia transport update 2024 10 15 There are 5 comments in total author reply Show 1 replies Say something,0,normal_operation,synthetic_mock
lrtkelanajaya线 - 小红书搜索 - Google Chrome,2806,mock_post_2806.png,lrtkelanajaya线 - 小红书搜索 - Google Chrome,2026-02-24T06:46:00,"KL daily commuter
focus on
LRT Kelana Jaya line had a signaling issue during peak hour and trains moved slowly at Ampang Park.
Passengers shared delay slip and crowding evidence during rush hour
Rapid KL staff guided queue and temporary shuttle arrangement
Malaysia transport update 2025-05-28
There are 17 comments in total
author
reply
Show 2 replies
Say something",LRT Kelana Jaya line had a signaling issue during peak hour and trains moved slowly at Ampang Park Passengers shared delay slip and crowding evidence during rush hour Rapid KL staff guided queue and temporary shuttle arrangement Malaysia transport update 2025 05 28 There are 17 comments in total author reply Show 2 replies Say something,1,incident_breakdown,synthetic_mock
lrtkelanajaya线 - 小红书搜索 - Google Chrome,2807,mock_post_2807.png,lrtkelanajaya线 - 小红书搜索 - Google Chrome,2026-02-24T06:47:00,"Leisurely kitten
focus on
Commuting to work was smooth and station crowd level was manageable today at Wangsa Maju.
People shared regular commute and station photos
No emergency notice was posted
Malaysia transport update 2026-03-28
There are 5 comments in total
author
reply
Show 1 replies
Say something",Commuting to work was smooth and station crowd level was manageable today at Wangsa Maju People shared regular commute and station photos No emergency notice was posted Malaysia transport update 2026 03 28 There are 5 comments in total author reply Show 1 replies Say something,0,normal_commute,synthetic_mock
🇲🇾LRT KelanajayaLine通告，列车降速 - 小红书 - Google Chrome,2808,mock_post_2808.png,🇲🇾LRT KelanajayaLine通告，列车降速 - 小红书 - Google Chrome,2026-02-24T06:48:00,"Leisurely kitten
focus on
LRT Kelana Jaya line had a signaling issue during peak hour and trains moved slowly at Kelana Jaya.
Passengers shared delay slip and crowding evidence during rush hour
Rapid KL staff guided queue and temporary shuttle arrangement
Malaysia transport update 2025-05-13
There are 3 comments in total
author
reply
Show 1 replies
Say something",LRT Kelana Jaya line had a signaling issue during peak hour and trains moved slowly at Kelana Jaya Passengers shared delay slip and crowding evidence during rush hour Rapid KL staff guided queue and temporary shuttle arrangement Malaysia transport update 2025 05 13 There are 3 comments in total author reply Show 1 replies Say something,1,incident_breakdown,synthetic_mock
mrt fault - 小红书搜索 - Google Chrome,2809,mock_post_2809.png,mrt fault - 小红书搜索 - Google Chrome,2026-02-24T06:49:00,"Xiaoxuan Talk Malaysia Official
focus on
Service update says all lines are stable with no major delay this morning at KL Sentral.
People shared regular commute and station photos
No emergency notice was posted
There are 5 comments in total
author
reply
Show 3 replies
Say something",Service update says all lines are stable with no major delay this morning at KL Sentral People shared regular commute and station photos No emergency notice was posted There are 5 comments in total author reply Show 3 replies Say something,0,normal_update,synthetic_mock
地铁 马来西亚 - 小红书搜索 - Google Chrome,2810,mock_post_2810.png,地铁 马来西亚 - 小红书搜索 - Google Chrome,2026-02-24T06:50:00,"KL daily commuter
focus on
LRT Kelana Jaya line had a signaling issue during peak hour and trains moved slowly at Pasar Seni.
Passengers shared delay slip and crowding evidence during rush hour
Rapid KL staff guided queue and temporary shuttle arrangement
Malaysia transport update 2026-08-11
There are 13 comments in total
author
reply
Show 2 replies
Say something",LRT Kelana Jaya line had a signaling issue during peak hour and trains moved slowly at Pasar Seni Passengers shared delay slip and crowding evidence during rush hour Rapid KL staff guided queue and temporary shuttle arrangement Malaysia transport update 2026 08 11 There are 13 comments in total author reply Show 2 replies Say something,1,incident_breakdown,synthetic_mock
地铁 马来西亚 - 小红书搜索 - Google Chrome,2811,mock_post_2811.png,地铁 马来西亚 - 小红书搜索 - Google Chrome,2026-02-24T06:51:00,"Rapid commuter diary
focus on
General city transport post not related to outage or malfunction at KL Sentral.
People shared regular commute and station photos
No emergency notice was posted
Malaysia transport update 2026-06-21
There are 16 comments in total
author
reply
Show 1 replies
Say something",General city transport post not related to outage or malfunction at KL Sentral People shared regular commute and station photos No emergency notice was posted Malaysia transport update 2026 06 21 There are 16 comments in total author reply Show 1 replies Say something,0,normal_general,synthetic_mock
mrt fault - 小红书搜索 - Google Chrome,2812,mock_post_2812.png,mrt fault - 小红书搜索 - Google Chrome,2026-02-24T06:52:00,"Little Red Potato 66A1
focus on
Power trip caused brief outage and service resumed after technicians completed repair at KLCC.
Passengers shared delay slip and crowding evidence during rush hour
Rapid KL staff guided queue and temporary shuttle arrangement
There are 3 comments in total
author
reply
Show 2 replies
Say something",Power trip caused brief outage and service resumed after technicians completed repair at KLCC Passengers shared delay slip and crowding evidence during rush hour Rapid KL staff guided queue and temporary shuttle arrangement There are 3 comments in total author reply Show 2 replies Say something,1,incident_power_outage,synthetic_mock
lrt klcc - 小红书搜索 - Google Chrome,2813,mock_post_2813.png,lrt klcc - 小红书搜索 - Google Chrome,2026-02-24T06:53:00,"Ootashi store
focus on
Routine travel post about route tips and fare sharing at Gombak.
People shared regular commute and station photos
No emergency notice was posted
Malaysia transport update 2025-07-13
There are 8 comments in total
author
reply
Show 1 replies
Say something",Routine travel post about route tips and fare sharing at Gombak People shared regular commute and station photos No emergency notice was posted Malaysia transport update 2025 07 13 There are 8 comments in total author reply Show 1 replies Say something,0,normal_travel_tip,synthetic_mock
lrtkelanajaya故障 - 小红书搜索 - Google Chrome,2814,mock_post_2814.png,lrtkelanajaya故障 - 小红书搜索 - Google Chrome,2026-02-24T06:54:00,"Little Red Potato 66A1
focus on
Rapid KL announced temporary service disruption between KLCC and Gombak with shuttle support at Masjid Jamek.
Passengers shared delay slip and crowding evidence during rush hour
Rapid KL staff guided queue and temporary shuttle arrangement
Malaysia transport update 2024-05-06
There are 7 comments in total
author
reply
Show 2 replies
Say something",Rapid KL announced temporary service disruption between KLCC and Gombak with shuttle support at Masjid Jamek Passengers shared delay slip and crowding evidence during rush hour Rapid KL staff guided queue and temporary shuttle arrangement Malaysia transport update 2024 05 06 There are 7 comments in total author reply Show 2 replies Say something,1,incident_service_disruption,synthetic_mock
mrtkajang问题 - 小红书搜索 - Google Chrome,2815,mock_post_2815.png,mrtkajang问题 - 小红书搜索 - Google Chrome,2026-02-24T06:55:00,"Xiaoxuan Talk Malaysia Official
focus on
General city transport post not related to outage or malfunction at Pasar Seni.
People shared regular commute and station photos
No emergency notice was posted
There are 7 comments in total
author
reply
Show 2 replies
Say something",General city transport post not related to outage or malfunction at Pasar Seni People shared regular commute and station photos No emergency notice was posted There are 7 comments in total author reply Show 2 replies Say something,0,normal_general,synthetic_mock
🇲🇾LRT停运 注意了‼️ - 小红书 - Google Chrome,2816,mock_post_2816.png,🇲🇾LRT停运 注意了‼️ - 小红书 - Google Chrome,2026-02-24T06:56:00,"Leisurely kitten
focus on
Commuters reported long queue and train delay after track maintenance at Universiti station at Pasar Seni.
Passengers shared delay slip and crowding evidence during rush hour
Rapid KL staff guided queue and temporary shuttle arrangement
Malaysia transport update 2026-02-01
There are 10 comments in total
author
reply
Show 1 replies
Say something",Commuters reported long queue and train delay after track maintenance at Universiti station at Pasar Seni Passengers shared delay slip and crowding evidence during rush hour Rapid KL staff guided queue and temporary shuttle arrangement Malaysia transport update 2026 02 01 There are 10 comments in total author reply Show 1 replies Say something,1,incident_delay,synthetic_mock
lrt is bad again - Xiaohongshu search - Google Chrome,2817,mock_post_2817.png,lrt is bad again - Xiaohongshu search - Google Chrome,2026-02-24T06:57:00,"Rapid commuter diary
focus on
No disruption observed and transfer between lines completed without waiting at KL Sentral.
People shared regular commute and station photos
No emergency notice was posted
Malaysia transport update 2026-11-26
There are 13 comments in total
author
reply
Show 3 replies
Say something",No disruption observed and transfer between lines completed without waiting at KL Sentral People shared regular commute and station photos No emergency notice was posted Malaysia transport update 2026 11 26 There are 13 comments in total author reply Show 3 replies Say something,0,normal_no_incident,synthetic_mock
lrtkelanajaya故障 - 小红书搜索 - Google Chrome,2818,mock_post_2818.png,lrtkelanajaya故障 - 小红书搜索 - Google Chrome,2026-02-24T06:58:00,"KL daily commuter
focus on
LRT Kelana Jaya line had a signaling issue during peak hour and trains moved slowly at Masjid Jamek.
Passengers shared delay slip and crowding evidence during rush hour
Rapid KL staff guided queue and temporary shuttle arrangement
There are 11 comments in total
author
reply
Show 3 replies
Say something",LRT Kelana Jaya line had a signaling issue during peak hour and trains moved slowly at Masjid Jamek Passengers shared delay slip and crowding evidence during rush hour Rapid KL staff guided queue and temporary shuttle arrangement There are 11 comments in total author reply Show 3 replies Say something,1,incident_breakdown,synthetic_mock
🇲🇾LRT停运 注意了‼️ - 小红书 - Google Chrome,2819,mock_post_2819.png,🇲🇾LRT停运 注意了‼️ - 小红书 - Google Chrome,2026-02-24T06:59:00,"Rapid commuter diary
focus on
Routine travel post about route tips and fare sharing at Gombak.
People shared regular commute and station photos
No emergency notice was posted
There are 2 comments in total
author
reply
Show 1 replies
Say something",Routine travel post about route tips and fare sharing at Gombak People shared regular commute and station photos No emergency notice was posted There are 2 comments in total author reply Show 1 replies Say something,0,normal_travel_tip,synthetic_mock
mrt - 小红书搜索 - Google Chrome,2820,mock_post_2820.png,mrt - 小红书搜索 - Google Chrome,2026-02-24T07:00:00,"Rapid commuter diary
focus on
LRT Kelana Jaya line had a signaling issue during peak hour and trains moved slowly at Ampang Park.
Passengers shared delay slip and crowding evidence during rush hour
Rapid KL staff guided queue and temporary shuttle arrangement
There are 3 comments in total
author
reply
Show 2 replies
Say something",LRT Kelana Jaya line had a signaling issue during peak hour and trains moved slowly at Ampang Park Passengers shared delay slip and crowding evidence during rush hour Rapid KL staff guided queue and temporary shuttle arrangement There are 3 comments in total author reply Show 2 replies Say something,1,incident_breakdown,synthetic_mock
mrt fault - 小红书搜索 - Google Chrome,2821,mock_post_2821.png,mrt fault - 小红书搜索 - Google Chrome,2026-02-24T07:01:00,"Leisurely kitten
focus on
Service update says all lines are stable with no major delay this morning at Kelana Jaya.
People shared regular commute and station photos
No emergency notice was posted
Malaysia transport update 2025-01-05
There are 8 comments in total
author
reply
Show 3 replies
Say something",Service update says all lines are stable with no major delay this morning at Kelana Jaya People shared regular commute and station photos No emergency notice was posted Malaysia transport update 2025 01 05 There are 8 comments in total author reply Show 3 replies Say something,0,normal_update,synthetic_mock
mrt kajang - 小红书搜索 - Google Chrome,2822,mock_post_2822.png,mrt kajang - 小红书搜索 - Google Chrome,2026-02-24T07:02:00,"Ootashi store
focus on
LRT Kelana Jaya line had a signaling issue during peak hour and trains moved slowly at Pasar Seni.
Passengers shared delay slip and crowding evidence during rush hour
Rapid KL staff guided queue and temporary shuttle arrangement
There are 9 comments in total
author
reply
Show 2 replies
Say something",LRT Kelana Jaya line had a signaling issue during peak hour and trains moved slowly at Pasar Seni Passengers shared delay slip and crowding evidence during rush hour Rapid KL staff guided queue and temporary shuttle arrangement There are 9 comments in total author reply Show 2 replies Say something,1,incident_breakdown,synthetic_mock
lrtkelanajaya线 - 小红书搜索 - Google Chrome,2823,mock_post_2823.png,lrtkelanajaya线 - 小红书搜索 - Google Chrome,2026-02-24T07:03:00,"Rapid commuter diary
focus on
Commuting to work was smooth and station crowd level was manageable today at Pasar Seni.
People shared regular commute and station photos
No emergency notice was posted
There are 6 comments in total
author
reply
Show 1 replies
Say something",Commuting to work was smooth and station crowd level was manageable today at Pasar Seni People shared regular commute and station photos No emergency notice was posted There are 6 comments in total author reply Show 1 replies Say something,0,normal_commute,synthetic_mock
lrtkelanajaya故障 - 小红书搜索 - Google Chrome,2824,mock_post_2824.png,lrtkelanajaya故障 - 小红书搜索 - Google Chrome,2026-02-24T07:04:00,"Ootashi store
focus on
Rapid KL announced temporary service disruption between KLCC and Gombak with shuttle support at Masjid Jamek.
Passengers shared delay slip and crowding evidence during rush hour
Rapid KL staff guided queue and temporary shuttle arrangement
There are 8 comments in total
author
reply
Show 1 replies
Say something",Rapid KL announced temporary service disruption between KLCC and Gombak with shuttle support at Masjid Jamek Passengers shared delay slip and crowding evidence during rush hour Rapid KL staff guided queue and temporary shuttle arrangement There are 8 comments in total author reply Show 1 replies Say something,1,incident_service_disruption,synthetic_mock
lrt is bad again - Xiaohongshu search - Google Chrome,2825,mock_post_2825.png,lrt is bad again - Xiaohongshu search - Google Chrome,2026-02-24T07:05:00,"Leisurely kitten
focus on
Normal operation resumed and train intervals are back to schedule at Pasar Seni.
People shared regular commute and station photos
No emergency notice was posted
Malaysia transport update 2024-04-07
There are 1 comments in total
author
reply
Show 1 replies
Say something",Normal operation resumed and train intervals are back to schedule at Pasar Seni People shared regular commute and station photos No emergency notice was posted Malaysia transport update 2024 04 07 There are 1 comments in total author reply Show 1 replies Say something,0,normal_operation,synthetic_mock
mrt kajang - 小红书搜索 - Google Chrome,2826,mock_post_2826.png,mrt kajang - 小红书搜索 - Google Chrome,2026-02-24T07:06:00,"Leisurely kitten
focus on
Rapid KL announced temporary service disruption between KLCC and Gombak with shuttle support at Universiti.
Passengers shared delay slip and crowding evidence during rush hour
Rapid KL staff guided queue and temporary shuttle arrangement
Malaysia transport update 2025-02-24
There are 4 comments in total
author
reply
Show 3 replies
Say something",Rapid KL announced temporary service disruption between KLCC and Gombak with shuttle support at Universiti Passengers shared delay slip and crowding evidence during rush hour Rapid KL staff guided queue and temporary shuttle arrangement Malaysia transport update 2025 02 24 There are 4 comments in total author reply Show 3 replies Say something,1,incident_service_disruption,synthetic_mock
🇲🇾LRT KelanajayaLine通告，列车降速 - 小红书 - Google Chrome,2827,mock_post_2827.png,🇲🇾LRT KelanajayaLine通告，列车降速 - 小红书 - Google Chrome,2026-02-24T07:07:00,"KL daily commuter
focus on
No disruption observed and transfer between lines completed without waiting at Putra Heights.
People shared regular commute and station photos
No emergency notice was posted
Malaysia transport update 2025-03-25
There are 16 comments in total
author
reply
Show 3 replies
Say something",No disruption observed and transfer between lines completed without waiting at Putra Heights People shared regular commute and station photos No emergency notice was posted Malaysia transport update 2025 03 25 There are 16 comments in total author reply Show 3 replies Say something,0,normal_no_incident,synthetic_mock
mrt - 小红书搜索 - Google Chrome,2828,mock_post_2828.png,mrt - 小红书搜索 - Google Chrome,2026-02-24T07:08:00,"Ootashi store
focus on
Commuters reported long queue and train delay after track maintenance at Universiti station at Putra Heights.
Passengers shared delay slip and crowding evidence during rush hour
Rapid KL staff guided queue and temporary shuttle arrangement
There are 2 comments in total
author
reply
Show 1 replies
Say something",Commuters reported long queue and train delay after track maintenance at Universiti station at Putra Heights Passengers shared delay slip and crowding evidence during rush hour Rapid KL staff guided queue and temporary shuttle arrangement There are 2 comments in total author reply Show 1 replies Say something,1,incident_delay,synthetic_mock
mrtkajang问题 - 小红书搜索 - Google Chrome,2829,mock_post_2829.png,mrtkajang问题 - 小红书搜索 - Google Chrome,2026-02-24T07:09:00,"Ootashi store
focus on
General city transport post not related to outage or malfunction at Putra Heights.
People shared regular commute and station photos
No emergency notice was posted
Malaysia transport update 2024-04-24
There are 18 comments in total
author
reply
Show 2 replies
Say something",General city transport post not related to outage or malfunction at Putra Heights People shared regular commute and station photos No emergency notice was posted Malaysia transport update 2024 04 24 There are 18 comments in total author reply Show 2 replies Say something,0,normal_general,synthetic_mock
mrt - 小红书搜索 - Google Chrome,2830,mock_post_2830.png,mrt - 小红书搜索 - Google Chrome,2026-02-24T07:10:00,"Xiaoxuan Talk Malaysia Official
focus on
Rapid KL announced temporary service disruption between KLCC and Gombak with shuttle support at Universiti.
Passengers shared delay slip and crowding evidence during rush hour
Rapid KL staff guided queue and temporary shuttle arrangement
Malaysia transport update 2026-03-02
There are 5 comments in total
author
reply
Show 3 replies
Say something",Rapid KL announced temporary service disruption between KLCC and Gombak with shuttle support at Universiti Passengers shared delay slip and crowding evidence during rush hour Rapid KL staff guided queue and temporary shuttle arrangement Malaysia transport update 2026 03 02 There are 5 comments in total author reply Show 3 replies Say something,1,incident_service_disruption,synthetic_mock
mrtkajang问题 - 小红书搜索 - Google Chrome,2831,mock_post_2831.png,mrtkajang问题 - 小红书搜索 - Google Chrome,2026-02-24T07:11:00,"KL daily commuter
focus on
No disruption observed and transfer between lines completed without waiting at KLCC.
People shared regular commute and station photos
No emergency notice was posted
There are 1 comments in total
author
reply
Show 1 replies
Say something",No disruption observed and transfer between lines completed without waiting at KLCC People shared regular commute and station photos No emergency notice was posted There are 1 comments in total author reply Show 1 replies Say something,0,normal_no_incident,synthetic_mock
lrt is bad again - Xiaohongshu search - Google Chrome,2832,mock_post_2832.png,lrt is bad again - Xiaohongshu search - Google Chrome,2026-02-24T07:12:00,"Ootashi store
focus on
Kelana Jaya line maintenance phase affected frequency and caused crowding at stations at Pasar Seni.
Passengers shared delay slip and crowding evidence during rush hour
Rapid KL staff guided queue and temporary shuttle arrangement
There are 5 comments in total
author
reply
Show 2 replies
Say something",Kelana Jaya line maintenance phase affected frequency and caused crowding at stations at Pasar Seni Passengers shared delay slip and crowding evidence during rush hour Rapid KL staff guided queue and temporary shuttle arrangement There are 5 comments in total author reply Show 2 replies Say something,1,incident_maintenance_impact,synthetic_mock
🇲🇾LRT停运 注意了‼️ - 小红书 - Google Chrome,2833,mock_post_2833.png,🇲🇾LRT停运 注意了‼️ - 小红书 - Google Chrome,2026-02-24T07:13:00,"Rapid commuter diary
focus on
Commuting to work was smooth and station crowd level was manageable today at Kelana Jaya.
People shared regular commute and station photos
No emergency notice was posted
There are 14 comments in total
author
reply
Show 2 replies
Say something",Commuting to work was smooth and station crowd level was manageable today at Kelana Jaya People shared regular commute and station photos No emergency notice was posted There are 14 comments in total author reply Show 2 replies Say something,0,normal_commute,synthetic_mock
🇲🇾LRT停运 注意了‼️ - 小红书 - Google Chrome,2834,mock_post_2834.png,🇲🇾LRT停运 注意了‼️ - 小红书 - Google Chrome,2026-02-24T07:14:00,"City transit watcher
focus on
Passengers were asked to get off at Pasar Seni due to train fault and wait for replacement at Ampang Park.
Passengers shared delay slip and crowding evidence during rush hour
Rapid KL staff guided queue and temporary shuttle arrangement
There are 4 comments in total
author
reply
Show 2 replies
Say something",Passengers were asked to get off at Pasar Seni due to train fault and wait for replacement at Ampang Park Passengers shared delay slip and crowding evidence during rush hour Rapid KL staff guided queue and temporary shuttle arrangement There are 4 comments in total author reply Show 2 replies Say something,1,incident_train_fault,synthetic_mock
🇲🇾LRT KelanajayaLine通告，列车降速 - 小红书 - Google Chrome,2835,mock_post_2835.png,🇲🇾LRT KelanajayaLine通告，列车降速 - 小红书 - Google Chrome,2026-02-24T07:15:00,"Leisurely kitten
focus on
General city transport post not related to outage or malfunction at Ampang Park.
People shared regular commute and station photos
No emergency notice was posted
There are 14 comments in total
author
reply
Show 1 replies
Say something",General city transport post not related to outage or malfunction at Ampang Park People shared regular commute and station photos No emergency notice was posted There are 14 comments in total author reply Show 1 replies Say something,0,normal_general,synthetic_mock
mrtkajang问题 - 小红书搜索 - Google Chrome,2836,mock_post_2836.png,mrtkajang问题 - 小红书搜索 - Google Chrome,2026-02-24T07:16:00,"Leisurely kitten
focus on
Passengers were asked to get off at Pasar Seni due to train fault and wait for replacement at Pasar Seni.
Passengers shared delay slip and crowding evidence during rush hour
Rapid KL staff guided queue and temporary shuttle arrangement
Malaysia transport update 2025-11-18
There are 8 comments in total
author
reply
Show 3 replies
Say something",Passengers were asked to get off at Pasar Seni due to train fault and wait for replacement at Pasar Seni Passengers shared delay slip and crowding evidence during rush hour Rapid KL staff guided queue and temporary shuttle arrangement Malaysia transport update 2025 11 18 There are 8 comments in total author reply Show 3 replies Say something,1,incident_train_fault,synthetic_mock
🇲🇾LRT KelanajayaLine通告，列车降速 - 小红书 - Google Chrome,2837,mock_post_2837.png,🇲🇾LRT KelanajayaLine通告，列车降速 - 小红书 - Google Chrome,2026-02-24T07:17:00,"City transit watcher
focus on
Service update says all lines are stable with no major delay this morning at Ampang Park.
People shared regular commute and station photos
No emergency notice was posted
Malaysia transport update 2026-02-06
There are 5 comments in total
author
reply
Show 2 replies
Say something",Service update says all lines are stable with no major delay this morning at Ampang Park People shared regular commute and station photos No emergency notice was posted Malaysia transport update 2026 02 06 There are 5 comments in total author reply Show 2 replies Say something,0,normal_update,synthetic_mock
地铁 马来西亚 - 小红书搜索 - Google Chrome,2838,mock_post_2838.png,地铁 马来西亚 - 小红书搜索 - Google Chrome,2026-02-24T07:18:00,"KL daily commuter
focus on
LRT Kelana Jaya line had a signaling issue during peak hour and trains moved slowly at KL Sentral.
Passengers shared delay slip and crowding evidence during rush hour
Rapid KL staff guided queue and temporary shuttle arrangement
There are 13 comments in total
author
reply
Show 2 replies
Say something",LRT Kelana Jaya line had a signaling issue during peak hour and trains moved slowly at KL Sentral Passengers shared delay slip and crowding evidence during rush hour Rapid KL staff guided queue and temporary shuttle arrangement There are 13 comments in total author reply Show 2 replies Say something,1,incident_breakdown,synthetic_mock
mrtkajang问题 - 小红书搜索 - Google Chrome,2839,mock_post_2839.png,mrtkajang问题 - 小红书搜索 - Google Chrome,2026-02-24T07:19:00,"Little Red Potato 66A1
focus on
Commuting to work was smooth and station crowd level was manageable today at Gombak.
People shared regular commute and station photos
No emergency notice was posted
There are 5 comments in total
author
reply
Show 1 replies
Say something",Commuting to work was smooth and station crowd level was manageable today at Gombak People shared regular commute and station photos No emergency notice was posted There are 5 comments in total author reply Show 1 replies Say something,0,normal_commute,synthetic_mock
lrt klcc - 小红书搜索 - Google Chrome,2840,mock_post_2840.png,lrt klcc - 小红书搜索 - Google Chrome,2026-02-24T07:20:00,"Rapid commuter diary
focus on
Rapid KL announced temporary service disruption between KLCC and Gombak with shuttle support at Universiti.
Passengers shared delay slip and crowding evidence during rush hour
Rapid KL staff guided queue and temporary shuttle arrangement
There are 3 comments in total
author
reply
Show 1 replies
Say something",Rapid KL announced temporary service disruption between KLCC and Gombak with shuttle support at Universiti Passengers shared delay slip and crowding evidence during rush hour Rapid KL staff guided queue and temporary shuttle arrangement There are 3 comments in total author reply Show 1 replies Say something,1,incident_service_disruption,synthetic_mock
mrtkajang问题 - 小红书搜索 - Google Chrome,2841,mock_post_2841.png,mrtkajang问题 - 小红书搜索 - Google Chrome,2026-02-24T07:21:00,"Xiaoxuan Talk Malaysia Official
focus on
Service update says all lines are stable with no major delay this morning at KLCC.
People shared regular commute and station photos
No emergency notice was posted
There are 4 comments in total
author
reply
Show 3 replies
Say something",Service update says all lines are stable with no major delay this morning at KLCC People shared regular commute and station photos No emergency notice was posted There are 4 comments in total author reply Show 3 replies Say something,0,normal_update,synthetic_mock
🇲🇾LRT KelanajayaLine通告，列车降速 - 小红书 - Google Chrome,2842,mock_post_2842.png,🇲🇾LRT KelanajayaLine通告，列车降速 - 小红书 - Google Chrome,2026-02-24T07:22:00,"Ootashi store
focus on
Passengers were asked to get off at Pasar Seni due to train fault and wait for replacement at Kelana Jaya.
Passengers shared delay slip and crowding evidence during rush hour
Rapid KL staff guided queue and temporary shuttle arrangement
There are 18 comments in total
author
reply
Show 2 replies
Say something",Passengers were asked to get off at Pasar Seni due to train fault and wait for replacement at Kelana Jaya Passengers shared delay slip and crowding evidence during rush hour Rapid KL staff guided queue and temporary shuttle arrangement There are 18 comments in total author reply Show 2 replies Say something,1,incident_train_fault,synthetic_mock
lrt is bad again - Xiaohongshu search - Google Chrome,2843,mock_post_2843.png,lrt is bad again - Xiaohongshu search - Google Chrome,2026-02-24T07:23:00,"Rapid commuter diary
focus on
Normal operation resumed and train intervals are back to schedule at KLCC.
People shared regular commute and station photos
No emergency notice was posted
There are 16 comments in total
author
reply
Show 2 replies
Say something",Normal operation resumed and train intervals are back to schedule at KLCC People shared regular commute and station photos No emergency notice was posted There are 16 comments in total author reply Show 2 replies Say something,0,normal_operation,synthetic_mock
mrt fault - 小红书搜索 - Google Chrome,2844,mock_post_2844.png,mrt fault - 小红书搜索 - Google Chrome,2026-02-24T07:24:00,"Little Red Potato 66A1
focus on
Kelana Jaya line maintenance phase affected frequency and caused crowding at stations at Universiti.
Passengers shared delay slip and crowding evidence during rush hour
Rapid KL staff guided queue and temporary shuttle arrangement
Malaysia transport update 2024-10-20
There are 9 comments in total
author
reply
Show 3 replies
Say something",Kelana Jaya line maintenance phase affected frequency and caused crowding at stations at Universiti Passengers shared delay slip and crowding evidence during rush hour Rapid KL staff guided queue and temporary shuttle arrangement Malaysia transport update 2024 10 20 There are 9 comments in total author reply Show 3 replies Say something,1,incident_maintenance_impact,synthetic_mock
lrt klcc - 小红书搜索 - Google Chrome,2845,mock_post_2845.png,lrt klcc - 小红书搜索 - Google Chrome,2026-02-24T07:25:00,"Leisurely kitten
focus on
Service update says all lines are stable with no major delay this morning at KL Sentral.
People shared regular commute and station photos
No emergency notice was posted
There are 4 comments in total
author
reply
Show 2 replies
Say something",Service update says all lines are stable with no major delay this morning at KL Sentral People shared regular commute and station photos No emergency notice was posted There are 4 comments in total author reply Show 2 replies Say something,0,normal_update,synthetic_mock
mrt - 小红书搜索 - Google Chrome,2846,mock_post_2846.png,mrt - 小红书搜索 - Google Chrome,2026-02-24T07:26:00,"Ootashi store
focus on
Rapid KL announced temporary service disruption between KLCC and Gombak with shuttle support at Pasar Seni.
Passengers shared delay slip and crowding evidence during rush hour
Rapid KL staff guided queue and temporary shuttle arrangement
There are 13 comments in total
author
reply
Show 3 replies
Say something",Rapid KL announced temporary service disruption between KLCC and Gombak with shuttle support at Pasar Seni Passengers shared delay slip and crowding evidence during rush hour Rapid KL staff guided queue and temporary shuttle arrangement There are 13 comments in total author reply Show 3 replies Say something,1,incident_service_disruption,synthetic_mock
lrtkelanajaya故障 - 小红书搜索 - Google Chrome,2847,mock_post_2847.png,lrtkelanajaya故障 - 小红书搜索 - Google Chrome,2026-02-24T07:27:00,"Little Red Potato 66A1
focus on
Service update says all lines are stable with no major delay this morning at Universiti.
People shared regular commute and station photos
No emergency notice was posted
Malaysia transport update 2024-01-12
There are 10 comments in total
author
reply
Show 1 replies
Say something",Service update says all lines are stable with no major delay this morning at Universiti People shared regular commute and station photos No emergency notice was posted Malaysia transport update 2024 01 12 There are 10 comments in total author reply Show 1 replies Say something,0,normal_update,synthetic_mock
🇲🇾LRT停运 注意了‼️ - 小红书 - Google Chrome,2848,mock_post_2848.png,🇲🇾LRT停运 注意了‼️ - 小红书 - Google Chrome,2026-02-24T07:28:00,"Ootashi store
focus on
LRT Kelana Jaya line had a signaling issue during peak hour and trains moved slowly at Wangsa Maju.
Passengers shared delay slip and crowding evidence during rush hour
Rapid KL staff guided queue and temporary shuttle arrangement
Malaysia transport update 2025-11-26
There are 9 comments in total
author
reply
Show 3 replies
Say something",LRT Kelana Jaya line had a signaling issue during peak hour and trains moved slowly at Wangsa Maju Passengers shared delay slip and crowding evidence during rush hour Rapid KL staff guided queue and temporary shuttle arrangement Malaysia transport update 2025 11 26 There are 9 comments in total author reply Show 3 replies Say something,1,incident_breakdown,synthetic_mock
地铁 马来西亚 - 小红书搜索 - Google Chrome,2849,mock_post_2849.png,地铁 马来西亚 - 小红书搜索 - Google Chrome,2026-02-24T07:29:00,"Ootashi store
focus on
No disruption observed and transfer between lines completed without waiting at Universiti.
People shared regular commute and station photos
No emergency notice was posted
There are 1 comments in total
author
reply
Show 3 replies
Say something",No disruption observed and transfer between lines completed without waiting at Universiti People shared regular commute and station photos No emergency notice was posted There are 1 comments in total author reply Show 3 replies Say something,0,normal_no_incident,synthetic_mock
mrtkajang问题 - 小红书搜索 - Google Chrome,2850,mock_post_2850.png,mrtkajang问题 - 小红书搜索 - Google Chrome,2026-02-24T07:30:00,"Leisurely kitten
focus on
Rapid KL announced temporary service disruption between KLCC and Gombak with shuttle support at Universiti.
Passengers shared delay slip and crowding evidence during rush hour
Rapid KL staff guided queue and temporary shuttle arrangement
Malaysia transport update 2025-01-10
There are 17 comments in total
author
reply
Show 3 replies
Say something",Rapid KL announced temporary service disruption between KLCC and Gombak with shuttle support at Universiti Passengers shared delay slip and crowding evidence during rush hour Rapid KL staff guided queue and temporary shuttle arrangement Malaysia transport update 2025 01 10 There are 17 comments in total author reply Show 3 replies Say something,1,incident_service_disruption,synthetic_mock
mrtkajang问题 - 小红书搜索 - Google Chrome,2851,mock_post_2851.png,mrtkajang问题 - 小红书搜索 - Google Chrome,2026-02-24T07:31:00,"Little Red Potato 66A1
focus on
Routine travel post about route tips and fare sharing at KL Sentral.
People shared regular commute and station photos
No emergency notice was posted
There are 1 comments in total
author
reply
Show 2 replies
Say something",Routine travel post about route tips and fare sharing at KL Sentral People shared regular commute and station photos No emergency notice was posted There are 1 comments in total author reply Show 2 replies Say something,0,normal_travel_tip,synthetic_mock
🇲🇾LRT停运 注意了‼️ - 小红书 - Google Chrome,2852,mock_post_2852.png,🇲🇾LRT停运 注意了‼️ - 小红书 - Google Chrome,2026-02-24T07:32:00,"Xiaoxuan Talk Malaysia Official
focus on
LRT Kelana Jaya line had a signaling issue during peak hour and trains moved slowly at Pasar Seni.
Passengers shared delay slip and crowding evidence during rush hour
Rapid KL staff guided queue and temporary shuttle arrangement
There are 13 comments in total
author
reply
Show 3 replies
Say something",LRT Kelana Jaya line had a signaling issue during peak hour and trains moved slowly at Pasar Seni Passengers shared delay slip and crowding evidence during rush hour Rapid KL staff guided queue and temporary shuttle arrangement There are 13 comments in total author reply Show 3 replies Say something,1,incident_breakdown,synthetic_mock
🇲🇾LRT停运 注意了‼️ - 小红书 - Google Chrome,2853,mock_post_2853.png,🇲🇾LRT停运 注意了‼️ - 小红书 - Google Chrome,2026-02-24T07:33:00,"Little Red Potato 66A1
focus on
Commuting to work was smooth and station crowd level was manageable today at KLCC.
People shared regular commute and station photos
No emergency notice was posted
There are 11 comments in total
author
reply
Show 1 replies
Say something",Commuting to work was smooth and station crowd level was manageable today at KLCC People shared regular commute and station photos No emergency notice was posted There are 11 comments in total author reply Show 1 replies Say something,0,normal_commute,synthetic_mock
mrt kajang - 小红书搜索 - Google Chrome,2854,mock_post_2854.png,mrt kajang - 小红书搜索 - Google Chrome,2026-02-24T07:34:00,"Leisurely kitten
focus on
Power trip caused brief outage and service resumed after technicians completed repair at Ampang Park.
Passengers shared delay slip and crowding evidence during rush hour
Rapid KL staff guided queue and temporary shuttle arrangement
There are 6 comments in total
author
reply
Show 2 replies
Say something",Power trip caused brief outage and service resumed after technicians completed repair at Ampang Park Passengers shared delay slip and crowding evidence during rush hour Rapid KL staff guided queue and temporary shuttle arrangement There are 6 comments in total author reply Show 2 replies Say something,1,incident_power_outage,synthetic_mock
lrtkelanajaya线 - 小红书搜索 - Google Chrome,2855,mock_post_2855.png,lrtkelanajaya线 - 小红书搜索 - Google Chrome,2026-02-24T07:35:00,"Ootashi store
focus on
General city transport post not related to outage or malfunction at Universiti.
People shared regular commute and station photos
No emergency notice was posted
There are 11 comments in total
author
reply
Show 2 replies
Say something",General city transport post not related to outage or malfunction at Universiti People shared regular commute and station photos No emergency notice was posted There are 11 comments in total author reply Show 2 replies Say something,0,normal_general,synthetic_mock
lrtkelanajaya故障 - 小红书搜索 - Google Chrome,2856,mock_post_2856.png,lrtkelanajaya故障 - 小红书搜索 - Google Chrome,2026-02-24T07:36:00,"Rapid commuter diary
focus on
Commuters reported long queue and train delay after track maintenance at Universiti station at Pasar Seni.
Passengers shared delay slip and crowding evidence during rush hour
Rapid KL staff guided queue and temporary shuttle arrangement
There are 16 comments in total
author
reply
Show 2 replies
Say something",Commuters reported long queue and train delay after track maintenance at Universiti station at Pasar Seni Passengers shared delay slip and crowding evidence during rush hour Rapid KL staff guided queue and temporary shuttle arrangement There are 16 comments in total author reply Show 2 replies Say something,1,incident_delay,synthetic_mock
lrt klcc - 小红书搜索 - Google Chrome,2857,mock_post_2857.png,lrt klcc - 小红书搜索 - Google Chrome,2026-02-24T07:37:00,"Little Red Potato 66A1
focus on
Service update says all lines are stable with no major delay this morning at Putra Heights.
People shared regular commute and station photos
No emergency notice was posted
Malaysia transport update 2025-02-13
There are 12 comments in total
author
reply
Show 3 replies
Say something",Service update says all lines are stable with no major delay this morning at Putra Heights People shared regular commute and station photos No emergency notice was posted Malaysia transport update 2025 02 13 There are 12 comments in total author reply Show 3 replies Say something,0,normal_update,synthetic_mock
🇲🇾LRT KelanajayaLine通告，列车降速 - 小红书 - Google Chrome,2858,mock_post_2858.png,🇲🇾LRT KelanajayaLine通告，列车降速 - 小红书 - Google Chrome,2026-02-24T07:38:00,"Ootashi store
focus on
Rapid KL announced temporary service disruption between KLCC and Gombak with shuttle support at KL Sentral.
Passengers shared delay slip and crowding evidence during rush hour
Rapid KL staff guided queue and temporary shuttle arrangement
Malaysia transport update 2025-10-24
There are 6 comments in total
author
reply
Show 1 replies
Say something",Rapid KL announced temporary service disruption between KLCC and Gombak with shuttle support at KL Sentral Passengers shared delay slip and crowding evidence during rush hour Rapid KL staff guided queue and temporary shuttle arrangement Malaysia transport update 2025 10 24 There are 6 comments in total author reply Show 1 replies Say something,1,incident_service_disruption,synthetic_mock
mrt fault - 小红书搜索 - Google Chrome,2859,mock_post_2859.png,mrt fault - 小红书搜索 - Google Chrome,2026-02-24T07:39:00,"Xiaoxuan Talk Malaysia Official
focus on
Commuting to work was smooth and station crowd level was manageable today at KLCC.
People shared regular commute and station photos
No emergency notice was posted
Malaysia transport update 2025-04-02
There are 5 comments in total
author
reply
Show 3 replies
Say something",Commuting to work was smooth and station crowd level was manageable today at KLCC People shared regular commute and station photos No emergency notice was posted Malaysia transport update 2025 04 02 There are 5 comments in total author reply Show 3 replies Say something,0,normal_commute,synthetic_mock
mrt kajang - 小红书搜索 - Google Chrome,2860,mock_post_2860.png,mrt kajang - 小红书搜索 - Google Chrome,2026-02-24T07:40:00,"Rapid commuter diary
focus on
Commuters reported long queue and train delay after track maintenance at Universiti station at KL Sentral.
Passengers shared delay slip and crowding evidence during rush hour
Rapid KL staff guided queue and temporary shuttle arrangement
Malaysia transport update 2024-08-22
There are 5 comments in total
author
reply
Show 3 replies
Say something",Commuters reported long queue and train delay after track maintenance at Universiti station at KL Sentral Passengers shared delay slip and crowding evidence during rush hour Rapid KL staff guided queue and temporary shuttle arrangement Malaysia transport update 2024 08 22 There are 5 comments in total author reply Show 3 replies Say something,1,incident_delay,synthetic_mock
mrt fault - 小红书搜索 - Google Chrome,2861,mock_post_2861.png,mrt fault - 小红书搜索 - Google Chrome,2026-02-24T07:41:00,"City transit watcher
focus on
Service update says all lines are stable with no major delay this morning at KL Sentral.
People shared regular commute and station photos
No emergency notice was posted
Malaysia transport update 2024-01-14
There are 13 comments in total
author
reply
Show 1 replies
Say something",Service update says all lines are stable with no major delay this morning at KL Sentral People shared regular commute and station photos No emergency notice was posted Malaysia transport update 2024 01 14 There are 13 comments in total author reply Show 1 replies Say something,0,normal_update,synthetic_mock
lrtkelanajaya线 - 小红书搜索 - Google Chrome,2862,mock_post_2862.png,lrtkelanajaya线 - 小红书搜索 - Google Chrome,2026-02-24T07:42:00,"Little Red Potato 66A1
focus on
Kelana Jaya line maintenance phase affected frequency and caused crowding at stations at Gombak.
Passengers shared delay slip and crowding evidence during rush hour
Rapid KL staff guided queue and temporary shuttle arrangement
Malaysia transport update 2026-11-18
There are 11 comments in total
author
reply
Show 1 replies
Say something",Kelana Jaya line maintenance phase affected frequency and caused crowding at stations at Gombak Passengers shared delay slip and crowding evidence during rush hour Rapid KL staff guided queue and temporary shuttle arrangement Malaysia transport update 2026 11 18 There are 11 comments in total author reply Show 1 replies Say something,1,incident_maintenance_impact,synthetic_mock
mrt - 小红书搜索 - Google Chrome,2863,mock_post_2863.png,mrt - 小红书搜索 - Google Chrome,2026-02-24T07:43:00,"Ootashi store
focus on
Service update says all lines are stable with no major delay this morning at KLCC.
People shared regular commute and station photos
No emergency notice was posted
There are 2 comments in total
author
reply
Show 1 replies
Say something",Service update says all lines are stable with no major delay this morning at KLCC People shared regular commute and station photos No emergency notice was posted There are 2 comments in total author reply Show 1 replies Say something,0,normal_update,synthetic_mock
🇲🇾LRT停运 注意了‼️ - 小红书 - Google Chrome,2864,mock_post_2864.png,🇲🇾LRT停运 注意了‼️ - 小红书 - Google Chrome,2026-02-24T07:44:00,"KL daily commuter
focus on
Passengers were asked to get off at Pasar Seni due to train fault and wait for replacement at Masjid Jamek.
Passengers shared delay slip and crowding evidence during rush hour
Rapid KL staff guided queue and temporary shuttle arrangement
There are 6 comments in total
author
reply
Show 1 replies
Say something",Passengers were asked to get off at Pasar Seni due to train fault and wait for replacement at Masjid Jamek Passengers shared delay slip and crowding evidence during rush hour Rapid KL staff guided queue and temporary shuttle arrangement There are 6 comments in total author reply Show 1 replies Say something,1,incident_train_fault,synthetic_mock
🇲🇾LRT停运 注意了‼️ - 小红书 - Google Chrome,2865,mock_post_2865.png,🇲🇾LRT停运 注意了‼️ - 小红书 - Google Chrome,2026-02-24T07:45:00,"KL daily commuter
focus on
Normal operation resumed and train intervals are back to schedule at Pasar Seni.
People shared regular commute and station photos
No emergency notice was posted
Malaysia transport update 2024-02-12
There are 10 comments in total
author
reply
Show 3 replies
Say something",Normal operation resumed and train intervals are back to schedule at Pasar Seni People shared regular commute and station photos No emergency notice was posted Malaysia transport update 2024 02 12 There are 10 comments in total author reply Show 3 replies Say something,0,normal_operation,synthetic_mock
mrt kajang - 小红书搜索 - Google Chrome,2866,mock_post_2866.png,mrt kajang - 小红书搜索 - Google Chrome,2026-02-24T07:46:00,"Little Red Potato 66A1
focus on
LRT Kelana Jaya line had a signaling issue during peak hour and trains moved slowly at Putra Heights.
Passengers shared delay slip and crowding evidence during rush hour
Rapid KL staff guided queue and temporary shuttle arrangement
Malaysia transport update 2025-09-14
There are 18 comments in total
author
reply
Show 2 replies
Say something",LRT Kelana Jaya line had a signaling issue during peak hour and trains moved slowly at Putra Heights Passengers shared delay slip and crowding evidence during rush hour Rapid KL staff guided queue and temporary shuttle arrangement Malaysia transport update 2025 09 14 There are 18 comments in total author reply Show 2 replies Say something,1,incident_breakdown,synthetic_mock
mrt fault - 小红书搜索 - Google Chrome,2867,mock_post_2867.png,mrt fault - 小红书搜索 - Google Chrome,2026-02-24T07:47:00,"Xiaoxuan Talk Malaysia Official
focus on
Commuting to work was smooth and station crowd level was manageable today at Kelana Jaya.
People shared regular commute and station photos
No emergency notice was posted
There are 4 comments in total
author
reply
Show 3 replies
Say something",Commuting to work was smooth and station crowd level was manageable today at Kelana Jaya People shared regular commute and station photos No emergency notice was posted There are 4 comments in total author reply Show 3 replies Say something,0,normal_commute,synthetic_mock
lrt is bad again - Xiaohongshu search - Google Chrome,2868,mock_post_2868.png,lrt is bad again - Xiaohongshu search - Google Chrome,2026-02-24T07:48:00,"Little Red Potato 66A1
focus on
Commuters reported long queue and train delay after track maintenance at Universiti station at Masjid Jamek.
Passengers shared delay slip and crowding evidence during rush hour
Rapid KL staff guided queue and temporary shuttle arrangement
Malaysia transport update 2025-05-25
There are 5 comments in total
author
reply
Show 3 replies
Say something",Commuters reported long queue and train delay after track maintenance at Universiti station at Masjid Jamek Passengers shared delay slip and crowding evidence during rush hour Rapid KL staff guided queue and temporary shuttle arrangement Malaysia transport update 2025 05 25 There are 5 comments in total author reply Show 3 replies Say something,1,incident_delay,synthetic_mock
mrtkajang问题 - 小红书搜索 - Google Chrome,2869,mock_post_2869.png,mrtkajang问题 - 小红书搜索 - Google Chrome,2026-02-24T07:49:00,"Ootashi store
focus on
Normal operation resumed and train intervals are back to schedule at Wangsa Maju.
People shared regular commute and station photos
No emergency notice was posted
There are 17 comments in total
author
reply
Show 2 replies
Say something",Normal operation resumed and train intervals are back to schedule at Wangsa Maju People shared regular commute and station photos No emergency notice was posted There are 17 comments in total author reply Show 2 replies Say something,0,normal_operation,synthetic_mock
mrt kajang - 小红书搜索 - Google Chrome,2870,mock_post_2870.png,mrt kajang - 小红书搜索 - Google Chrome,2026-02-24T07:50:00,"Rapid commuter diary
focus on
Kelana Jaya line maintenance phase affected frequency and caused crowding at stations at Masjid Jamek.
Passengers shared delay slip and crowding evidence during rush hour
Rapid KL staff guided queue and temporary shuttle arrangement
Malaysia transport update 2025-09-11
There are 13 comments in total
author
reply
Show 3 replies
Say something",Kelana Jaya line maintenance phase affected frequency and caused crowding at stations at Masjid Jamek Passengers shared delay slip and crowding evidence during rush hour Rapid KL staff guided queue and temporary shuttle arrangement Malaysia transport update 2025 09 11 There are 13 comments in total author reply Show 3 replies Say something,1,incident_maintenance_impact,synthetic_mock
lrtkelanajaya故障 - 小红书搜索 - Google Chrome,2871,mock_post_2871.png,lrtkelanajaya故障 - 小红书搜索 - Google Chrome,2026-02-24T07:51:00,"City transit watcher
focus on
Commuting to work was smooth and station crowd level was manageable today at Wangsa Maju.
People shared regular commute and station photos
No emergency notice was posted
Malaysia transport update 2026-02-20
There are 14 comments in total
author
reply
Show 3 replies
Say something",Commuting to work was smooth and station crowd level was manageable today at Wangsa Maju People shared regular commute and station photos No emergency notice was posted Malaysia transport update 2026 02 20 There are 14 comments in total author reply Show 3 replies Say something,0,normal_commute,synthetic_mock
lrtkelanajaya故障 - 小红书搜索 - Google Chrome,2872,mock_post_2872.png,lrtkelanajaya故障 - 小红书搜索 - Google Chrome,2026-02-24T07:52:00,"City transit watcher
focus on
Rapid KL announced temporary service disruption between KLCC and Gombak with shuttle support at Gombak.
Passengers shared delay slip and crowding evidence during rush hour
Rapid KL staff guided queue and temporary shuttle arrangement
Malaysia transport update 2026-03-23
There are 14 comments in total
author
reply
Show 1 replies
Say something",Rapid KL announced temporary service disruption between KLCC and Gombak with shuttle support at Gombak Passengers shared delay slip and crowding evidence during rush hour Rapid KL staff guided queue and temporary shuttle arrangement Malaysia transport update 2026 03 23 There are 14 comments in total author reply Show 1 replies Say something,1,incident_service_disruption,synthetic_mock
🇲🇾LRT KelanajayaLine通告，列车降速 - 小红书 - Google Chrome,2873,mock_post_2873.png,🇲🇾LRT KelanajayaLine通告，列车降速 - 小红书 - Google Chrome,2026-02-24T07:53:00,"Ootashi store
focus on
Normal operation resumed and train intervals are back to schedule at Universiti.
People shared regular commute and station photos
No emergency notice was posted
Malaysia transport update 2026-02-02
There are 10 comments in total
author
reply
Show 1 replies
Say something",Normal operation resumed and train intervals are back to schedule at Universiti People shared regular commute and station photos No emergency notice was posted Malaysia transport update 2026 02 02 There are 10 comments in total author reply Show 1 replies Say something,0,normal_operation,synthetic_mock
mrtkajang问题 - 小红书搜索 - Google Chrome,2874,mock_post_2874.png,mrtkajang问题 - 小红书搜索 - Google Chrome,2026-02-24T07:54:00,"Ootashi store
focus on
Commuters reported long queue and train delay after track maintenance at Universiti station at Masjid Jamek.
Passengers shared delay slip and crowding evidence during rush hour
Rapid KL staff guided queue and temporary shuttle arrangement
There are 4 comments in total
author
reply
Show 2 replies
Say something",Commuters reported long queue and train delay after track maintenance at Universiti station at Masjid Jamek Passengers shared delay slip and crowding evidence during rush hour Rapid KL staff guided queue and temporary shuttle arrangement There are 4 comments in total author reply Show 2 replies Say something,1,incident_delay,synthetic_mock
mrtkajang问题 - 小红书搜索 - Google Chrome,2875,mock_post_2875.png,mrtkajang问题 - 小红书搜索 - Google Chrome,2026-02-24T07:55:00,"KL daily commuter
focus on
Routine travel post about route tips and fare sharing at KL Sentral.
People shared regular commute and station photos
No emergency notice was posted
There are 4 comments in total
author
reply
Show 1 replies
Say something",Routine travel post about route tips and fare sharing at KL Sentral People shared regular commute and station photos No emergency notice was posted There are 4 comments in total author reply Show 1 replies Say something,0,normal_travel_tip,synthetic_mock
🇲🇾LRT KelanajayaLine通告，列车降速 - 小红书 - Google Chrome,2876,mock_post_2876.png,🇲🇾LRT KelanajayaLine通告，列车降速 - 小红书 - Google Chrome,2026-02-24T07:56:00,"Ootashi store
focus on
Passengers were asked to get off at Pasar Seni due to train fault and wait for replacement at Ampang Park.
Passengers shared delay slip and crowding evidence during rush hour
Rapid KL staff guided queue and temporary shuttle arrangement
There are 14 comments in total
author
reply
Show 3 replies
Say something",Passengers were asked to get off at Pasar Seni due to train fault and wait for replacement at Ampang Park Passengers shared delay slip and crowding evidence during rush hour Rapid KL staff guided queue and temporary shuttle arrangement There are 14 comments in total author reply Show 3 replies Say something,1,incident_train_fault,synthetic_mock
🇲🇾LRT停运 注意了‼️ - 小红书 - Google Chrome,2877,mock_post_2877.png,🇲🇾LRT停运 注意了‼️ - 小红书 - Google Chrome,2026-02-24T07:57:00,"Leisurely kitten
focus on
Routine travel post about route tips and fare sharing at KL Sentral.
People shared regular commute and station photos
No emergency notice was posted
There are 17 comments in total
author
reply
Show 1 replies
Say something",Routine travel post about route tips and fare sharing at KL Sentral People shared regular commute and station photos No emergency notice was posted There are 17 comments in total author reply Show 1 replies Say something,0,normal_travel_tip,synthetic_mock
mrt kajang - 小红书搜索 - Google Chrome,2878,mock_post_2878.png,mrt kajang - 小红书搜索 - Google Chrome,2026-02-24T07:58:00,"City transit watcher
focus on
Rapid KL announced temporary service disruption between KLCC and Gombak with shuttle support at Masjid Jamek.
Passengers shared delay slip and crowding evidence during rush hour
Rapid KL staff guided queue and temporary shuttle arrangement
Malaysia transport update 2026-09-01
There are 2 comments in total
author
reply
Show 1 replies
Say something",Rapid KL announced temporary service disruption between KLCC and Gombak with shuttle support at Masjid Jamek Passengers shared delay slip and crowding evidence during rush hour Rapid KL staff guided queue and temporary shuttle arrangement Malaysia transport update 2026 09 01 There are 2 comments in total author reply Show 1 replies Say something,1,incident_service_disruption,synthetic_mock
lrt is bad again - Xiaohongshu search - Google Chrome,2879,mock_post_2879.png,lrt is bad again - Xiaohongshu search - Google Chrome,2026-02-24T07:59:00,"Xiaoxuan Talk Malaysia Official
focus on
No disruption observed and transfer between lines completed without waiting at Wangsa Maju.
People shared regular commute and station photos
No emergency notice was posted
There are 6 comments in total
author
reply
Show 3 replies
Say something",No disruption observed and transfer between lines completed without waiting at Wangsa Maju People shared regular commute and station photos No emergency notice was posted There are 6 comments in total author reply Show 3 replies Say something,0,normal_no_incident,synthetic_mock
mrt fault - 小红书搜索 - Google Chrome,2880,mock_post_2880.png,mrt fault - 小红书搜索 - Google Chrome,2026-02-24T08:00:00,"Leisurely kitten
focus on
LRT Kelana Jaya line had a signaling issue during peak hour and trains moved slowly at Kelana Jaya.
Passengers shared delay slip and crowding evidence during rush hour
Rapid KL staff guided queue and temporary shuttle arrangement
There are 6 comments in total
author
reply
Show 3 replies
Say something",LRT Kelana Jaya line had a signaling issue during peak hour and trains moved slowly at Kelana Jaya Passengers shared delay slip and crowding evidence during rush hour Rapid KL staff guided queue and temporary shuttle arrangement There are 6 comments in total author reply Show 3 replies Say something,1,incident_breakdown,synthetic_mock
lrtkelanajaya故障 - 小红书搜索 - Google Chrome,2881,mock_post_2881.png,lrtkelanajaya故障 - 小红书搜索 - Google Chrome,2026-02-24T08:01:00,"Rapid commuter diary
focus on
Service update says all lines are stable with no major delay this morning at Masjid Jamek.
People shared regular commute and station photos
No emergency notice was posted
Malaysia transport update 2024-01-11
There are 2 comments in total
author
reply
Show 2 replies
Say something",Service update says all lines are stable with no major delay this morning at Masjid Jamek People shared regular commute and station photos No emergency notice was posted Malaysia transport update 2024 01 11 There are 2 comments in total author reply Show 2 replies Say something,0,normal_update,synthetic_mock
lrt is bad again - Xiaohongshu search - Google Chrome,2882,mock_post_2882.png,lrt is bad again - Xiaohongshu search - Google Chrome,2026-02-24T08:02:00,"Little Red Potato 66A1
focus on
Commuters reported long queue and train delay after track maintenance at Universiti station at Universiti.
Passengers shared delay slip and crowding evidence during rush hour
Rapid KL staff guided queue and temporary shuttle arrangement
There are 18 comments in total
author
reply
Show 3 replies
Say something",Commuters reported long queue and train delay after track maintenance at Universiti station at Universiti Passengers shared delay slip and crowding evidence during rush hour Rapid KL staff guided queue and temporary shuttle arrangement There are 18 comments in total author reply Show 3 replies Say something,1,incident_delay,synthetic_mock
mrtkajang问题 - 小红书搜索 - Google Chrome,2883,mock_post_2883.png,mrtkajang问题 - 小红书搜索 - Google Chrome,2026-02-24T08:03:00,"City transit watcher
focus on
Commuting to work was smooth and station crowd level was manageable today at Masjid Jamek.
People shared regular commute and station photos
No emergency notice was posted
Malaysia transport update 2025-10-06
There are 2 comments in total
author
reply
Show 1 replies
Say something",Commuting to work was smooth and station crowd level was manageable today at Masjid Jamek People shared regular commute and station photos No emergency notice was posted Malaysia transport update 2025 10 06 There are 2 comments in total author reply Show 1 replies Say something,0,normal_commute,synthetic_mock
地铁 马来西亚 - 小红书搜索 - Google Chrome,2884,mock_post_2884.png,地铁 马来西亚 - 小红书搜索 - Google Chrome,2026-02-24T08:04:00,"City transit watcher
focus on
Power trip caused brief outage and service resumed after technicians completed repair at Masjid Jamek.
Passengers shared delay slip and crowding evidence during rush hour
Rapid KL staff guided queue and temporary shuttle arrangement
Malaysia transport update 2025-07-08
There are 8 comments in total
author
reply
Show 1 replies
Say something",Power trip caused brief outage and service resumed after technicians completed repair at Masjid Jamek Passengers shared delay slip and crowding evidence during rush hour Rapid KL staff guided queue and temporary shuttle arrangement Malaysia transport update 2025 07 08 There are 8 comments in total author reply Show 1 replies Say something,1,incident_power_outage,synthetic_mock
mrtkajang问题 - 小红书搜索 - Google Chrome,2885,mock_post_2885.png,mrtkajang问题 - 小红书搜索 - Google Chrome,2026-02-24T08:05:00,"Little Red Potato 66A1
focus on
Service update says all lines are stable with no major delay this morning at Masjid Jamek.
People shared regular commute and station photos
No emergency notice was posted
There are 7 comments in total
author
reply
Show 1 replies
Say something",Service update says all lines are stable with no major delay this morning at Masjid Jamek People shared regular commute and station photos No emergency notice was posted There are 7 comments in total author reply Show 1 replies Say something,0,normal_update,synthetic_mock
mrt kajang - 小红书搜索 - Google Chrome,2886,mock_post_2886.png,mrt kajang - 小红书搜索 - Google Chrome,2026-02-24T08:06:00,"Little Red Potato 66A1
focus on
Power trip caused brief outage and service resumed after technicians completed repair at KLCC.
Passengers shared delay slip and crowding evidence during rush hour
Rapid KL staff guided queue and temporary shuttle arrangement
Malaysia transport update 2024-11-18
There are 13 comments in total
author
reply
Show 1 replies
Say something",Power trip caused brief outage and service resumed after technicians completed repair at KLCC Passengers shared delay slip and crowding evidence during rush hour Rapid KL staff guided queue and temporary shuttle arrangement Malaysia transport update 2024 11 18 There are 13 comments in total author reply Show 1 replies Say something,1,incident_power_outage,synthetic_mock
lrtkelanajaya故障 - 小红书搜索 - Google Chrome,2887,mock_post_2887.png,lrtkelanajaya故障 - 小红书搜索 - Google Chrome,2026-02-24T08:07:00,"Ootashi store
focus on
No disruption observed and transfer between lines completed without waiting at KLCC.
People shared regular commute and station photos
No emergency notice was posted
Malaysia transport update 2025-02-01
There are 3 comments in total
author
reply
Show 1 replies
Say something",No disruption observed and transfer between lines completed without waiting at KLCC People shared regular commute and station photos No emergency notice was posted Malaysia transport update 2025 02 01 There are 3 comments in total author reply Show 1 replies Say something,0,normal_no_incident,synthetic_mock
🇲🇾LRT停运 注意了‼️ - 小红书 - Google Chrome,2888,mock_post_2888.png,🇲🇾LRT停运 注意了‼️ - 小红书 - Google Chrome,2026-02-24T08:08:00,"KL daily commuter
focus on
Kelana Jaya line maintenance phase affected frequency and caused crowding at stations at Masjid Jamek.
Passengers shared delay slip and crowding evidence during rush hour
Rapid KL staff guided queue and temporary shuttle arrangement
Malaysia transport update 2024-12-20
There are 5 comments in total
author
reply
Show 1 replies
Say something",Kelana Jaya line maintenance phase affected frequency and caused crowding at stations at Masjid Jamek Passengers shared delay slip and crowding evidence during rush hour Rapid KL staff guided queue and temporary shuttle arrangement Malaysia transport update 2024 12 20 There are 5 comments in total author reply Show 1 replies Say something,1,incident_maintenance_impact,synthetic_mock
mrtkajang问题 - 小红书搜索 - Google Chrome,2889,mock_post_2889.png,mrtkajang问题 - 小红书搜索 - Google Chrome,2026-02-24T08:09:00,"City transit watcher
focus on
Routine travel post about route tips and fare sharing at Masjid Jamek.
People shared regular commute and station photos
No emergency notice was posted
There are 12 comments in total
author
reply
Show 1 replies
Say something",Routine travel post about route tips and fare sharing at Masjid Jamek People shared regular commute and station photos No emergency notice was posted There are 12 comments in total author reply Show 1 replies Say something,0,normal_travel_tip,synthetic_mock
mrt fault - 小红书搜索 - Google Chrome,2890,mock_post_2890.png,mrt fault - 小红书搜索 - Google Chrome,2026-02-24T08:10:00,"City transit watcher
focus on
Kelana Jaya line maintenance phase affected frequency and caused crowding at stations at KL Sentral.
Passengers shared delay slip and crowding evidence during rush hour
Rapid KL staff guided queue and temporary shuttle arrangement
There are 17 comments in total
author
reply
Show 2 replies
Say something",Kelana Jaya line maintenance phase affected frequency and caused crowding at stations at KL Sentral Passengers shared delay slip and crowding evidence during rush hour Rapid KL staff guided queue and temporary shuttle arrangement There are 17 comments in total author reply Show 2 replies Say something,1,incident_maintenance_impact,synthetic_mock
mrt kajang - 小红书搜索 - Google Chrome,2891,mock_post_2891.png,mrt kajang - 小红书搜索 - Google Chrome,2026-02-24T08:11:00,"Rapid commuter diary
focus on
General city transport post not related to outage or malfunction at Kelana Jaya.
People shared regular commute and station photos
No emergency notice was posted
There are 16 comments in total
author
reply
Show 2 replies
Say something",General city transport post not related to outage or malfunction at Kelana Jaya People shared regular commute and station photos No emergency notice was posted There are 16 comments in total author reply Show 2 replies Say something,0,normal_general,synthetic_mock
lrtkelanajaya故障 - 小红书搜索 - Google Chrome,2892,mock_post_2892.png,lrtkelanajaya故障 - 小红书搜索 - Google Chrome,2026-02-24T08:12:00,"Rapid commuter diary
focus on
LRT Kelana Jaya line had a signaling issue during peak hour and trains moved slowly at Kelana Jaya.
Passengers shared delay slip and crowding evidence during rush hour
Rapid KL staff guided queue and temporary shuttle arrangement
There are 12 comments in total
author
reply
Show 3 replies
Say something",LRT Kelana Jaya line had a signaling issue during peak hour and trains moved slowly at Kelana Jaya Passengers shared delay slip and crowding evidence during rush hour Rapid KL staff guided queue and temporary shuttle arrangement There are 12 comments in total author reply Show 3 replies Say something,1,incident_breakdown,synthetic_mock
lrtkelanajaya故障 - 小红书搜索 - Google Chrome,2893,mock_post_2893.png,lrtkelanajaya故障 - 小红书搜索 - Google Chrome,2026-02-24T08:13:00,"Little Red Potato 66A1
focus on
Normal operation resumed and train intervals are back to schedule at Masjid Jamek.
People shared regular commute and station photos
No emergency notice was posted
Malaysia transport update 2026-05-08
There are 3 comments in total
author
reply
Show 3 replies
Say something",Normal operation resumed and train intervals are back to schedule at Masjid Jamek People shared regular commute and station photos No emergency notice was posted Malaysia transport update 2026 05 08 There are 3 comments in total author reply Show 3 replies Say something,0,normal_operation,synthetic_mock
地铁 马来西亚 - 小红书搜索 - Google Chrome,2894,mock_post_2894.png,地铁 马来西亚 - 小红书搜索 - Google Chrome,2026-02-24T08:14:00,"Rapid commuter diary
focus on
Power trip caused brief outage and service resumed after technicians completed repair at KL Sentral.
Passengers shared delay slip and crowding evidence during rush hour
Rapid KL staff guided queue and temporary shuttle arrangement
There are 4 comments in total
author
reply
Show 2 replies
Say something",Power trip caused brief outage and service resumed after technicians completed repair at KL Sentral Passengers shared delay slip and crowding evidence during rush hour Rapid KL staff guided queue and temporary shuttle arrangement There are 4 comments in total author reply Show 2 replies Say something,1,incident_power_outage,synthetic_mock
地铁 马来西亚 - 小红书搜索 - Google Chrome,2895,mock_post_2895.png,地铁 马来西亚 - 小红书搜索 - Google Chrome,2026-02-24T08:15:00,"Leisurely kitten
focus on
General city transport post not related to outage or malfunction at KLCC.
People shared regular commute and station photos
No emergency notice was posted
There are 14 comments in total
author
reply
Show 3 replies
Say something",General city transport post not related to outage or malfunction at KLCC People shared regular commute and station photos No emergency notice was posted There are 14 comments in total author reply Show 3 replies Say something,0,normal_general,synthetic_mock
mrtkajang问题 - 小红书搜索 - Google Chrome,2896,mock_post_2896.png,mrtkajang问题 - 小红书搜索 - Google Chrome,2026-02-24T08:16:00,"Little Red Potato 66A1
focus on
Kelana Jaya line maintenance phase affected frequency and caused crowding at stations at Universiti.
Passengers shared delay slip and crowding evidence during rush hour
Rapid KL staff guided queue and temporary shuttle arrangement
There are 12 comments in total
author
reply
Show 3 replies
Say something",Kelana Jaya line maintenance phase affected frequency and caused crowding at stations at Universiti Passengers shared delay slip and crowding evidence during rush hour Rapid KL staff guided queue and temporary shuttle arrangement There are 12 comments in total author reply Show 3 replies Say something,1,incident_maintenance_impact,synthetic_mock
mrt kajang - 小红书搜索 - Google Chrome,2897,mock_post_2897.png,mrt kajang - 小红书搜索 - Google Chrome,2026-02-24T08:17:00,"City transit watcher
focus on
Service update says all lines are stable with no major delay this morning at Kelana Jaya.
People shared regular commute and station photos
No emergency notice was posted
There are 5 comments in total
author
reply
Show 3 replies
Say something",Service update says all lines are stable with no major delay this morning at Kelana Jaya People shared regular commute and station photos No emergency notice was posted There are 5 comments in total author reply Show 3 replies Say something,0,normal_update,synthetic_mock
mrt kajang - 小红书搜索 - Google Chrome,2898,mock_post_2898.png,mrt kajang - 小红书搜索 - Google Chrome,2026-02-24T08:18:00,"City transit watcher
focus on
Power trip caused brief outage and service resumed after technicians completed repair at Putra Heights.
Passengers shared delay slip and crowding evidence during rush hour
Rapid KL staff guided queue and temporary shuttle arrangement
There are 13 comments in total
author
reply
Show 3 replies
Say something",Power trip caused brief outage and service resumed after technicians completed repair at Putra Heights Passengers shared delay slip and crowding evidence during rush hour Rapid KL staff guided queue and temporary shuttle arrangement There are 13 comments in total author reply Show 3 replies Say something,1,incident_power_outage,synthetic_mock
mrt - 小红书搜索 - Google Chrome,2899,mock_post_2899.png,mrt - 小红书搜索 - Google Chrome,2026-02-24T08:19:00,"KL daily commuter
focus on
Service update says all lines are stable with no major delay this morning at KL Sentral.
People shared regular commute and station photos
No emergency notice was posted
Malaysia transport update 2024-03-11
There are 15 comments in total
author
reply
Show 1 replies
Say something",Service update says all lines are stable with no major delay this morning at KL Sentral People shared regular commute and station photos No emergency notice was posted Malaysia transport update 2024 03 11 There are 15 comments in total author reply Show 1 replies Say something,0,normal_update,synthetic_mock
mrt fault - 小红书搜索 - Google Chrome,2900,mock_post_2900.png,mrt fault - 小红书搜索 - Google Chrome,2026-02-24T08:20:00,"Little Red Potato 66A1
focus on
Passengers were asked to get off at Pasar Seni due to train fault and wait for replacement at Masjid Jamek.
Passengers shared delay slip and crowding evidence during rush hour
Rapid KL staff guided queue and temporary shuttle arrangement
There are 6 comments in total
author
reply
Show 2 replies
Say something",Passengers were asked to get off at Pasar Seni due to train fault and wait for replacement at Masjid Jamek Passengers shared delay slip and crowding evidence during rush hour Rapid KL staff guided queue and temporary shuttle arrangement There are 6 comments in total author reply Show 2 replies Say something,1,incident_train_fault,synthetic_mock
mrt - 小红书搜索 - Google Chrome,2901,mock_post_2901.png,mrt - 小红书搜索 - Google Chrome,2026-02-24T08:21:00,"Leisurely kitten
focus on
Service update says all lines are stable with no major delay this morning at KL Sentral.
People shared regular commute and station photos
No emergency notice was posted
There are 1 comments in total
author
reply
Show 2 replies
Say something",Service update says all lines are stable with no major delay this morning at KL Sentral People shared regular commute and station photos No emergency notice was posted There are 1 comments in total author reply Show 2 replies Say something,0,normal_update,synthetic_mock
🇲🇾LRT停运 注意了‼️ - 小红书 - Google Chrome,2902,mock_post_2902.png,🇲🇾LRT停运 注意了‼️ - 小红书 - Google Chrome,2026-02-24T08:22:00,"KL daily commuter
focus on
Rapid KL announced temporary service disruption between KLCC and Gombak with shuttle support at KL Sentral.
Passengers shared delay slip and crowding evidence during rush hour
Rapid KL staff guided queue and temporary shuttle arrangement
There are 15 comments in total
author
reply
Show 2 replies
Say something",Rapid KL announced temporary service disruption between KLCC and Gombak with shuttle support at KL Sentral Passengers shared delay slip and crowding evidence during rush hour Rapid KL staff guided queue and temporary shuttle arrangement There are 15 comments in total author reply Show 2 replies Say something,1,incident_service_disruption,synthetic_mock
mrt - 小红书搜索 - Google Chrome,2903,mock_post_2903.png,mrt - 小红书搜索 - Google Chrome,2026-02-24T08:23:00,"KL daily commuter
focus on
No disruption observed and transfer between lines completed without waiting at Pasar Seni.
People shared regular commute and station photos
No emergency notice was posted
There are 14 comments in total
author
reply
Show 3 replies
Say something",No disruption observed and transfer between lines completed without waiting at Pasar Seni People shared regular commute and station photos No emergency notice was posted There are 14 comments in total author reply Show 3 replies Say something,0,normal_no_incident,synthetic_mock
地铁 马来西亚 - 小红书搜索 - Google Chrome,2904,mock_post_2904.png,地铁 马来西亚 - 小红书搜索 - Google Chrome,2026-02-24T08:24:00,"Little Red Potato 66A1
focus on
LRT Kelana Jaya line had a signaling issue during peak hour and trains moved slowly at Ampang Park.
Passengers shared delay slip and crowding evidence during rush hour
Rapid KL staff guided queue and temporary shuttle arrangement
There are 16 comments in total
author
reply
Show 1 replies
Say something",LRT Kelana Jaya line had a signaling issue during peak hour and trains moved slowly at Ampang Park Passengers shared delay slip and crowding evidence during rush hour Rapid KL staff guided queue and temporary shuttle arrangement There are 16 comments in total author reply Show 1 replies Say something,1,incident_breakdown,synthetic_mock
🇲🇾LRT停运 注意了‼️ - 小红书 - Google Chrome,2905,mock_post_2905.png,🇲🇾LRT停运 注意了‼️ - 小红书 - Google Chrome,2026-02-24T08:25:00,"KL daily commuter
focus on
Normal operation resumed and train intervals are back to schedule at Masjid Jamek.
People shared regular commute and station photos
No emergency notice was posted
There are 10 comments in total
author
reply
Show 3 replies
Say something",Normal operation resumed and train intervals are back to schedule at Masjid Jamek People shared regular commute and station photos No emergency notice was posted There are 10 comments in total author reply Show 3 replies Say something,0,normal_operation,synthetic_mock
lrt klcc - 小红书搜索 - Google Chrome,2906,mock_post_2906.png,lrt klcc - 小红书搜索 - Google Chrome,2026-02-24T08:26:00,"Little Red Potato 66A1
focus on
Power trip caused brief outage and service resumed after technicians completed repair at Gombak.
Passengers shared delay slip and crowding evidence during rush hour
Rapid KL staff guided queue and temporary shuttle arrangement
Malaysia transport update 2026-10-10
There are 13 comments in total
author
reply
Show 2 replies
Say something",Power trip caused brief outage and service resumed after technicians completed repair at Gombak Passengers shared delay slip and crowding evidence during rush hour Rapid KL staff guided queue and temporary shuttle arrangement Malaysia transport update 2026 10 10 There are 13 comments in total author reply Show 2 replies Say something,1,incident_power_outage,synthetic_mock
lrt klcc - 小红书搜索 - Google Chrome,2907,mock_post_2907.png,lrt klcc - 小红书搜索 - Google Chrome,2026-02-24T08:27:00,"KL daily commuter
focus on
Routine travel post about route tips and fare sharing at Universiti.
People shared regular commute and station photos
No emergency notice was posted
There are 17 comments in total
author
reply
Show 2 replies
Say something",Routine travel post about route tips and fare sharing at Universiti People shared regular commute and station photos No emergency notice was posted There are 17 comments in total author reply Show 2 replies Say something,0,normal_travel_tip,synthetic_mock
mrt kajang - 小红书搜索 - Google Chrome,2908,mock_post_2908.png,mrt kajang - 小红书搜索 - Google Chrome,2026-02-24T08:28:00,"Ootashi store
focus on
Power trip caused brief outage and service resumed after technicians completed repair at Ampang Park.
Passengers shared delay slip and crowding evidence during rush hour
Rapid KL staff guided queue and temporary shuttle arrangement
Malaysia transport update 2025-09-21
There are 11 comments in total
author
reply
Show 1 replies
Say something",Power trip caused brief outage and service resumed after technicians completed repair at Ampang Park Passengers shared delay slip and crowding evidence during rush hour Rapid KL staff guided queue and temporary shuttle arrangement Malaysia transport update 2025 09 21 There are 11 comments in total author reply Show 1 replies Say something,1,incident_power_outage,synthetic_mock
mrt - 小红书搜索 - Google Chrome,2909,mock_post_2909.png,mrt - 小红书搜索 - Google Chrome,2026-02-24T08:29:00,"Little Red Potato 66A1
focus on
General city transport post not related to outage or malfunction at KL Sentral.
People shared regular commute and station photos
No emergency notice was posted
There are 4 comments in total
author
reply
Show 2 replies
Say something",General city transport post not related to outage or malfunction at KL Sentral People shared regular commute and station photos No emergency notice was posted There are 4 comments in total author reply Show 2 replies Say something,0,normal_general,synthetic_mock
🇲🇾LRT停运 注意了‼️ - 小红书 - Google Chrome,2910,mock_post_2910.png,🇲🇾LRT停运 注意了‼️ - 小红书 - Google Chrome,2026-02-24T08:30:00,"Xiaoxuan Talk Malaysia Official
focus on
Passengers were asked to get off at Pasar Seni due to train fault and wait for replacement at Masjid Jamek.
Passengers shared delay slip and crowding evidence during rush hour
Rapid KL staff guided queue and temporary shuttle arrangement
Malaysia transport update 2025-01-26
There are 6 comments in total
author
reply
Show 3 replies
Say something",Passengers were asked to get off at Pasar Seni due to train fault and wait for replacement at Masjid Jamek Passengers shared delay slip and crowding evidence during rush hour Rapid KL staff guided queue and temporary shuttle arrangement Malaysia transport update 2025 01 26 There are 6 comments in total author reply Show 3 replies Say something,1,incident_train_fault,synthetic_mock
mrt kajang - 小红书搜索 - Google Chrome,2911,mock_post_2911.png,mrt kajang - 小红书搜索 - Google Chrome,2026-02-24T08:31:00,"Xiaoxuan Talk Malaysia Official
focus on
Routine travel post about route tips and fare sharing at Wangsa Maju.
People shared regular commute and station photos
No emergency notice was posted
Malaysia transport update 2024-02-27
There are 2 comments in total
author
reply
Show 1 replies
Say something",Routine travel post about route tips and fare sharing at Wangsa Maju People shared regular commute and station photos No emergency notice was posted Malaysia transport update 2024 02 27 There are 2 comments in total author reply Show 1 replies Say something,0,normal_travel_tip,synthetic_mock
地铁 马来西亚 - 小红书搜索 - Google Chrome,2912,mock_post_2912.png,地铁 马来西亚 - 小红书搜索 - Google Chrome,2026-02-24T08:32:00,"Xiaoxuan Talk Malaysia Official
focus on
Rapid KL announced temporary service disruption between KLCC and Gombak with shuttle support at Ampang Park.
Passengers shared delay slip and crowding evidence during rush hour
Rapid KL staff guided queue and temporary shuttle arrangement
Malaysia transport update 2025-09-20
There are 2 comments in total
author
reply
Show 1 replies
Say something",Rapid KL announced temporary service disruption between KLCC and Gombak with shuttle support at Ampang Park Passengers shared delay slip and crowding evidence during rush hour Rapid KL staff guided queue and temporary shuttle arrangement Malaysia transport update 2025 09 20 There are 2 comments in total author reply Show 1 replies Say something,1,incident_service_disruption,synthetic_mock
lrt klcc - 小红书搜索 - Google Chrome,2913,mock_post_2913.png,lrt klcc - 小红书搜索 - Google Chrome,2026-02-24T08:33:00,"Little Red Potato 66A1
focus on
Service update says all lines are stable with no major delay this morning at Gombak.
People shared regular commute and station photos
No emergency notice was posted
There are 12 comments in total
author
reply
Show 3 replies
Say something",Service update says all lines are stable with no major delay this morning at Gombak People shared regular commute and station photos No emergency notice was posted There are 12 comments in total author reply Show 3 replies Say something,0,normal_update,synthetic_mock
🇲🇾LRT停运 注意了‼️ - 小红书 - Google Chrome,2914,mock_post_2914.png,🇲🇾LRT停运 注意了‼️ - 小红书 - Google Chrome,2026-02-24T08:34:00,"Little Red Potato 66A1
focus on
Rapid KL announced temporary service disruption between KLCC and Gombak with shuttle support at Kelana Jaya.
Passengers shared delay slip and crowding evidence during rush hour
Rapid KL staff guided queue and temporary shuttle arrangement
There are 18 comments in total
author
reply
Show 1 replies
Say something",Rapid KL announced temporary service disruption between KLCC and Gombak with shuttle support at Kelana Jaya Passengers shared delay slip and crowding evidence during rush hour Rapid KL staff guided queue and temporary shuttle arrangement There are 18 comments in total author reply Show 1 replies Say something,1,incident_service_disruption,synthetic_mock
lrt klcc - 小红书搜索 - Google Chrome,2915,mock_post_2915.png,lrt klcc - 小红书搜索 - Google Chrome,2026-02-24T08:35:00,"Rapid commuter diary
focus on
Normal operation resumed and train intervals are back to schedule at Putra Heights.
People shared regular commute and station photos
No emergency notice was posted
Malaysia transport update 2026-09-08
There are 16 comments in total
author
reply
Show 2 replies
Say something",Normal operation resumed and train intervals are back to schedule at Putra Heights People shared regular commute and station photos No emergency notice was posted Malaysia transport update 2026 09 08 There are 16 comments in total author reply Show 2 replies Say something,0,normal_operation,synthetic_mock
lrtkelanajaya故障 - 小红书搜索 - Google Chrome,2916,mock_post_2916.png,lrtkelanajaya故障 - 小红书搜索 - Google Chrome,2026-02-24T08:36:00,"Rapid commuter diary
focus on
Passengers were asked to get off at Pasar Seni due to train fault and wait for replacement at Putra Heights.
Passengers shared delay slip and crowding evidence during rush hour
Rapid KL staff guided queue and temporary shuttle arrangement
There are 8 comments in total
author
reply
Show 1 replies
Say something",Passengers were asked to get off at Pasar Seni due to train fault and wait for replacement at Putra Heights Passengers shared delay slip and crowding evidence during rush hour Rapid KL staff guided queue and temporary shuttle arrangement There are 8 comments in total author reply Show 1 replies Say something,1,incident_train_fault,synthetic_mock
mrt kajang - 小红书搜索 - Google Chrome,2917,mock_post_2917.png,mrt kajang - 小红书搜索 - Google Chrome,2026-02-24T08:37:00,"Xiaoxuan Talk Malaysia Official
focus on
No disruption observed and transfer between lines completed without waiting at Putra Heights.
People shared regular commute and station photos
No emergency notice was posted
Malaysia transport update 2024-01-22
There are 12 comments in total
author
reply
Show 3 replies
Say something",No disruption observed and transfer between lines completed without waiting at Putra Heights People shared regular commute and station photos No emergency notice was posted Malaysia transport update 2024 01 22 There are 12 comments in total author reply Show 3 replies Say something,0,normal_no_incident,synthetic_mock
lrtkelanajaya线 - 小红书搜索 - Google Chrome,2918,mock_post_2918.png,lrtkelanajaya线 - 小红书搜索 - Google Chrome,2026-02-24T08:38:00,"Xiaoxuan Talk Malaysia Official
focus on
Kelana Jaya line maintenance phase affected frequency and caused crowding at stations at Wangsa Maju.
Passengers shared delay slip and crowding evidence during rush hour
Rapid KL staff guided queue and temporary shuttle arrangement
There are 12 comments in total
author
reply
Show 3 replies
Say something",Kelana Jaya line maintenance phase affected frequency and caused crowding at stations at Wangsa Maju Passengers shared delay slip and crowding evidence during rush hour Rapid KL staff guided queue and temporary shuttle arrangement There are 12 comments in total author reply Show 3 replies Say something,1,incident_maintenance_impact,synthetic_mock
地铁 马来西亚 - 小红书搜索 - Google Chrome,2919,mock_post_2919.png,地铁 马来西亚 - 小红书搜索 - Google Chrome,2026-02-24T08:39:00,"Rapid commuter diary
focus on
Normal operation resumed and train intervals are back to schedule at Putra Heights.
People shared regular commute and station photos
No emergency notice was posted
Malaysia transport update 2026-05-25
There are 7 comments in total
author
reply
Show 2 replies
Say something",Normal operation resumed and train intervals are back to schedule at Putra Heights People shared regular commute and station photos No emergency notice was posted Malaysia transport update 2026 05 25 There are 7 comments in total author reply Show 2 replies Say something,0,normal_operation,synthetic_mock
lrt is bad again - Xiaohongshu search - Google Chrome,2920,mock_post_2920.png,lrt is bad again - Xiaohongshu search - Google Chrome,2026-02-24T08:40:00,"Rapid commuter diary
focus on
Kelana Jaya line maintenance phase affected frequency and caused crowding at stations at Gombak.
Passengers shared delay slip and crowding evidence during rush hour
Rapid KL staff guided queue and temporary shuttle arrangement
Malaysia transport update 2024-09-25
There are 16 comments in total
author
reply
Show 3 replies
Say something",Kelana Jaya line maintenance phase affected frequency and caused crowding at stations at Gombak Passengers shared delay slip and crowding evidence during rush hour Rapid KL staff guided queue and temporary shuttle arrangement Malaysia transport update 2024 09 25 There are 16 comments in total author reply Show 3 replies Say something,1,incident_maintenance_impact,synthetic_mock
lrt klcc - 小红书搜索 - Google Chrome,2921,mock_post_2921.png,lrt klcc - 小红书搜索 - Google Chrome,2026-02-24T08:41:00,"Little Red Potato 66A1
focus on
General city transport post not related to outage or malfunction at KLCC.
People shared regular commute and station photos
No emergency notice was posted
Malaysia transport update 2025-11-26
There are 2 comments in total
author
reply
Show 1 replies
Say something",General city transport post not related to outage or malfunction at KLCC People shared regular commute and station photos No emergency notice was posted Malaysia transport update 2025 11 26 There are 2 comments in total author reply Show 1 replies Say something,0,normal_general,synthetic_mock
mrt - 小红书搜索 - Google Chrome,2922,mock_post_2922.png,mrt - 小红书搜索 - Google Chrome,2026-02-24T08:42:00,"Rapid commuter diary
focus on
Kelana Jaya line maintenance phase affected frequency and caused crowding at stations at Universiti.
Passengers shared delay slip and crowding evidence during rush hour
Rapid KL staff guided queue and temporary shuttle arrangement
Malaysia transport update 2026-02-02
There are 8 comments in total
author
reply
Show 2 replies
Say something",Kelana Jaya line maintenance phase affected frequency and caused crowding at stations at Universiti Passengers shared delay slip and crowding evidence during rush hour Rapid KL staff guided queue and temporary shuttle arrangement Malaysia transport update 2026 02 02 There are 8 comments in total author reply Show 2 replies Say something,1,incident_maintenance_impact,synthetic_mock
mrtkajang问题 - 小红书搜索 - Google Chrome,2923,mock_post_2923.png,mrtkajang问题 - 小红书搜索 - Google Chrome,2026-02-24T08:43:00,"Ootashi store
focus on
Commuting to work was smooth and station crowd level was manageable today at Gombak.
People shared regular commute and station photos
No emergency notice was posted
There are 2 comments in total
author
reply
Show 2 replies
Say something",Commuting to work was smooth and station crowd level was manageable today at Gombak People shared regular commute and station photos No emergency notice was posted There are 2 comments in total author reply Show 2 replies Say something,0,normal_commute,synthetic_mock
lrtkelanajaya故障 - 小红书搜索 - Google Chrome,2924,mock_post_2924.png,lrtkelanajaya故障 - 小红书搜索 - Google Chrome,2026-02-24T08:44:00,"Rapid commuter diary
focus on
Commuters reported long queue and train delay after track maintenance at Universiti station at Putra Heights.
Passengers shared delay slip and crowding evidence during rush hour
Rapid KL staff guided queue and temporary shuttle arrangement
There are 13 comments in total
author
reply
Show 2 replies
Say something",Commuters reported long queue and train delay after track maintenance at Universiti station at Putra Heights Passengers shared delay slip and crowding evidence during rush hour Rapid KL staff guided queue and temporary shuttle arrangement There are 13 comments in total author reply Show 2 replies Say something,1,incident_delay,synthetic_mock
🇲🇾LRT KelanajayaLine通告，列车降速 - 小红书 - Google Chrome,2925,mock_post_2925.png,🇲🇾LRT KelanajayaLine通告，列车降速 - 小红书 - Google Chrome,2026-02-24T08:45:00,"Rapid commuter diary
focus on
Commuting to work was smooth and station crowd level was manageable today at Kelana Jaya.
People shared regular commute and station photos
No emergency notice was posted
Malaysia transport update 2024-02-11
There are 12 comments in total
author
reply
Show 3 replies
Say something",Commuting to work was smooth and station crowd level was manageable today at Kelana Jaya People shared regular commute and station photos No emergency notice was posted Malaysia transport update 2024 02 11 There are 12 comments in total author reply Show 3 replies Say something,0,normal_commute,synthetic_mock
🇲🇾LRT KelanajayaLine通告，列车降速 - 小红书 - Google Chrome,2926,mock_post_2926.png,🇲🇾LRT KelanajayaLine通告，列车降速 - 小红书 - Google Chrome,2026-02-24T08:46:00,"Ootashi store
focus on
Power trip caused brief outage and service resumed after technicians completed repair at Ampang Park.
Passengers shared delay slip and crowding evidence during rush hour
Rapid KL staff guided queue and temporary shuttle arrangement
Malaysia transport update 2025-03-06
There are 6 comments in total
author
reply
Show 1 replies
Say something",Power trip caused brief outage and service resumed after technicians completed repair at Ampang Park Passengers shared delay slip and crowding evidence during rush hour Rapid KL staff guided queue and temporary shuttle arrangement Malaysia transport update 2025 03 06 There are 6 comments in total author reply Show 1 replies Say something,1,incident_power_outage,synthetic_mock
lrt is bad again - Xiaohongshu search - Google Chrome,2927,mock_post_2927.png,lrt is bad again - Xiaohongshu search - Google Chrome,2026-02-24T08:47:00,"Ootashi store
focus on
Normal operation resumed and train intervals are back to schedule at Putra Heights.
People shared regular commute and station photos
No emergency notice was posted
Malaysia transport update 2026-11-22
There are 10 comments in total
author
reply
Show 2 replies
Say something",Normal operation resumed and train intervals are back to schedule at Putra Heights People shared regular commute and station photos No emergency notice was posted Malaysia transport update 2026 11 22 There are 10 comments in total author reply Show 2 replies Say something,0,normal_operation,synthetic_mock
mrt fault - 小红书搜索 - Google Chrome,2928,mock_post_2928.png,mrt fault - 小红书搜索 - Google Chrome,2026-02-24T08:48:00,"Leisurely kitten
focus on
Commuters reported long queue and train delay after track maintenance at Universiti station at Ampang Park.
Passengers shared delay slip and crowding evidence during rush hour
Rapid KL staff guided queue and temporary shuttle arrangement
Malaysia transport update 2025-05-18
There are 10 comments in total
author
reply
Show 3 replies
Say something",Commuters reported long queue and train delay after track maintenance at Universiti station at Ampang Park Passengers shared delay slip and crowding evidence during rush hour Rapid KL staff guided queue and temporary shuttle arrangement Malaysia transport update 2025 05 18 There are 10 comments in total author reply Show 3 replies Say something,1,incident_delay,synthetic_mock
lrt klcc - 小红书搜索 - Google Chrome,2929,mock_post_2929.png,lrt klcc - 小红书搜索 - Google Chrome,2026-02-24T08:49:00,"Ootashi store
focus on
Commuting to work was smooth and station crowd level was manageable today at KL Sentral.
People shared regular commute and station photos
No emergency notice was posted
There are 11 comments in total
author
reply
Show 1 replies
Say something",Commuting to work was smooth and station crowd level was manageable today at KL Sentral People shared regular commute and station photos No emergency notice was posted There are 11 comments in total author reply Show 1 replies Say something,0,normal_commute,synthetic_mock
mrt fault - 小红书搜索 - Google Chrome,2930,mock_post_2930.png,mrt fault - 小红书搜索 - Google Chrome,2026-02-24T08:50:00,"Ootashi store
focus on
Rapid KL announced temporary service disruption between KLCC and Gombak with shuttle support at Masjid Jamek.
Passengers shared delay slip and crowding evidence during rush hour
Rapid KL staff guided queue and temporary shuttle arrangement
Malaysia transport update 2025-02-05
There are 10 comments in total
author
reply
Show 2 replies
Say something",Rapid KL announced temporary service disruption between KLCC and Gombak with shuttle support at Masjid Jamek Passengers shared delay slip and crowding evidence during rush hour Rapid KL staff guided queue and temporary shuttle arrangement Malaysia transport update 2025 02 05 There are 10 comments in total author reply Show 2 replies Say something,1,incident_service_disruption,synthetic_mock
lrtkelanajaya线 - 小红书搜索 - Google Chrome,2931,mock_post_2931.png,lrtkelanajaya线 - 小红书搜索 - Google Chrome,2026-02-24T08:51:00,"Ootashi store
focus on
Service update says all lines are stable with no major delay this morning at KLCC.
People shared regular commute and station photos
No emergency notice was posted
There are 2 comments in total
author
reply
Show 1 replies
Say something",Service update says all lines are stable with no major delay this morning at KLCC People shared regular commute and station photos No emergency notice was posted There are 2 comments in total author reply Show 1 replies Say something,0,normal_update,synthetic_mock
🇲🇾LRT停运 注意了‼️ - 小红书 - Google Chrome,2932,mock_post_2932.png,🇲🇾LRT停运 注意了‼️ - 小红书 - Google Chrome,2026-02-24T08:52:00,"City transit watcher
focus on
Power trip caused brief outage and service resumed after technicians completed repair at Pasar Seni.
Passengers shared delay slip and crowding evidence during rush hour
Rapid KL staff guided queue and temporary shuttle arrangement
Malaysia transport update 2024-02-23
There are 16 comments in total
author
reply
Show 1 replies
Say something",Power trip caused brief outage and service resumed after technicians completed repair at Pasar Seni Passengers shared delay slip and crowding evidence during rush hour Rapid KL staff guided queue and temporary shuttle arrangement Malaysia transport update 2024 02 23 There are 16 comments in total author reply Show 1 replies Say something,1,incident_power_outage,synthetic_mock
lrtkelanajaya线 - 小红书搜索 - Google Chrome,2933,mock_post_2933.png,lrtkelanajaya线 - 小红书搜索 - Google Chrome,2026-02-24T08:53:00,"Rapid commuter diary
focus on
Service update says all lines are stable with no major delay this morning at Ampang Park.
People shared regular commute and station photos
No emergency notice was posted
Malaysia transport update 2025-09-21
There are 18 comments in total
author
reply
Show 3 replies
Say something",Service update says all lines are stable with no major delay this morning at Ampang Park People shared regular commute and station photos No emergency notice was posted Malaysia transport update 2025 09 21 There are 18 comments in total author reply Show 3 replies Say something,0,normal_update,synthetic_mock
lrtkelanajaya故障 - 小红书搜索 - Google Chrome,2934,mock_post_2934.png,lrtkelanajaya故障 - 小红书搜索 - Google Chrome,2026-02-24T08:54:00,"Little Red Potato 66A1
focus on
Passengers were asked to get off at Pasar Seni due to train fault and wait for replacement at Putra Heights.
Passengers shared delay slip and crowding evidence during rush hour
Rapid KL staff guided queue and temporary shuttle arrangement
Malaysia transport update 2026-06-18
There are 11 comments in total
author
reply
Show 1 replies
Say something",Passengers were asked to get off at Pasar Seni due to train fault and wait for replacement at Putra Heights Passengers shared delay slip and crowding evidence during rush hour Rapid KL staff guided queue and temporary shuttle arrangement Malaysia transport update 2026 06 18 There are 11 comments in total author reply Show 1 replies Say something,1,incident_train_fault,synthetic_mock
mrt fault - 小红书搜索 - Google Chrome,2935,mock_post_2935.png,mrt fault - 小红书搜索 - Google Chrome,2026-02-24T08:55:00,"Ootashi store
focus on
Routine travel post about route tips and fare sharing at Gombak.
People shared regular commute and station photos
No emergency notice was posted
There are 12 comments in total
author
reply
Show 1 replies
Say something",Routine travel post about route tips and fare sharing at Gombak People shared regular commute and station photos No emergency notice was posted There are 12 comments in total author reply Show 1 replies Say something,0,normal_travel_tip,synthetic_mock
mrt fault - 小红书搜索 - Google Chrome,2936,mock_post_2936.png,mrt fault - 小红书搜索 - Google Chrome,2026-02-24T08:56:00,"Xiaoxuan Talk Malaysia Official
focus on
LRT Kelana Jaya line had a signaling issue during peak hour and trains moved slowly at Wangsa Maju.
Passengers shared delay slip and crowding evidence during rush hour
Rapid KL staff guided queue and temporary shuttle arrangement
There are 11 comments in total
author
reply
Show 2 replies
Say something",LRT Kelana Jaya line had a signaling issue during peak hour and trains moved slowly at Wangsa Maju Passengers shared delay slip and crowding evidence during rush hour Rapid KL staff guided queue and temporary shuttle arrangement There are 11 comments in total author reply Show 2 replies Say something,1,incident_breakdown,synthetic_mock
mrt - 小红书搜索 - Google Chrome,2937,mock_post_2937.png,mrt - 小红书搜索 - Google Chrome,2026-02-24T08:57:00,"Rapid commuter diary
focus on
Routine travel post about route tips and fare sharing at KLCC.
People shared regular commute and station photos
No emergency notice was posted
Malaysia transport update 2025-01-17
There are 2 comments in total
author
reply
Show 2 replies
Say something",Routine travel post about route tips and fare sharing at KLCC People shared regular commute and station photos No emergency notice was posted Malaysia transport update 2025 01 17 There are 2 comments in total author reply Show 2 replies Say something,0,normal_travel_tip,synthetic_mock
🇲🇾LRT停运 注意了‼️ - 小红书 - Google Chrome,2938,mock_post_2938.png,🇲🇾LRT停运 注意了‼️ - 小红书 - Google Chrome,2026-02-24T08:58:00,"Leisurely kitten
focus on
Passengers were asked to get off at Pasar Seni due to train fault and wait for replacement at KLCC.
Passengers shared delay slip and crowding evidence during rush hour
Rapid KL staff guided queue and temporary shuttle arrangement
Malaysia transport update 2025-05-16
There are 8 comments in total
author
reply
Show 2 replies
Say something",Passengers were asked to get off at Pasar Seni due to train fault and wait for replacement at KLCC Passengers shared delay slip and crowding evidence during rush hour Rapid KL staff guided queue and temporary shuttle arrangement Malaysia transport update 2025 05 16 There are 8 comments in total author reply Show 2 replies Say something,1,incident_train_fault,synthetic_mock
mrtkajang问题 - 小红书搜索 - Google Chrome,2939,mock_post_2939.png,mrtkajang问题 - 小红书搜索 - Google Chrome,2026-02-24T08:59:00,"KL daily commuter
focus on
Service update says all lines are stable with no major delay this morning at Putra Heights.
People shared regular commute and station photos
No emergency notice was posted
Malaysia transport update 2025-09-24
There are 10 comments in total
author
reply
Show 1 replies
Say something",Service update says all lines are stable with no major delay this morning at Putra Heights People shared regular commute and station photos No emergency notice was posted Malaysia transport update 2025 09 24 There are 10 comments in total author reply Show 1 replies Say something,0,normal_update,synthetic_mock
🇲🇾LRT KelanajayaLine通告，列车降速 - 小红书 - Google Chrome,2940,mock_post_2940.png,🇲🇾LRT KelanajayaLine通告，列车降速 - 小红书 - Google Chrome,2026-02-24T09:00:00,"Little Red Potato 66A1
focus on
LRT Kelana Jaya line had a signaling issue during peak hour and trains moved slowly at Putra Heights.
Passengers shared delay slip and crowding evidence during rush hour
Rapid KL staff guided queue and temporary shuttle arrangement
Malaysia transport update 2026-08-07
There are 9 comments in total
author
reply
Show 2 replies
Say something",LRT Kelana Jaya line had a signaling issue during peak hour and trains moved slowly at Putra Heights Passengers shared delay slip and crowding evidence during rush hour Rapid KL staff guided queue and temporary shuttle arrangement Malaysia transport update 2026 08 07 There are 9 comments in total author reply Show 2 replies Say something,1,incident_breakdown,synthetic_mock
lrt klcc - 小红书搜索 - Google Chrome,2941,mock_post_2941.png,lrt klcc - 小红书搜索 - Google Chrome,2026-02-24T09:01:00,"Leisurely kitten
focus on
Service update says all lines are stable with no major delay this morning at Kelana Jaya.
People shared regular commute and station photos
No emergency notice was posted
Malaysia transport update 2026-09-01
There are 8 comments in total
author
reply
Show 1 replies
Say something",Service update says all lines are stable with no major delay this morning at Kelana Jaya People shared regular commute and station photos No emergency notice was posted Malaysia transport update 2026 09 01 There are 8 comments in total author reply Show 1 replies Say something,0,normal_update,synthetic_mock
地铁 马来西亚 - 小红书搜索 - Google Chrome,2942,mock_post_2942.png,地铁 马来西亚 - 小红书搜索 - Google Chrome,2026-02-24T09:02:00,"Rapid commuter diary
focus on
Passengers were asked to get off at Pasar Seni due to train fault and wait for replacement at Universiti.
Passengers shared delay slip and crowding evidence during rush hour
Rapid KL staff guided queue and temporary shuttle arrangement
Malaysia transport update 2024-12-07
There are 8 comments in total
author
reply
Show 3 replies
Say something",Passengers were asked to get off at Pasar Seni due to train fault and wait for replacement at Universiti Passengers shared delay slip and crowding evidence during rush hour Rapid KL staff guided queue and temporary shuttle arrangement Malaysia transport update 2024 12 07 There are 8 comments in total author reply Show 3 replies Say something,1,incident_train_fault,synthetic_mock
地铁 马来西亚 - 小红书搜索 - Google Chrome,2943,mock_post_2943.png,地铁 马来西亚 - 小红书搜索 - Google Chrome,2026-02-24T09:03:00,"Rapid commuter diary
focus on
Routine travel post about route tips and fare sharing at Pasar Seni.
People shared regular commute and station photos
No emergency notice was posted
There are 17 comments in total
author
reply
Show 2 replies
Say something",Routine travel post about route tips and fare sharing at Pasar Seni People shared regular commute and station photos No emergency notice was posted There are 17 comments in total author reply Show 2 replies Say something,0,normal_travel_tip,synthetic_mock
lrtkelanajaya故障 - 小红书搜索 - Google Chrome,2944,mock_post_2944.png,lrtkelanajaya故障 - 小红书搜索 - Google Chrome,2026-02-24T09:04:00,"KL daily commuter
focus on
Passengers were asked to get off at Pasar Seni due to train fault and wait for replacement at Pasar Seni.
Passengers shared delay slip and crowding evidence during rush hour
Rapid KL staff guided queue and temporary shuttle arrangement
There are 3 comments in total
author
reply
Show 2 replies
Say something",Passengers were asked to get off at Pasar Seni due to train fault and wait for replacement at Pasar Seni Passengers shared delay slip and crowding evidence during rush hour Rapid KL staff guided queue and temporary shuttle arrangement There are 3 comments in total author reply Show 2 replies Say something,1,incident_train_fault,synthetic_mock
🇲🇾LRT停运 注意了‼️ - 小红书 - Google Chrome,2945,mock_post_2945.png,🇲🇾LRT停运 注意了‼️ - 小红书 - Google Chrome,2026-02-24T09:05:00,"Rapid commuter diary
focus on
No disruption observed and transfer between lines completed without waiting at Masjid Jamek.
People shared regular commute and station photos
No emergency notice was posted
Malaysia transport update 2025-09-14
There are 6 comments in total
author
reply
Show 2 replies
Say something",No disruption observed and transfer between lines completed without waiting at Masjid Jamek People shared regular commute and station photos No emergency notice was posted Malaysia transport update 2025 09 14 There are 6 comments in total author reply Show 2 replies Say something,0,normal_no_incident,synthetic_mock
lrtkelanajaya线 - 小红书搜索 - Google Chrome,2946,mock_post_2946.png,lrtkelanajaya线 - 小红书搜索 - Google Chrome,2026-02-24T09:06:00,"Ootashi store
focus on
LRT Kelana Jaya line had a signaling issue during peak hour and trains moved slowly at Putra Heights.
Passengers shared delay slip and crowding evidence during rush hour
Rapid KL staff guided queue and temporary shuttle arrangement
Malaysia transport update 2026-05-14
There are 11 comments in total
author
reply
Show 3 replies
Say something",LRT Kelana Jaya line had a signaling issue during peak hour and trains moved slowly at Putra Heights Passengers shared delay slip and crowding evidence during rush hour Rapid KL staff guided queue and temporary shuttle arrangement Malaysia transport update 2026 05 14 There are 11 comments in total author reply Show 3 replies Say something,1,incident_breakdown,synthetic_mock
lrt klcc - 小红书搜索 - Google Chrome,2947,mock_post_2947.png,lrt klcc - 小红书搜索 - Google Chrome,2026-02-24T09:07:00,"Rapid commuter diary
focus on
Commuting to work was smooth and station crowd level was manageable today at Universiti.
People shared regular commute and station photos
No emergency notice was posted
There are 17 comments in total
author
reply
Show 1 replies
Say something",Commuting to work was smooth and station crowd level was manageable today at Universiti People shared regular commute and station photos No emergency notice was posted There are 17 comments in total author reply Show 1 replies Say something,0,normal_commute,synthetic_mock
mrt - 小红书搜索 - Google Chrome,2948,mock_post_2948.png,mrt - 小红书搜索 - Google Chrome,2026-02-24T09:08:00,"KL daily commuter
focus on
Passengers were asked to get off at Pasar Seni due to train fault and wait for replacement at KL Sentral.
Passengers shared delay slip and crowding evidence during rush hour
Rapid KL staff guided queue and temporary shuttle arrangement
Malaysia transport update 2025-11-16
There are 7 comments in total
author
reply
Show 2 replies
Say something",Passengers were asked to get off at Pasar Seni due to train fault and wait for replacement at KL Sentral Passengers shared delay slip and crowding evidence during rush hour Rapid KL staff guided queue and temporary shuttle arrangement Malaysia transport update 2025 11 16 There are 7 comments in total author reply Show 2 replies Say something,1,incident_train_fault,synthetic_mock
mrt kajang - 小红书搜索 - Google Chrome,2949,mock_post_2949.png,mrt kajang - 小红书搜索 - Google Chrome,2026-02-24T09:09:00,"Xiaoxuan Talk Malaysia Official
focus on
No disruption observed and transfer between lines completed without waiting at Ampang Park.
People shared regular commute and station photos
No emergency notice was posted
There are 15 comments in total
author
reply
Show 3 replies
Say something",No disruption observed and transfer between lines completed without waiting at Ampang Park People shared regular commute and station photos No emergency notice was posted There are 15 comments in total author reply Show 3 replies Say something,0,normal_no_incident,synthetic_mock
lrtkelanajaya故障 - 小红书搜索 - Google Chrome,2950,mock_post_2950.png,lrtkelanajaya故障 - 小红书搜索 - Google Chrome,2026-02-24T09:10:00,"KL daily commuter
focus on
Rapid KL announced temporary service disruption between KLCC and Gombak with shuttle support at KL Sentral.
Passengers shared delay slip and crowding evidence during rush hour
Rapid KL staff guided queue and temporary shuttle arrangement
Malaysia transport update 2024-05-08
There are 7 comments in total
author
reply
Show 2 replies
Say something",Rapid KL announced temporary service disruption between KLCC and Gombak with shuttle support at KL Sentral Passengers shared delay slip and crowding evidence during rush hour Rapid KL staff guided queue and temporary shuttle arrangement Malaysia transport update 2024 05 08 There are 7 comments in total author reply Show 2 replies Say something,1,incident_service_disruption,synthetic_mock
mrt fault - 小红书搜索 - Google Chrome,2951,mock_post_2951.png,mrt fault - 小红书搜索 - Google Chrome,2026-02-24T09:11:00,"Little Red Potato 66A1
focus on
Routine travel post about route tips and fare sharing at KL Sentral.
People shared regular commute and station photos
No emergency notice was posted
Malaysia transport update 2025-11-26
There are 14 comments in total
author
reply
Show 2 replies
Say something",Routine travel post about route tips and fare sharing at KL Sentral People shared regular commute and station photos No emergency notice was posted Malaysia transport update 2025 11 26 There are 14 comments in total author reply Show 2 replies Say something,0,normal_travel_tip,synthetic_mock
lrt is bad again - Xiaohongshu search - Google Chrome,2952,mock_post_2952.png,lrt is bad again - Xiaohongshu search - Google Chrome,2026-02-24T09:12:00,"Little Red Potato 66A1
focus on
LRT Kelana Jaya line had a signaling issue during peak hour and trains moved slowly at KL Sentral.
Passengers shared delay slip and crowding evidence during rush hour
Rapid KL staff guided queue and temporary shuttle arrangement
There are 1 comments in total
author
reply
Show 3 replies
Say something",LRT Kelana Jaya line had a signaling issue during peak hour and trains moved slowly at KL Sentral Passengers shared delay slip and crowding evidence during rush hour Rapid KL staff guided queue and temporary shuttle arrangement There are 1 comments in total author reply Show 3 replies Say something,1,incident_breakdown,synthetic_mock
lrtkelanajaya线 - 小红书搜索 - Google Chrome,2953,mock_post_2953.png,lrtkelanajaya线 - 小红书搜索 - Google Chrome,2026-02-24T09:13:00,"Little Red Potato 66A1
focus on
Normal operation resumed and train intervals are back to schedule at Kelana Jaya.
People shared regular commute and station photos
No emergency notice was posted
There are 11 comments in total
author
reply
Show 2 replies
Say something",Normal operation resumed and train intervals are back to schedule at Kelana Jaya People shared regular commute and station photos No emergency notice was posted There are 11 comments in total author reply Show 2 replies Say something,0,normal_operation,synthetic_mock
lrt klcc - 小红书搜索 - Google Chrome,2954,mock_post_2954.png,lrt klcc - 小红书搜索 - Google Chrome,2026-02-24T09:14:00,"Little Red Potato 66A1
focus on
Passengers were asked to get off at Pasar Seni due to train fault and wait for replacement at Kelana Jaya.
Passengers shared delay slip and crowding evidence during rush hour
Rapid KL staff guided queue and temporary shuttle arrangement
There are 11 comments in total
author
reply
Show 1 replies
Say something",Passengers were asked to get off at Pasar Seni due to train fault and wait for replacement at Kelana Jaya Passengers shared delay slip and crowding evidence during rush hour Rapid KL staff guided queue and temporary shuttle arrangement There are 11 comments in total author reply Show 1 replies Say something,1,incident_train_fault,synthetic_mock
mrt - 小红书搜索 - Google Chrome,2955,mock_post_2955.png,mrt - 小红书搜索 - Google Chrome,2026-02-24T09:15:00,"Little Red Potato 66A1
focus on
General city transport post not related to outage or malfunction at KLCC.
People shared regular commute and station photos
No emergency notice was posted
There are 17 comments in total
author
reply
Show 2 replies
Say something",General city transport post not related to outage or malfunction at KLCC People shared regular commute and station photos No emergency notice was posted There are 17 comments in total author reply Show 2 replies Say something,0,normal_general,synthetic_mock
mrt fault - 小红书搜索 - Google Chrome,2956,mock_post_2956.png,mrt fault - 小红书搜索 - Google Chrome,2026-02-24T09:16:00,"Rapid commuter diary
focus on
Rapid KL announced temporary service disruption between KLCC and Gombak with shuttle support at Gombak.
Passengers shared delay slip and crowding evidence during rush hour
Rapid KL staff guided queue and temporary shuttle arrangement
Malaysia transport update 2026-09-10
There are 15 comments in total
author
reply
Show 3 replies
Say something",Rapid KL announced temporary service disruption between KLCC and Gombak with shuttle support at Gombak Passengers shared delay slip and crowding evidence during rush hour Rapid KL staff guided queue and temporary shuttle arrangement Malaysia transport update 2026 09 10 There are 15 comments in total author reply Show 3 replies Say something,1,incident_service_disruption,synthetic_mock
mrt fault - 小红书搜索 - Google Chrome,2957,mock_post_2957.png,mrt fault - 小红书搜索 - Google Chrome,2026-02-24T09:17:00,"Little Red Potato 66A1
focus on
No disruption observed and transfer between lines completed without waiting at Pasar Seni.
People shared regular commute and station photos
No emergency notice was posted
There are 12 comments in total
author
reply
Show 2 replies
Say something",No disruption observed and transfer between lines completed without waiting at Pasar Seni People shared regular commute and station photos No emergency notice was posted There are 12 comments in total author reply Show 2 replies Say something,0,normal_no_incident,synthetic_mock
lrt klcc - 小红书搜索 - Google Chrome,2958,mock_post_2958.png,lrt klcc - 小红书搜索 - Google Chrome,2026-02-24T09:18:00,"Leisurely kitten
focus on
Kelana Jaya line maintenance phase affected frequency and caused crowding at stations at KL Sentral.
Passengers shared delay slip and crowding evidence during rush hour
Rapid KL staff guided queue and temporary shuttle arrangement
There are 5 comments in total
author
reply
Show 3 replies
Say something",Kelana Jaya line maintenance phase affected frequency and caused crowding at stations at KL Sentral Passengers shared delay slip and crowding evidence during rush hour Rapid KL staff guided queue and temporary shuttle arrangement There are 5 comments in total author reply Show 3 replies Say something,1,incident_maintenance_impact,synthetic_mock
地铁 马来西亚 - 小红书搜索 - Google Chrome,2959,mock_post_2959.png,地铁 马来西亚 - 小红书搜索 - Google Chrome,2026-02-24T09:19:00,"Ootashi store
focus on
Routine travel post about route tips and fare sharing at Kelana Jaya.
People shared regular commute and station photos
No emergency notice was posted
Malaysia transport update 2025-12-19
There are 15 comments in total
author
reply
Show 3 replies
Say something",Routine travel post about route tips and fare sharing at Kelana Jaya People shared regular commute and station photos No emergency notice was posted Malaysia transport update 2025 12 19 There are 15 comments in total author reply Show 3 replies Say something,0,normal_travel_tip,synthetic_mock
mrtkajang问题 - 小红书搜索 - Google Chrome,2960,mock_post_2960.png,mrtkajang问题 - 小红书搜索 - Google Chrome,2026-02-24T09:20:00,"KL daily commuter
focus on
Passengers were asked to get off at Pasar Seni due to train fault and wait for replacement at KLCC.
Passengers shared delay slip and crowding evidence during rush hour
Rapid KL staff guided queue and temporary shuttle arrangement
Malaysia transport update 2026-09-07
There are 15 comments in total
author
reply
Show 1 replies
Say something",Passengers were asked to get off at Pasar Seni due to train fault and wait for replacement at KLCC Passengers shared delay slip and crowding evidence during rush hour Rapid KL staff guided queue and temporary shuttle arrangement Malaysia transport update 2026 09 07 There are 15 comments in total author reply Show 1 replies Say something,1,incident_train_fault,synthetic_mock
mrt fault - 小红书搜索 - Google Chrome,2961,mock_post_2961.png,mrt fault - 小红书搜索 - Google Chrome,2026-02-24T09:21:00,"KL daily commuter
focus on
Normal operation resumed and train intervals are back to schedule at Putra Heights.
People shared regular commute and station photos
No emergency notice was posted
There are 10 comments in total
author
reply
Show 2 replies
Say something",Normal operation resumed and train intervals are back to schedule at Putra Heights People shared regular commute and station photos No emergency notice was posted There are 10 comments in total author reply Show 2 replies Say something,0,normal_operation,synthetic_mock
lrtkelanajaya故障 - 小红书搜索 - Google Chrome,2962,mock_post_2962.png,lrtkelanajaya故障 - 小红书搜索 - Google Chrome,2026-02-24T09:22:00,"KL daily commuter
focus on
LRT Kelana Jaya line had a signaling issue during peak hour and trains moved slowly at Gombak.
Passengers shared delay slip and crowding evidence during rush hour
Rapid KL staff guided queue and temporary shuttle arrangement
There are 14 comments in total
author
reply
Show 2 replies
Say something",LRT Kelana Jaya line had a signaling issue during peak hour and trains moved slowly at Gombak Passengers shared delay slip and crowding evidence during rush hour Rapid KL staff guided queue and temporary shuttle arrangement There are 14 comments in total author reply Show 2 replies Say something,1,incident_breakdown,synthetic_mock
地铁 马来西亚 - 小红书搜索 - Google Chrome,2963,mock_post_2963.png,地铁 马来西亚 - 小红书搜索 - Google Chrome,2026-02-24T09:23:00,"Little Red Potato 66A1
focus on
Routine travel post about route tips and fare sharing at Wangsa Maju.
People shared regular commute and station photos
No emergency notice was posted
Malaysia transport update 2024-12-07
There are 1 comments in total
author
reply
Show 1 replies
Say something",Routine travel post about route tips and fare sharing at Wangsa Maju People shared regular commute and station photos No emergency notice was posted Malaysia transport update 2024 12 07 There are 1 comments in total author reply Show 1 replies Say something,0,normal_travel_tip,synthetic_mock
lrtkelanajaya线 - 小红书搜索 - Google Chrome,2964,mock_post_2964.png,lrtkelanajaya线 - 小红书搜索 - Google Chrome,2026-02-24T09:24:00,"KL daily commuter
focus on
Passengers were asked to get off at Pasar Seni due to train fault and wait for replacement at Putra Heights.
Passengers shared delay slip and crowding evidence during rush hour
Rapid KL staff guided queue and temporary shuttle arrangement
Malaysia transport update 2026-02-25
There are 3 comments in total
author
reply
Show 3 replies
Say something",Passengers were asked to get off at Pasar Seni due to train fault and wait for replacement at Putra Heights Passengers shared delay slip and crowding evidence during rush hour Rapid KL staff guided queue and temporary shuttle arrangement Malaysia transport update 2026 02 25 There are 3 comments in total author reply Show 3 replies Say something,1,incident_train_fault,synthetic_mock
🇲🇾LRT KelanajayaLine通告，列车降速 - 小红书 - Google Chrome,2965,mock_post_2965.png,🇲🇾LRT KelanajayaLine通告，列车降速 - 小红书 - Google Chrome,2026-02-24T09:25:00,"KL daily commuter
focus on
Routine travel post about route tips and fare sharing at Ampang Park.
People shared regular commute and station photos
No emergency notice was posted
Malaysia transport update 2025-06-19
There are 1 comments in total
author
reply
Show 1 replies
Say something",Routine travel post about route tips and fare sharing at Ampang Park People shared regular commute and station photos No emergency notice was posted Malaysia transport update 2025 06 19 There are 1 comments in total author reply Show 1 replies Say something,0,normal_travel_tip,synthetic_mock
mrtkajang问题 - 小红书搜索 - Google Chrome,2966,mock_post_2966.png,mrtkajang问题 - 小红书搜索 - Google Chrome,2026-02-24T09:26:00,"City transit watcher
focus on
Kelana Jaya line maintenance phase affected frequency and caused crowding at stations at KL Sentral.
Passengers shared delay slip and crowding evidence during rush hour
Rapid KL staff guided queue and temporary shuttle arrangement
There are 4 comments in total
author
reply
Show 2 replies
Say something",Kelana Jaya line maintenance phase affected frequency and caused crowding at stations at KL Sentral Passengers shared delay slip and crowding evidence during rush hour Rapid KL staff guided queue and temporary shuttle arrangement There are 4 comments in total author reply Show 2 replies Say something,1,incident_maintenance_impact,synthetic_mock
mrt fault - 小红书搜索 - Google Chrome,2967,mock_post_2967.png,mrt fault - 小红书搜索 - Google Chrome,2026-02-24T09:27:00,"Leisurely kitten
focus on
Routine travel post about route tips and fare sharing at Kelana Jaya.
People shared regular commute and station photos
No emergency notice was posted
Malaysia transport update 2026-07-14
There are 7 comments in total
author
reply
Show 1 replies
Say something",Routine travel post about route tips and fare sharing at Kelana Jaya People shared regular commute and station photos No emergency notice was posted Malaysia transport update 2026 07 14 There are 7 comments in total author reply Show 1 replies Say something,0,normal_travel_tip,synthetic_mock
mrt fault - 小红书搜索 - Google Chrome,2968,mock_post_2968.png,mrt fault - 小红书搜索 - Google Chrome,2026-02-24T09:28:00,"City transit watcher
focus on
LRT Kelana Jaya line had a signaling issue during peak hour and trains moved slowly at Putra Heights.
Passengers shared delay slip and crowding evidence during rush hour
Rapid KL staff guided queue and temporary shuttle arrangement
Malaysia transport update 2024-12-15
There are 1 comments in total
author
reply
Show 3 replies
Say something",LRT Kelana Jaya line had a signaling issue during peak hour and trains moved slowly at Putra Heights Passengers shared delay slip and crowding evidence during rush hour Rapid KL staff guided queue and temporary shuttle arrangement Malaysia transport update 2024 12 15 There are 1 comments in total author reply Show 3 replies Say something,1,incident_breakdown,synthetic_mock
lrtkelanajaya线 - 小红书搜索 - Google Chrome,2969,mock_post_2969.png,lrtkelanajaya线 - 小红书搜索 - Google Chrome,2026-02-24T09:29:00,"City transit watcher
focus on
Service update says all lines are stable with no major delay this morning at Pasar Seni.
People shared regular commute and station photos
No emergency notice was posted
Malaysia transport update 2026-12-04
There are 4 comments in total
author
reply
Show 3 replies
Say something",Service update says all lines are stable with no major delay this morning at Pasar Seni People shared regular commute and station photos No emergency notice was posted Malaysia transport update 2026 12 04 There are 4 comments in total author reply Show 3 replies Say something,0,normal_update,synthetic_mock
lrtkelanajaya故障 - 小红书搜索 - Google Chrome,2970,mock_post_2970.png,lrtkelanajaya故障 - 小红书搜索 - Google Chrome,2026-02-24T09:30:00,"Xiaoxuan Talk Malaysia Official
focus on
Passengers were asked to get off at Pasar Seni due to train fault and wait for replacement at KLCC.
Passengers shared delay slip and crowding evidence during rush hour
Rapid KL staff guided queue and temporary shuttle arrangement
Malaysia transport update 2026-03-28
There are 16 comments in total
author
reply
Show 2 replies
Say something",Passengers were asked to get off at Pasar Seni due to train fault and wait for replacement at KLCC Passengers shared delay slip and crowding evidence during rush hour Rapid KL staff guided queue and temporary shuttle arrangement Malaysia transport update 2026 03 28 There are 16 comments in total author reply Show 2 replies Say something,1,incident_train_fault,synthetic_mock
地铁 马来西亚 - 小红书搜索 - Google Chrome,2971,mock_post_2971.png,地铁 马来西亚 - 小红书搜索 - Google Chrome,2026-02-24T09:31:00,"Leisurely kitten
focus on
General city transport post not related to outage or malfunction at Putra Heights.
People shared regular commute and station photos
No emergency notice was posted
Malaysia transport update 2026-07-02
There are 2 comments in total
author
reply
Show 3 replies
Say something",General city transport post not related to outage or malfunction at Putra Heights People shared regular commute and station photos No emergency notice was posted Malaysia transport update 2026 07 02 There are 2 comments in total author reply Show 3 replies Say something,0,normal_general,synthetic_mock
mrt fault - 小红书搜索 - Google Chrome,2972,mock_post_2972.png,mrt fault - 小红书搜索 - Google Chrome,2026-02-24T09:32:00,"KL daily commuter
focus on
Commuters reported long queue and train delay after track maintenance at Universiti station at Masjid Jamek.
Passengers shared delay slip and crowding evidence during rush hour
Rapid KL staff guided queue and temporary shuttle arrangement
Malaysia transport update 2026-12-04
There are 2 comments in total
author
reply
Show 2 replies
Say something",Commuters reported long queue and train delay after track maintenance at Universiti station at Masjid Jamek Passengers shared delay slip and crowding evidence during rush hour Rapid KL staff guided queue and temporary shuttle arrangement Malaysia transport update 2026 12 04 There are 2 comments in total author reply Show 2 replies Say something,1,incident_delay,synthetic_mock
地铁 马来西亚 - 小红书搜索 - Google Chrome,2973,mock_post_2973.png,地铁 马来西亚 - 小红书搜索 - Google Chrome,2026-02-24T09:33:00,"Leisurely kitten
focus on
Normal operation resumed and train intervals are back to schedule at Pasar Seni.
People shared regular commute and station photos
No emergency notice was posted
Malaysia transport update 2025-04-13
There are 3 comments in total
author
reply
Show 2 replies
Say something",Normal operation resumed and train intervals are back to schedule at Pasar Seni People shared regular commute and station photos No emergency notice was posted Malaysia transport update 2025 04 13 There are 3 comments in total author reply Show 2 replies Say something,0,normal_operation,synthetic_mock
lrt klcc - 小红书搜索 - Google Chrome,2974,mock_post_2974.png,lrt klcc - 小红书搜索 - Google Chrome,2026-02-24T09:34:00,"Rapid commuter diary
focus on
Power trip caused brief outage and service resumed after technicians completed repair at Universiti.
Passengers shared delay slip and crowding evidence during rush hour
Rapid KL staff guided queue and temporary shuttle arrangement
There are 5 comments in total
author
reply
Show 2 replies
Say something",Power trip caused brief outage and service resumed after technicians completed repair at Universiti Passengers shared delay slip and crowding evidence during rush hour Rapid KL staff guided queue and temporary shuttle arrangement There are 5 comments in total author reply Show 2 replies Say something,1,incident_power_outage,synthetic_mock
lrtkelanajaya线 - 小红书搜索 - Google Chrome,2975,mock_post_2975.png,lrtkelanajaya线 - 小红书搜索 - Google Chrome,2026-02-24T09:35:00,"Little Red Potato 66A1
focus on
Service update says all lines are stable with no major delay this morning at Putra Heights.
People shared regular commute and station photos
No emergency notice was posted
There are 13 comments in total
author
reply
Show 3 replies
Say something",Service update says all lines are stable with no major delay this morning at Putra Heights People shared regular commute and station photos No emergency notice was posted There are 13 comments in total author reply Show 3 replies Say something,0,normal_update,synthetic_mock
lrt is bad again - Xiaohongshu search - Google Chrome,2976,mock_post_2976.png,lrt is bad again - Xiaohongshu search - Google Chrome,2026-02-24T09:36:00,"Ootashi store
focus on
Rapid KL announced temporary service disruption between KLCC and Gombak with shuttle support at Putra Heights.
Passengers shared delay slip and crowding evidence during rush hour
Rapid KL staff guided queue and temporary shuttle arrangement
There are 2 comments in total
author
reply
Show 3 replies
Say something",Rapid KL announced temporary service disruption between KLCC and Gombak with shuttle support at Putra Heights Passengers shared delay slip and crowding evidence during rush hour Rapid KL staff guided queue and temporary shuttle arrangement There are 2 comments in total author reply Show 3 replies Say something,1,incident_service_disruption,synthetic_mock
🇲🇾LRT停运 注意了‼️ - 小红书 - Google Chrome,2977,mock_post_2977.png,🇲🇾LRT停运 注意了‼️ - 小红书 - Google Chrome,2026-02-24T09:37:00,"Little Red Potato 66A1
focus on
General city transport post not related to outage or malfunction at Putra Heights.
People shared regular commute and station photos
No emergency notice was posted
Malaysia transport update 2025-02-12
There are 10 comments in total
author
reply
Show 2 replies
Say something",General city transport post not related to outage or malfunction at Putra Heights People shared regular commute and station photos No emergency notice was posted Malaysia transport update 2025 02 12 There are 10 comments in total author reply Show 2 replies Say something,0,normal_general,synthetic_mock
lrtkelanajaya故障 - 小红书搜索 - Google Chrome,2978,mock_post_2978.png,lrtkelanajaya故障 - 小红书搜索 - Google Chrome,2026-02-24T09:38:00,"City transit watcher
focus on
Rapid KL announced temporary service disruption between KLCC and Gombak with shuttle support at KLCC.
Passengers shared delay slip and crowding evidence during rush hour
Rapid KL staff guided queue and temporary shuttle arrangement
Malaysia transport update 2025-07-08
There are 16 comments in total
author
reply
Show 3 replies
Say something",Rapid KL announced temporary service disruption between KLCC and Gombak with shuttle support at KLCC Passengers shared delay slip and crowding evidence during rush hour Rapid KL staff guided queue and temporary shuttle arrangement Malaysia transport update 2025 07 08 There are 16 comments in total author reply Show 3 replies Say something,1,incident_service_disruption,synthetic_mock
mrt - 小红书搜索 - Google Chrome,2979,mock_post_2979.png,mrt - 小红书搜索 - Google Chrome,2026-02-24T09:39:00,"KL daily commuter
focus on
Commuting to work was smooth and station crowd level was manageable today at Putra Heights.
People shared regular commute and station photos
No emergency notice was posted
There are 4 comments in total
author
reply
Show 2 replies
Say something",Commuting to work was smooth and station crowd level was manageable today at Putra Heights People shared regular commute and station photos No emergency notice was posted There are 4 comments in total author reply Show 2 replies Say something,0,normal_commute,synthetic_mock
lrtkelanajaya线 - 小红书搜索 - Google Chrome,2980,mock_post_2980.png,lrtkelanajaya线 - 小红书搜索 - Google Chrome,2026-02-24T09:40:00,"City transit watcher
focus on
Rapid KL announced temporary service disruption between KLCC and Gombak with shuttle support at Wangsa Maju.
Passengers shared delay slip and crowding evidence during rush hour
Rapid KL staff guided queue and temporary shuttle arrangement
There are 5 comments in total
author
reply
Show 3 replies
Say something",Rapid KL announced temporary service disruption between KLCC and Gombak with shuttle support at Wangsa Maju Passengers shared delay slip and crowding evidence during rush hour Rapid KL staff guided queue and temporary shuttle arrangement There are 5 comments in total author reply Show 3 replies Say something,1,incident_service_disruption,synthetic_mock
mrt kajang - 小红书搜索 - Google Chrome,2981,mock_post_2981.png,mrt kajang - 小红书搜索 - Google Chrome,2026-02-24T09:41:00,"Ootashi store
focus on
No disruption observed and transfer between lines completed without waiting at Ampang Park.
People shared regular commute and station photos
No emergency notice was posted
Malaysia transport update 2024-09-20
There are 14 comments in total
author
reply
Show 3 replies
Say something",No disruption observed and transfer between lines completed without waiting at Ampang Park People shared regular commute and station photos No emergency notice was posted Malaysia transport update 2024 09 20 There are 14 comments in total author reply Show 3 replies Say something,0,normal_no_incident,synthetic_mock
地铁 马来西亚 - 小红书搜索 - Google Chrome,2982,mock_post_2982.png,地铁 马来西亚 - 小红书搜索 - Google Chrome,2026-02-24T09:42:00,"Leisurely kitten
focus on
Power trip caused brief outage and service resumed after technicians completed repair at Kelana Jaya.
Passengers shared delay slip and crowding evidence during rush hour
Rapid KL staff guided queue and temporary shuttle arrangement
There are 10 comments in total
author
reply
Show 1 replies
Say something",Power trip caused brief outage and service resumed after technicians completed repair at Kelana Jaya Passengers shared delay slip and crowding evidence during rush hour Rapid KL staff guided queue and temporary shuttle arrangement There are 10 comments in total author reply Show 1 replies Say something,1,incident_power_outage,synthetic_mock
lrt is bad again - Xiaohongshu search - Google Chrome,2983,mock_post_2983.png,lrt is bad again - Xiaohongshu search - Google Chrome,2026-02-24T09:43:00,"KL daily commuter
focus on
Normal operation resumed and train intervals are back to schedule at Wangsa Maju.
People shared regular commute and station photos
No emergency notice was posted
Malaysia transport update 2024-12-22
There are 14 comments in total
author
reply
Show 1 replies
Say something",Normal operation resumed and train intervals are back to schedule at Wangsa Maju People shared regular commute and station photos No emergency notice was posted Malaysia transport update 2024 12 22 There are 14 comments in total author reply Show 1 replies Say something,0,normal_operation,synthetic_mock
🇲🇾LRT停运 注意了‼️ - 小红书 - Google Chrome,2984,mock_post_2984.png,🇲🇾LRT停运 注意了‼️ - 小红书 - Google Chrome,2026-02-24T09:44:00,"City transit watcher
focus on
LRT Kelana Jaya line had a signaling issue during peak hour and trains moved slowly at KL Sentral.
Passengers shared delay slip and crowding evidence during rush hour
Rapid KL staff guided queue and temporary shuttle arrangement
Malaysia transport update 2025-11-07
There are 11 comments in total
author
reply
Show 3 replies
Say something",LRT Kelana Jaya line had a signaling issue during peak hour and trains moved slowly at KL Sentral Passengers shared delay slip and crowding evidence during rush hour Rapid KL staff guided queue and temporary shuttle arrangement Malaysia transport update 2025 11 07 There are 11 comments in total author reply Show 3 replies Say something,1,incident_breakdown,synthetic_mock
地铁 马来西亚 - 小红书搜索 - Google Chrome,2985,mock_post_2985.png,地铁 马来西亚 - 小红书搜索 - Google Chrome,2026-02-24T09:45:00,"KL daily commuter
focus on
Commuting to work was smooth and station crowd level was manageable today at Wangsa Maju.
People shared regular commute and station photos
No emergency notice was posted
Malaysia transport update 2025-02-02
There are 7 comments in total
author
reply
Show 3 replies
Say something",Commuting to work was smooth and station crowd level was manageable today at Wangsa Maju People shared regular commute and station photos No emergency notice was posted Malaysia transport update 2025 02 02 There are 7 comments in total author reply Show 3 replies Say something,0,normal_commute,synthetic_mock
mrt kajang - 小红书搜索 - Google Chrome,2986,mock_post_2986.png,mrt kajang - 小红书搜索 - Google Chrome,2026-02-24T09:46:00,"Ootashi store
focus on
Passengers were asked to get off at Pasar Seni due to train fault and wait for replacement at Kelana Jaya.
Passengers shared delay slip and crowding evidence during rush hour
Rapid KL staff guided queue and temporary shuttle arrangement
Malaysia transport update 2024-01-09
There are 5 comments in total
author
reply
Show 2 replies
Say something",Passengers were asked to get off at Pasar Seni due to train fault and wait for replacement at Kelana Jaya Passengers shared delay slip and crowding evidence during rush hour Rapid KL staff guided queue and temporary shuttle arrangement Malaysia transport update 2024 01 09 There are 5 comments in total author reply Show 2 replies Say something,1,incident_train_fault,synthetic_mock
mrt - 小红书搜索 - Google Chrome,2987,mock_post_2987.png,mrt - 小红书搜索 - Google Chrome,2026-02-24T09:47:00,"Ootashi store
focus on
Service update says all lines are stable with no major delay this morning at Wangsa Maju.
People shared regular commute and station photos
No emergency notice was posted
There are 17 comments in total
author
reply
Show 1 replies
Say something",Service update says all lines are stable with no major delay this morning at Wangsa Maju People shared regular commute and station photos No emergency notice was posted There are 17 comments in total author reply Show 1 replies Say something,0,normal_update,synthetic_mock
mrt fault - 小红书搜索 - Google Chrome,2988,mock_post_2988.png,mrt fault - 小红书搜索 - Google Chrome,2026-02-24T09:48:00,"City transit watcher
focus on
Kelana Jaya line maintenance phase affected frequency and caused crowding at stations at Gombak.
Passengers shared delay slip and crowding evidence during rush hour
Rapid KL staff guided queue and temporary shuttle arrangement
Malaysia transport update 2024-09-25
There are 8 comments in total
author
reply
Show 3 replies
Say something",Kelana Jaya line maintenance phase affected frequency and caused crowding at stations at Gombak Passengers shared delay slip and crowding evidence during rush hour Rapid KL staff guided queue and temporary shuttle arrangement Malaysia transport update 2024 09 25 There are 8 comments in total author reply Show 3 replies Say something,1,incident_maintenance_impact,synthetic_mock
🇲🇾LRT停运 注意了‼️ - 小红书 - Google Chrome,2989,mock_post_2989.png,🇲🇾LRT停运 注意了‼️ - 小红书 - Google Chrome,2026-02-24T09:49:00,"Little Red Potato 66A1
focus on
Service update says all lines are stable with no major delay this morning at Kelana Jaya.
People shared regular commute and station photos
No emergency notice was posted
Malaysia transport update 2024-07-16
There are 13 comments in total
author
reply
Show 2 replies
Say something",Service update says all lines are stable with no major delay this morning at Kelana Jaya People shared regular commute and station photos No emergency notice was posted Malaysia transport update 2024 07 16 There are 13 comments in total author reply Show 2 replies Say something,0,normal_update,synthetic_mock
地铁 马来西亚 - 小红书搜索 - Google Chrome,2990,mock_post_2990.png,地铁 马来西亚 - 小红书搜索 - Google Chrome,2026-02-24T09:50:00,"Little Red Potato 66A1
focus on
Passengers were asked to get off at Pasar Seni due to train fault and wait for replacement at Kelana Jaya.
Passengers shared delay slip and crowding evidence during rush hour
Rapid KL staff guided queue and temporary shuttle arrangement
Malaysia transport update 2026-09-25
There are 9 comments in total
author
reply
Show 3 replies
Say something",Passengers were asked to get off at Pasar Seni due to train fault and wait for replacement at Kelana Jaya Passengers shared delay slip and crowding evidence during rush hour Rapid KL staff guided queue and temporary shuttle arrangement Malaysia transport update 2026 09 25 There are 9 comments in total author reply Show 3 replies Say something,1,incident_train_fault,synthetic_mock
地铁 马来西亚 - 小红书搜索 - Google Chrome,2991,mock_post_2991.png,地铁 马来西亚 - 小红书搜索 - Google Chrome,2026-02-24T09:51:00,"KL daily commuter
focus on
No disruption observed and transfer between lines completed without waiting at Gombak.
People shared regular commute and station photos
No emergency notice was posted
Malaysia transport update 2025-02-28
There are 8 comments in total
author
reply
Show 2 replies
Say something",No disruption observed and transfer between lines completed without waiting at Gombak People shared regular commute and station photos No emergency notice was posted Malaysia transport update 2025 02 28 There are 8 comments in total author reply Show 2 replies Say something,0,normal_no_incident,synthetic_mock
mrt - 小红书搜索 - Google Chrome,2992,mock_post_2992.png,mrt - 小红书搜索 - Google Chrome,2026-02-24T09:52:00,"Ootashi store
focus on
Kelana Jaya line maintenance phase affected frequency and caused crowding at stations at Ampang Park.
Passengers shared delay slip and crowding evidence during rush hour
Rapid KL staff guided queue and temporary shuttle arrangement
There are 4 comments in total
author
reply
Show 2 replies
Say something",Kelana Jaya line maintenance phase affected frequency and caused crowding at stations at Ampang Park Passengers shared delay slip and crowding evidence during rush hour Rapid KL staff guided queue and temporary shuttle arrangement There are 4 comments in total author reply Show 2 replies Say something,1,incident_maintenance_impact,synthetic_mock
lrt klcc - 小红书搜索 - Google Chrome,2993,mock_post_2993.png,lrt klcc - 小红书搜索 - Google Chrome,2026-02-24T09:53:00,"City transit watcher
focus on
Service update says all lines are stable with no major delay this morning at Kelana Jaya.
People shared regular commute and station photos
No emergency notice was posted
There are 18 comments in total
author
reply
Show 3 replies
Say something",Service update says all lines are stable with no major delay this morning at Kelana Jaya People shared regular commute and station photos No emergency notice was posted There are 18 comments in total author reply Show 3 replies Say something,0,normal_update,synthetic_mock
lrt is bad again - Xiaohongshu search - Google Chrome,2994,mock_post_2994.png,lrt is bad again - Xiaohongshu search - Google Chrome,2026-02-24T09:54:00,"KL daily commuter
focus on
LRT Kelana Jaya line had a signaling issue during peak hour and trains moved slowly at Wangsa Maju.
Passengers shared delay slip and crowding evidence during rush hour
Rapid KL staff guided queue and temporary shuttle arrangement
There are 9 comments in total
author
reply
Show 3 replies
Say something",LRT Kelana Jaya line had a signaling issue during peak hour and trains moved slowly at Wangsa Maju Passengers shared delay slip and crowding evidence during rush hour Rapid KL staff guided queue and temporary shuttle arrangement There are 9 comments in total author reply Show 3 replies Say something,1,incident_breakdown,synthetic_mock
地铁 马来西亚 - 小红书搜索 - Google Chrome,2995,mock_post_2995.png,地铁 马来西亚 - 小红书搜索 - Google Chrome,2026-02-24T09:55:00,"Ootashi store
focus on
Service update says all lines are stable with no major delay this morning at Gombak.
People shared regular commute and station photos
No emergency notice was posted
There are 17 comments in total
author
reply
Show 1 replies
Say something",Service update says all lines are stable with no major delay this morning at Gombak People shared regular commute and station photos No emergency notice was posted There are 17 comments in total author reply Show 1 replies Say something,0,normal_update,synthetic_mock
lrtkelanajaya线 - 小红书搜索 - Google Chrome,2996,mock_post_2996.png,lrtkelanajaya线 - 小红书搜索 - Google Chrome,2026-02-24T09:56:00,"Little Red Potato 66A1
focus on
Power trip caused brief outage and service resumed after technicians completed repair at Universiti.
Passengers shared delay slip and crowding evidence during rush hour
Rapid KL staff guided queue and temporary shuttle arrangement
Malaysia transport update 2026-12-12
There are 17 comments in total
author
reply
Show 1 replies
Say something",Power trip caused brief outage and service resumed after technicians completed repair at Universiti Passengers shared delay slip and crowding evidence during rush hour Rapid KL staff guided queue and temporary shuttle arrangement Malaysia transport update 2026 12 12 There are 17 comments in total author reply Show 1 replies Say something,1,incident_power_outage,synthetic_mock
mrt - 小红书搜索 - Google Chrome,2997,mock_post_2997.png,mrt - 小红书搜索 - Google Chrome,2026-02-24T09:57:00,"Leisurely kitten
focus on
Service update says all lines are stable with no major delay this morning at Wangsa Maju.
People shared regular commute and station photos
No emergency notice was posted
There are 15 comments in total
author
reply
Show 1 replies
Say something",Service update says all lines are stable with no major delay this morning at Wangsa Maju People shared regular commute and station photos No emergency notice was posted There are 15 comments in total author reply Show 1 replies Say something,0,normal_update,synthetic_mock
地铁 马来西亚 - 小红书搜索 - Google Chrome,2998,mock_post_2998.png,地铁 马来西亚 - 小红书搜索 - Google Chrome,2026-02-24T09:58:00,"City transit watcher
focus on
LRT Kelana Jaya line had a signaling issue during peak hour and trains moved slowly at Universiti.
Passengers shared delay slip and crowding evidence during rush hour
Rapid KL staff guided queue and temporary shuttle arrangement
Malaysia transport update 2024-10-04
There are 12 comments in total
author
reply
Show 1 replies
Say something",LRT Kelana Jaya line had a signaling issue during peak hour and trains moved slowly at Universiti Passengers shared delay slip and crowding evidence during rush hour Rapid KL staff guided queue and temporary shuttle arrangement Malaysia transport update 2024 10 04 There are 12 comments in total author reply Show 1 replies Say something,1,incident_breakdown,synthetic_mock
lrtkelanajaya故障 - 小红书搜索 - Google Chrome,2999,mock_post_2999.png,lrtkelanajaya故障 - 小红书搜索 - Google Chrome,2026-02-24T09:59:00,"Xiaoxuan Talk Malaysia Official
focus on
General city transport post not related to outage or malfunction at Wangsa Maju.
People shared regular commute and station photos
No emergency notice was posted
Malaysia transport update 2024-07-05
There are 12 comments in total
author
reply
Show 2 replies
Say something",General city transport post not related to outage or malfunction at Wangsa Maju People shared regular commute and station photos No emergency notice was posted Malaysia transport update 2024 07 05 There are 12 comments in total author reply Show 2 replies Say something,0,normal_general,synthetic_mock
lrt klcc - 小红书搜索 - Google Chrome,3000,mock_post_3000.png,lrt klcc - 小红书搜索 - Google Chrome,2026-02-24T10:00:00,"Xiaoxuan Talk Malaysia Official
focus on
LRT Kelana Jaya line had a signaling issue during peak hour and trains moved slowly at Gombak.
Passengers shared delay slip and crowding evidence during rush hour
Rapid KL staff guided queue and temporary shuttle arrangement
There are 6 comments in total
author
reply
Show 1 replies
Say something",LRT Kelana Jaya line had a signaling issue during peak hour and trains moved slowly at Gombak Passengers shared delay slip and crowding evidence during rush hour Rapid KL staff guided queue and temporary shuttle arrangement There are 6 comments in total author reply Show 1 replies Say something,1,incident_breakdown,synthetic_mock
